"[[1. 0. 0. 0. 0. 0. 0. 0. 0. 0. 0. 0. 0. 0. 0. 0. 0. 0. 0. 0. 0. 0. 0. 0.
  0. 0. 0. 0. 0. 0. 0. 0. 0. 0. 0. 0. 0. 0. 0. 0. 0. 0. 0. 0. 0. 0. 0. 0.
  0. 0. 0. 0. 0. 0. 0. 0. 0. 0. 0. 0. 0. 0. 0. 0. 0. 0. 0. 0. 0. 0. 0. 0.
  0. 0. 0. 0. 0. 0. 0. 0. 0. 0. 0. 0. 0. 0. 0. 0. 0. 0. 0. 0. 0. 0. 0. 0.
  0. 0. 0. 0. 0. 0. 0. 0. 0. 0. 0. 0. 0. 0. 0. 0. 0. 0. 0. 0. 0. 0. 0. 0.
  0. 0. 0. 0. 0. 0. 0. 0. 0. 0. 0. 0. 0. 0. 0. 0. 0. 0. 0. 0. 0. 0. 0. 0.
  0. 0. 0. 0. 0. 0. 0. 0. 0. 0. 0. 0. 0. 0. 0. 0. 0. 0. 0. 0. 0. 0. 0. 0.
  0. 0. 0. 0. 0. 0. 0. 0. 0. 0. 0. 0. 0. 0. 0. 0. 0. 0. 0. 0. 0. 0. 0. 0.
  0. 0. 0. 0. 0. 0. 0. 0. 0. 0. 0. 0. 0. 0. 0. 0. 0. 0. 0. 0. 0. 0. 0. 0.
  0. 0. 0. 0. 0. 0. 0. 0. 0. 0. 0. 0. 0. 0. 0. 0. 0. 0. 0. 0. 0. 0. 0. 0.
  0. 0. 0. 0. 0. 0. 0. 0. 0. 0. 0. 0. 0. 0. 0. 0. 0. 0. 0. 0. 0. 0. 0. 0.
  0. 0. 0. 0. 0. 0. 0. 0. 0. 0. 0. 0. 0. 0. 0. 0. 0. 0. 0. 0. 0. 0. 0. 0.
  0. 0. 0. 0. 0. 0. 0. 0. 0. 0. 0. 0. 0. 0. 0. 0. 0. 0. 0. 0. 0. 0. 0. 0.
  0. 0. 0. 0. 0. 0. 0. 0. 0. 0. 0. 0. 0. 0. 0. 0. 0. 0. 0. 0. 0. 0. 0. 0.
  0. 0. 0. 0. 0. 0. 0. 0. 0. 0. 0. 0. 0. 0. 0. 0. 0. 0. 0. 0. 0. 0. 0. 0.
  0. 0. 0. 0. 0. 0. 0. 0. 0. 0. 0. 0. 0. 0. 0. 0. 0. 0. 0. 0. 0. 0. 0. 0.
  0. 0. 0. 0. 0. 0. 0. 0. 0. 0. 0. 0. 0. 0. 0. 0. 0. 0. 0. 0. 0. 0. 0. 0.
  0. 0. 0. 0. 0. 0. 0. 0. 0. 0. 0. 0. 0. 0. 0. 0. 0. 0. 0. 0. 0. 0. 0. 0.
  0. 0. 0. 0. 0. 0. 0. 0. 0. 0. 0. 0. 0. 0. 0. 0. 0. 0. 0. 0. 0. 0. 0. 0.
  0. 0. 0. 0. 0. 0. 0. 0. 0. 0. 0. 0. 0.]]"
"[[0. 1. 0. 0. 0. 0. 0. 0. 0. 0. 0. 0. 0. 0. 0. 0. 0. 0. 0. 0. 0. 0. 0. 0.
  0. 0. 0. 0. 0. 0. 0. 0. 0. 0. 0. 0. 0. 0. 0. 0. 0. 0. 0. 0. 0. 0. 0. 0.
  0. 0. 0. 0. 0. 0. 0. 0. 0. 0. 0. 0. 0. 0. 0. 0. 0. 0. 0. 0. 0. 0. 0. 0.
  0. 0. 0. 0. 0. 0. 0. 0. 0. 0. 0. 0. 0. 0. 0. 0. 0. 0. 0. 0. 0. 0. 0. 0.
  0. 0. 0. 0. 0. 0. 0. 0. 0. 0. 0. 0. 0. 0. 0. 0. 0. 0. 0. 0. 0. 0. 0. 0.
  0. 0. 0. 0. 0. 0. 0. 0. 0. 0. 0. 0. 0. 0. 0. 0. 0. 0. 0. 0. 0. 0. 0. 0.
  0. 0. 0. 0. 0. 0. 0. 0. 0. 0. 0. 0. 0. 0. 0. 0. 0. 0. 0. 0. 0. 0. 0. 0.
  0. 0. 0. 0. 0. 0. 0. 0. 0. 0. 0. 0. 0. 0. 0. 0. 0. 0. 0. 0. 0. 0. 0. 0.
  0. 0. 0. 0. 0. 0. 0. 0. 0. 0. 0. 0. 0. 0. 0. 0. 0. 0. 0. 0. 0. 0. 0. 0.
  0. 0. 0. 0. 0. 0. 0. 0. 0. 0. 0. 0. 0. 0. 0. 0. 0. 0. 0. 0. 0. 0. 0. 0.
  0. 0. 0. 0. 0. 0. 0. 0. 0. 0. 0. 0. 0. 0. 0. 0. 0. 0. 0. 0. 0. 0. 0. 0.
  0. 0. 0. 0. 0. 0. 0. 0. 0. 0. 0. 0. 0. 0. 0. 0. 0. 0. 0. 0. 0. 0. 0. 0.
  0. 0. 0. 0. 0. 0. 0. 0. 0. 0. 0. 0. 0. 0. 0. 0. 0. 0. 0. 0. 0. 0. 0. 0.
  0. 0. 0. 0. 0. 0. 0. 0. 0. 0. 0. 0. 0. 0. 0. 0. 0. 0. 0. 0. 0. 0. 0. 0.
  0. 0. 0. 0. 0. 0. 0. 0. 0. 0. 0. 0. 0. 0. 0. 0. 0. 0. 0. 0. 0. 0. 0. 0.
  0. 0. 0. 0. 0. 0. 0. 0. 0. 0. 0. 0. 0. 0. 0. 0. 0. 0. 0. 0. 0. 0. 0. 0.
  0. 0. 0. 0. 0. 0. 0. 0. 0. 0. 0. 0. 0. 0. 0. 0. 0. 0. 0. 0. 0. 0. 0. 0.
  0. 0. 0. 0. 0. 0. 0. 0. 0. 0. 0. 0. 0. 0. 0. 0. 0. 0. 0. 0. 0. 0. 0. 0.
  0. 0. 0. 0. 0. 0. 0. 0. 0. 0. 0. 0. 0. 0. 0. 0. 0. 0. 0. 0. 0. 0. 0. 0.
  0. 0. 0. 0. 0. 0. 0. 0. 0. 0. 0. 0. 0.]]"
"[[0. 0. 1. 0. 0. 0. 0. 0. 0. 0. 0. 0. 0. 0. 0. 0. 0. 0. 0. 0. 0. 0. 0. 0.
  0. 0. 0. 0. 0. 0. 0. 0. 0. 0. 0. 0. 0. 0. 0. 0. 0. 0. 0. 0. 0. 0. 0. 0.
  0. 0. 0. 0. 0. 0. 0. 0. 0. 0. 0. 0. 0. 0. 0. 0. 0. 0. 0. 0. 0. 0. 0. 0.
  0. 0. 0. 0. 0. 0. 0. 0. 0. 0. 0. 0. 0. 0. 0. 0. 0. 0. 0. 0. 0. 0. 0. 0.
  0. 0. 0. 0. 0. 0. 0. 0. 0. 0. 0. 0. 0. 0. 0. 0. 0. 0. 0. 0. 0. 0. 0. 0.
  0. 0. 0. 0. 0. 0. 0. 0. 0. 0. 0. 0. 0. 0. 0. 0. 0. 0. 0. 0. 0. 0. 0. 0.
  0. 0. 0. 0. 0. 0. 0. 0. 0. 0. 0. 0. 0. 0. 0. 0. 0. 0. 0. 0. 0. 0. 0. 0.
  0. 0. 0. 0. 0. 0. 0. 0. 0. 0. 0. 0. 0. 0. 0. 0. 0. 0. 0. 0. 0. 0. 0. 0.
  0. 0. 0. 0. 0. 0. 0. 0. 0. 0. 0. 0. 0. 0. 0. 0. 0. 0. 0. 0. 0. 0. 0. 0.
  0. 0. 0. 0. 0. 0. 0. 0. 0. 0. 0. 0. 0. 0. 0. 0. 0. 0. 0. 0. 0. 0. 0. 0.
  0. 0. 0. 0. 0. 0. 0. 0. 0. 0. 0. 0. 0. 0. 0. 0. 0. 0. 0. 0. 0. 0. 0. 0.
  0. 0. 0. 0. 0. 0. 0. 0. 0. 0. 0. 0. 0. 0. 0. 0. 0. 0. 0. 0. 0. 0. 0. 0.
  0. 0. 0. 0. 0. 0. 0. 0. 0. 0. 0. 0. 0. 0. 0. 0. 0. 0. 0. 0. 0. 0. 0. 0.
  0. 0. 0. 0. 0. 0. 0. 0. 0. 0. 0. 0. 0. 0. 0. 0. 0. 0. 0. 0. 0. 0. 0. 0.
  0. 0. 0. 0. 0. 0. 0. 0. 0. 0. 0. 0. 0. 0. 0. 0. 0. 0. 0. 0. 0. 0. 0. 0.
  0. 0. 0. 0. 0. 0. 0. 0. 0. 0. 0. 0. 0. 0. 0. 0. 0. 0. 0. 0. 0. 0. 0. 0.
  0. 0. 0. 0. 0. 0. 0. 0. 0. 0. 0. 0. 0. 0. 0. 0. 0. 0. 0. 0. 0. 0. 0. 0.
  0. 0. 0. 0. 0. 0. 0. 0. 0. 0. 0. 0. 0. 0. 0. 0. 0. 0. 0. 0. 0. 0. 0. 0.
  0. 0. 0. 0. 0. 0. 0. 0. 0. 0. 0. 0. 0. 0. 0. 0. 0. 0. 0. 0. 0. 0. 0. 0.
  0. 0. 0. 0. 0. 0. 0. 0. 0. 0. 0. 0. 0.]]"
"[[0. 0. 0. 1. 0. 0. 0. 0. 0. 0. 0. 0. 0. 0. 0. 0. 0. 0. 0. 0. 0. 0. 0. 0.
  0. 0. 0. 0. 0. 0. 0. 0. 0. 0. 0. 0. 0. 0. 0. 0. 0. 0. 0. 0. 0. 0. 0. 0.
  0. 0. 0. 0. 0. 0. 0. 0. 0. 0. 0. 0. 0. 0. 0. 0. 0. 0. 0. 0. 0. 0. 0. 0.
  0. 0. 0. 0. 0. 0. 0. 0. 0. 0. 0. 0. 0. 0. 0. 0. 0. 0. 0. 0. 0. 0. 0. 0.
  0. 0. 0. 0. 0. 0. 0. 0. 0. 0. 0. 0. 0. 0. 0. 0. 0. 0. 0. 0. 0. 0. 0. 0.
  0. 0. 0. 0. 0. 0. 0. 0. 0. 0. 0. 0. 0. 0. 0. 0. 0. 0. 0. 0. 0. 0. 0. 0.
  0. 0. 0. 0. 0. 0. 0. 0. 0. 0. 0. 0. 0. 0. 0. 0. 0. 0. 0. 0. 0. 0. 0. 0.
  0. 0. 0. 0. 0. 0. 0. 0. 0. 0. 0. 0. 0. 0. 0. 0. 0. 0. 0. 0. 0. 0. 0. 0.
  0. 0. 0. 0. 0. 0. 0. 0. 0. 0. 0. 0. 0. 0. 0. 0. 0. 0. 0. 0. 0. 0. 0. 0.
  0. 0. 0. 0. 0. 0. 0. 0. 0. 0. 0. 0. 0. 0. 0. 0. 0. 0. 0. 0. 0. 0. 0. 0.
  0. 0. 0. 0. 0. 0. 0. 0. 0. 0. 0. 0. 0. 0. 0. 0. 0. 0. 0. 0. 0. 0. 0. 0.
  0. 0. 0. 0. 0. 0. 0. 0. 0. 0. 0. 0. 0. 0. 0. 0. 0. 0. 0. 0. 0. 0. 0. 0.
  0. 0. 0. 0. 0. 0. 0. 0. 0. 0. 0. 0. 0. 0. 0. 0. 0. 0. 0. 0. 0. 0. 0. 0.
  0. 0. 0. 0. 0. 0. 0. 0. 0. 0. 0. 0. 0. 0. 0. 0. 0. 0. 0. 0. 0. 0. 0. 0.
  0. 0. 0. 0. 0. 0. 0. 0. 0. 0. 0. 0. 0. 0. 0. 0. 0. 0. 0. 0. 0. 0. 0. 0.
  0. 0. 0. 0. 0. 0. 0. 0. 0. 0. 0. 0. 0. 0. 0. 0. 0. 0. 0. 0. 0. 0. 0. 0.
  0. 0. 0. 0. 0. 0. 0. 0. 0. 0. 0. 0. 0. 0. 0. 0. 0. 0. 0. 0. 0. 0. 0. 0.
  0. 0. 0. 0. 0. 0. 0. 0. 0. 0. 0. 0. 0. 0. 0. 0. 0. 0. 0. 0. 0. 0. 0. 0.
  0. 0. 0. 0. 0. 0. 0. 0. 0. 0. 0. 0. 0. 0. 0. 0. 0. 0. 0. 0. 0. 0. 0. 0.
  0. 0. 0. 0. 0. 0. 0. 0. 0. 0. 0. 0. 0.]]"
"[[0.         0.         0.         0.         1.         0.
  0.         0.         0.         0.         0.         0.
  0.         0.         0.         0.         0.         0.
  0.         0.         0.         0.         0.         0.
  0.         0.         0.         0.         0.         0.
  0.         0.         0.         0.         0.         0.
  0.         0.         0.         0.         0.         0.
  0.         0.         0.         0.         0.         0.
  0.         0.         0.         0.         0.         0.
  0.         0.         0.         0.         0.         0.
  0.         0.         0.         0.         0.         0.
  0.         0.         0.         0.         0.         0.
  0.         0.         0.         0.         0.         0.
  0.         0.         0.         0.         0.         0.
  0.         0.         0.         0.         0.         0.
  0.         0.         0.         0.         0.         0.
  0.         0.         0.         0.         0.         0.
  0.         0.         0.         0.         0.         0.
  0.         0.         0.         0.         0.         0.
  0.         0.         0.         0.         0.         0.
  0.         0.         0.         0.         0.         0.
  0.         0.         0.         0.         0.         0.
  0.         0.         0.         0.         0.         0.
  0.         0.         0.         0.         0.         0.
  0.         0.         0.         0.         0.         0.
  0.         0.         0.         0.         0.         0.
  0.         0.         0.         0.         0.         0.
  0.         0.         0.         0.         0.         0.
  0.         0.         0.         0.         0.         0.
  0.         0.         0.         0.         0.         0.
  0.         0.         0.         0.         0.         0.
  0.         0.         0.         0.         0.         0.
  0.         0.         0.         0.         0.         0.
  0.         0.         0.         0.         0.         0.
  0.         0.         0.         0.         0.         0.
  0.         0.         0.         0.         0.         0.
  0.         0.26666667 0.         0.         0.         0.4
  0.         0.         0.         0.         0.         0.
  0.         0.         0.         0.         0.         0.26666667
  0.         0.         0.         0.         0.         0.
  0.         0.         0.         0.         0.         0.
  0.         0.         0.         0.         0.         0.
  0.         0.         0.         0.         0.         0.
  0.         0.         0.         0.         0.         0.
  0.         0.         0.         0.         0.         0.
  0.         0.         0.         0.         0.         0.
  0.         0.         0.         0.         0.         0.
  0.         0.         0.         0.         0.         0.
  0.         0.         0.         0.         0.         0.
  0.26666667 0.         0.         0.         0.         0.
  0.         0.         0.         0.         0.         0.
  0.         0.         0.         0.         0.         0.
  0.         0.         0.         0.         0.         0.
  0.         0.         0.         0.         0.         0.
  0.         0.         0.         0.         0.         0.
  0.         0.         0.         0.         0.26666667 0.
  0.         0.         0.         0.         0.         0.
  0.         0.         0.         0.         0.         0.
  0.         0.         0.         0.         0.         0.
  0.         0.         0.         0.         0.         0.
  0.         0.         0.         0.         0.         0.
  0.         0.         0.         0.         0.         0.
  0.         0.         0.         0.         0.         0.
  0.         0.         0.         0.         0.         0.
  0.         0.         0.         0.         0.         0.
  0.         0.         0.         0.         0.         0.
  0.         0.         0.         0.         0.         0.
  0.         0.         0.         0.         0.         0.
  0.         0.         0.         0.         0.         0.
  0.         0.         0.         0.         0.         0.
  0.         0.         0.         0.         0.         0.
  0.         0.         0.         0.         0.         0.
  0.         0.         0.         0.         0.         0.
  0.         0.         0.         0.         0.         0.
  0.         0.         0.         0.         0.         0.
  0.         0.         0.         0.         0.         0.
  0.         0.         0.         0.         0.         0.
  0.         0.         0.         0.         0.         0.
  0.        ]]"
"[[0.         0.         0.         0.         0.         1.
  0.         0.         0.         0.         0.8        0.
  0.         0.8        0.         0.         0.         0.
  0.         0.         0.         0.         0.         0.
  0.         0.         0.         0.         0.         0.
  0.         0.         0.         0.         0.         0.
  0.         0.         0.         0.         0.         0.
  0.         0.         0.11428571 0.         0.         0.
  0.         0.         0.         0.         0.         0.
  0.         0.         0.         0.         0.         0.
  0.         0.         0.         0.         0.         0.
  0.         0.         0.         0.         0.         0.
  0.         0.         0.         0.         0.         0.
  0.         0.         0.         0.         0.         0.
  0.         0.         0.         0.         0.         0.
  0.         0.         0.         0.         0.         0.
  0.         0.         0.         0.         0.         0.
  0.         0.         0.         0.         0.         0.
  0.         0.         0.         0.         0.         0.
  0.         0.         0.         0.         0.         0.
  0.         0.         0.         0.         0.         0.
  0.         0.         0.         0.         0.         0.
  0.         0.         0.         0.         0.         0.
  0.         0.         0.         0.         0.         0.
  0.         0.         0.         0.         0.         0.
  0.         0.         0.         0.         0.         0.
  0.         0.         0.         0.         0.         0.
  0.         0.         0.         0.         0.         0.
  0.         0.         0.         0.         0.         0.
  0.         0.         0.         0.         0.         0.
  0.         0.         0.         0.         0.         0.11428571
  0.         0.         0.         0.13333333 0.         0.
  0.         0.         0.         0.         0.         0.
  0.         0.         0.         0.         0.         0.
  0.         0.         0.         0.         0.         0.
  0.         0.         0.         0.         0.         0.
  0.         0.         0.         0.         0.         0.
  0.         0.         0.         0.         0.         0.
  0.         0.         0.         0.         0.         0.
  0.         0.         0.         0.         0.         0.
  0.         0.         0.2        0.         0.         0.
  0.         0.         0.         0.         0.         0.
  0.         0.         0.         0.         0.         0.
  0.         0.         0.         0.         0.         0.
  0.         0.         0.         0.         0.         0.
  0.         0.         0.         0.         0.         0.
  0.         0.         0.         0.         0.         0.
  0.         0.         0.         0.         0.         0.
  0.         0.         0.         0.         0.         0.
  0.         0.         0.         0.         0.         0.
  0.         0.         0.         0.         0.4        0.
  0.         0.         0.         0.         0.         0.
  0.         0.         0.         0.         0.         0.
  0.         0.         0.         0.         0.         0.
  0.         0.         0.         0.         0.         0.
  0.         0.         0.         0.         0.         0.
  0.         0.         0.         0.         0.         0.
  0.         0.         0.         0.         0.         0.
  0.         0.         0.         0.         0.         0.
  0.         0.         0.         0.         0.         0.
  0.         0.         0.         0.         0.         0.
  0.         0.         0.         0.         0.         0.
  0.         0.         0.         0.         0.         0.
  0.         0.         0.         0.         0.         0.
  0.         0.         0.         0.         0.         0.
  0.         0.         0.         0.         0.         0.
  0.         0.         0.         0.         0.         0.
  0.         0.         0.         0.         0.         0.
  0.         0.         0.         0.         0.         0.
  0.         0.         0.         0.         0.         0.
  0.         0.         0.         0.         0.         0.
  0.         0.         0.         0.         0.         0.
  0.         0.         0.1        0.         0.         0.
  0.         0.         0.         0.         0.1        0.
  0.         0.         0.         0.         0.         0.
  0.         0.         0.         0.         0.         0.
  0.         0.         0.         0.         0.         0.
  0.         0.         0.         0.         0.         0.
  0.        ]]"
"[[0.         0.         0.         0.         0.         0.
  1.         0.         0.         0.8        0.         0.
  0.         0.         0.         0.         0.         0.
  0.         0.         0.         0.         0.         0.
  0.         0.         0.         0.         0.         0.
  0.         0.         0.         0.         0.         0.
  0.         0.         0.         0.         0.         0.
  0.         0.         0.         0.         0.         0.
  0.         0.         0.         0.         0.         0.
  0.         0.         0.         0.         0.         0.
  0.         0.         0.         0.         0.         0.
  0.         0.         0.         0.         0.         0.
  0.         0.         0.         0.         0.         0.
  0.         0.         0.         0.         0.         0.
  0.         0.         0.         0.         0.         0.
  0.         0.         0.         0.         0.         0.
  0.         0.         0.         0.         0.         0.
  0.         0.         0.         0.         0.         0.
  0.         0.         0.         0.         0.         0.
  0.         0.         0.         0.         0.         0.
  0.         0.         0.         0.         0.         0.
  0.         0.         0.         0.         0.         0.
  0.         0.         0.         0.         0.         0.
  0.         0.         0.         0.         0.         0.
  0.         0.         0.         0.         0.         0.
  0.         0.         0.         0.         0.         0.
  0.         0.         0.         0.         0.         0.
  0.         0.         0.         0.         0.4        0.
  0.         0.         0.         0.         0.         0.
  0.         0.         0.         0.         0.         0.
  0.         0.         0.         0.         0.         0.
  0.         0.         0.         0.         0.         0.
  0.         0.         0.         0.         0.         0.
  0.         0.         0.         0.         0.         0.
  0.         0.         0.         0.         0.         0.
  0.         0.         0.         0.         0.         0.
  0.         0.         0.         0.         0.         0.
  0.         0.         0.         0.4        0.         0.
  0.         0.         0.         0.         0.         0.
  0.         0.         0.         0.         0.         0.
  0.         0.         0.         0.         0.         0.
  0.         0.         0.         0.         0.         0.26666667
  0.         0.         0.         0.         0.         0.
  0.         0.         0.         0.         0.26666667 0.
  0.         0.         0.         0.         0.         0.
  0.         0.         0.         0.         0.         0.
  0.         0.         0.         0.         0.         0.
  0.         0.         0.         0.         0.         0.
  0.         0.         0.         0.         0.         0.
  0.         0.         0.         0.         0.         0.
  0.         0.         0.         0.         0.         0.16
  0.         0.         0.         0.         0.         0.
  0.         0.         0.         0.         0.         0.
  0.         0.         0.         0.         0.         0.
  0.         0.         0.         0.         0.         0.
  0.         0.         0.         0.         0.         0.
  0.         0.         0.         0.         0.         0.
  0.         0.         0.         0.         0.         0.
  0.         0.         0.         0.         0.         0.
  0.         0.         0.         0.         0.         0.
  0.         0.         0.         0.         0.         0.
  0.         0.         0.         0.         0.         0.
  0.         0.         0.         0.         0.         0.
  0.         0.         0.         0.         0.         0.
  0.         0.         0.         0.         0.         0.
  0.         0.         0.         0.         0.         0.
  0.         0.         0.         0.         0.         0.
  0.         0.         0.         0.         0.         0.
  0.         0.         0.         0.         0.         0.
  0.         0.         0.         0.         0.         0.
  0.         0.         0.         0.         0.         0.
  0.         0.         0.         0.         0.         0.
  0.         0.         0.         0.         0.         0.
  0.         0.         0.         0.         0.         0.
  0.         0.         0.         0.         0.         0.
  0.         0.         0.         0.         0.         0.
  0.         0.         0.         0.         0.         0.
  0.         0.         0.         0.         0.         0.
  0.        ]]"
"[[0.  0.  0.  0.  0.  0.  0.  1.  0.8 0.  0.  0.8 0.8 0.  0.  0.  0.  0.
  0.  0.  0.  0.  0.  0.  0.  0.  0.  0.  0.  0.  0.  0.  0.  0.  0.  0.
  0.  0.  0.  0.  0.  0.  0.  0.  0.  0.  0.  0.  0.  0.  0.  0.  0.  0.
  0.  0.  0.  0.  0.  0.  0.  0.  0.  0.  0.  0.  0.  0.  0.  0.  0.  0.
  0.  0.  0.  0.  0.  0.  0.  0.  0.  0.  0.  0.  0.  0.  0.  0.  0.  0.
  0.  0.  0.  0.  0.  0.  0.  0.  0.  0.  0.  0.  0.  0.  0.  0.  0.  0.
  0.  0.  0.  0.  0.  0.  0.  0.  0.  0.  0.  0.  0.  0.  0.  0.  0.  0.
  0.  0.  0.  0.  0.  0.  0.  0.  0.  0.  0.  0.  0.  0.  0.  0.  0.  0.
  0.  0.  0.  0.  0.  0.  0.  0.  0.  0.  0.  0.  0.  0.  0.  0.  0.  0.
  0.  0.  0.  0.  0.  0.  0.  0.  0.  0.  0.  0.  0.  0.  0.  0.  0.  0.
  0.  0.  0.  0.  0.  0.  0.  0.  0.  0.  0.  0.  0.  0.  0.  0.  0.  0.
  0.  0.  0.  0.  0.  0.  0.  0.  0.  0.  0.  0.  0.  0.  0.  0.  0.  0.
  0.  0.  0.  0.  0.  0.  0.  0.  0.  0.  0.  0.  0.  0.  0.  0.  0.  0.
  0.  0.  0.  0.  0.  0.  0.  0.  0.  0.  0.  0.  0.  0.  0.  0.  0.  0.
  0.  0.  0.  0.  0.  0.  0.  0.  0.  0.  0.  0.  0.  0.  0.  0.  0.  0.
  0.  0.  0.  0.  0.  0.  0.  0.  0.  0.  0.  0.  0.  0.  0.  0.  0.  0.
  0.  0.  0.  0.  0.  0.  0.  0.  0.  0.  0.  0.  0.  0.  0.  0.  0.  0.
  0.  0.  0.  0.  0.  0.  0.  0.  0.  0.  0.  0.  0.  0.  0.  0.  0.  0.
  0.  0.  0.  0.  0.  0.  0.  0.  0.  0.  0.  0.  0.  0.  0.  0.  0.  0.
  0.  0.  0.  0.  0.  0.  0.  0.  0.  0.  0.  0.  0.  0.  0.  0.  0.  0.
  0.  0.  0.  0.  0.  0.  0.  0.  0.  0.  0.  0.  0.  0.  0.  0.  0.  0.
  0.  0.  0.  0.  0.  0.  0.  0.  0.  0.  0.  0.  0.  0.  0.  0.  0.  0.
  0.  0.  0.  0.  0.  0.  0.  0.  0.  0.  0.  0.  0.  0.  0.  0.  0.  0.
  0.  0.  0.  0.  0.  0.  0.  0.  0.  0.  0.  0.  0.  0.  0.  0.  0.  0.
  0.  0.  0.  0.  0.  0.  0.  0.  0.  0.  0.  0.  0.  0.  0.  0.  0.  0.
  0.  0.  0.  0.  0.  0.  0.  0.  0.  0.  0.  0.  0.  0.  0.  0.  0.  0.
  0. ]]"
"[[0.  0.  0.  0.  0.  0.  0.  0.8 1.  0.  0.  0.8 0.8 0.  0.  0.  0.  0.
  0.  0.  0.  0.  0.  0.  0.  0.  0.  0.  0.  0.  0.  0.  0.  0.  0.  0.
  0.  0.  0.  0.  0.  0.  0.  0.  0.  0.  0.  0.  0.  0.  0.  0.  0.  0.
  0.  0.  0.  0.  0.  0.  0.  0.  0.  0.  0.  0.  0.  0.  0.  0.  0.  0.
  0.  0.  0.  0.  0.  0.  0.  0.  0.  0.  0.  0.  0.  0.  0.  0.  0.  0.
  0.  0.  0.  0.  0.  0.  0.  0.  0.  0.  0.  0.  0.  0.  0.  0.  0.  0.
  0.  0.  0.  0.  0.  0.  0.  0.  0.  0.  0.  0.  0.  0.  0.  0.  0.  0.
  0.  0.  0.  0.  0.  0.  0.  0.  0.  0.  0.  0.  0.  0.  0.  0.  0.  0.
  0.  0.  0.  0.  0.  0.  0.  0.  0.  0.  0.  0.  0.  0.  0.  0.  0.  0.
  0.  0.  0.  0.  0.  0.  0.  0.  0.  0.  0.  0.  0.  0.  0.  0.  0.  0.
  0.  0.  0.  0.  0.  0.  0.  0.  0.  0.  0.  0.  0.  0.  0.  0.  0.  0.
  0.  0.  0.  0.  0.  0.  0.  0.  0.  0.  0.  0.  0.  0.  0.  0.  0.  0.
  0.  0.  0.  0.  0.  0.  0.  0.  0.  0.  0.  0.  0.  0.  0.  0.  0.  0.
  0.  0.  0.  0.  0.  0.  0.  0.  0.  0.  0.  0.  0.  0.  0.  0.  0.  0.
  0.  0.  0.  0.  0.  0.  0.  0.  0.  0.  0.  0.  0.  0.  0.  0.  0.  0.
  0.  0.  0.  0.  0.  0.  0.  0.  0.  0.  0.  0.  0.  0.  0.  0.  0.  0.
  0.  0.  0.  0.  0.  0.  0.  0.  0.  0.  0.  0.  0.  0.  0.  0.  0.  0.
  0.  0.  0.  0.  0.  0.  0.  0.  0.  0.  0.  0.  0.  0.  0.  0.  0.  0.
  0.  0.  0.  0.  0.  0.  0.  0.  0.  0.  0.  0.  0.  0.  0.  0.  0.  0.
  0.  0.  0.  0.  0.  0.  0.  0.  0.  0.  0.  0.  0.  0.  0.  0.  0.  0.
  0.  0.  0.  0.  0.  0.  0.  0.  0.  0.  0.  0.  0.  0.  0.  0.  0.  0.
  0.  0.  0.  0.  0.  0.  0.  0.  0.  0.  0.  0.  0.  0.  0.  0.  0.  0.
  0.  0.  0.  0.  0.  0.  0.  0.  0.  0.  0.  0.  0.  0.  0.  0.  0.  0.
  0.  0.  0.  0.  0.  0.  0.  0.  0.  0.  0.  0.  0.  0.  0.  0.  0.  0.
  0.  0.  0.  0.  0.  0.  0.  0.  0.  0.  0.  0.  0.  0.  0.  0.  0.  0.
  0.  0.  0.  0.  0.  0.  0.  0.  0.  0.  0.  0.  0.  0.  0.  0.  0.  0.
  0. ]]"
"[[0.         0.         0.         0.         0.         0.
  0.8        0.         0.         1.         0.         0.
  0.         0.         0.         0.         0.         0.
  0.         0.         0.         0.         0.         0.
  0.         0.         0.         0.         0.         0.
  0.         0.         0.         0.         0.         0.
  0.         0.         0.         0.         0.         0.
  0.         0.         0.         0.         0.         0.
  0.         0.         0.         0.         0.         0.
  0.         0.         0.         0.         0.         0.
  0.         0.         0.         0.         0.         0.
  0.         0.         0.         0.         0.         0.
  0.         0.         0.         0.         0.         0.
  0.         0.         0.         0.         0.         0.
  0.         0.         0.         0.         0.         0.
  0.         0.         0.         0.         0.         0.
  0.         0.         0.         0.         0.         0.
  0.         0.         0.         0.         0.         0.
  0.         0.         0.         0.         0.         0.
  0.         0.         0.         0.         0.         0.
  0.         0.         0.         0.         0.         0.
  0.         0.         0.         0.         0.         0.
  0.         0.         0.         0.         0.         0.
  0.         0.         0.         0.         0.         0.
  0.         0.         0.         0.         0.         0.
  0.         0.         0.         0.         0.         0.
  0.         0.         0.         0.         0.         0.
  0.         0.         0.         0.         0.4        0.
  0.         0.         0.         0.         0.         0.
  0.         0.         0.         0.         0.         0.
  0.         0.         0.         0.         0.         0.
  0.         0.         0.         0.         0.         0.
  0.         0.         0.         0.         0.         0.
  0.         0.         0.         0.         0.         0.
  0.         0.         0.         0.         0.         0.
  0.         0.         0.         0.         0.         0.
  0.         0.         0.         0.         0.         0.
  0.         0.         0.         0.4        0.         0.
  0.         0.         0.         0.         0.         0.
  0.         0.         0.         0.         0.         0.
  0.         0.         0.         0.         0.         0.
  0.         0.         0.         0.         0.         0.26666667
  0.         0.         0.         0.         0.         0.
  0.         0.         0.         0.         0.26666667 0.
  0.         0.         0.         0.         0.         0.
  0.         0.         0.         0.         0.         0.
  0.         0.         0.         0.         0.         0.
  0.         0.         0.         0.         0.         0.
  0.         0.         0.         0.         0.         0.
  0.         0.         0.         0.         0.         0.
  0.         0.         0.         0.         0.         0.16
  0.         0.         0.         0.         0.         0.
  0.         0.         0.         0.         0.         0.
  0.         0.         0.         0.         0.         0.
  0.         0.         0.         0.         0.         0.
  0.         0.         0.         0.         0.         0.
  0.         0.         0.         0.         0.         0.
  0.         0.         0.         0.         0.         0.
  0.         0.         0.         0.         0.         0.
  0.         0.         0.         0.         0.         0.
  0.         0.         0.         0.         0.         0.
  0.         0.         0.         0.         0.         0.
  0.         0.         0.         0.         0.         0.
  0.         0.         0.         0.         0.         0.
  0.         0.         0.         0.         0.         0.
  0.         0.         0.         0.         0.         0.
  0.         0.         0.         0.         0.         0.
  0.         0.         0.         0.         0.         0.
  0.         0.         0.         0.         0.         0.
  0.         0.         0.         0.         0.         0.
  0.         0.         0.         0.         0.         0.
  0.         0.         0.         0.         0.         0.
  0.         0.         0.         0.         0.         0.
  0.         0.         0.         0.         0.         0.
  0.         0.         0.         0.         0.         0.
  0.         0.         0.         0.         0.         0.
  0.         0.         0.         0.         0.         0.
  0.         0.         0.         0.         0.         0.
  0.        ]]"
"[[0.         0.         0.         0.         0.         0.8
  0.         0.         0.         0.         1.         0.
  0.         0.8        0.         0.         0.         0.
  0.         0.         0.         0.         0.         0.
  0.         0.         0.         0.         0.         0.
  0.         0.         0.         0.         0.         0.
  0.         0.         0.         0.         0.         0.
  0.         0.         0.11428571 0.         0.         0.
  0.         0.         0.         0.         0.         0.
  0.         0.         0.         0.         0.         0.
  0.         0.         0.         0.         0.         0.
  0.         0.         0.         0.         0.         0.
  0.         0.         0.         0.         0.         0.
  0.         0.         0.         0.         0.         0.
  0.         0.         0.         0.         0.         0.
  0.         0.         0.         0.         0.         0.
  0.         0.         0.         0.         0.         0.
  0.         0.         0.         0.         0.         0.
  0.         0.         0.         0.         0.         0.
  0.         0.         0.         0.         0.         0.
  0.         0.         0.         0.         0.         0.
  0.         0.         0.         0.         0.         0.
  0.         0.         0.         0.         0.         0.
  0.         0.         0.         0.         0.         0.
  0.         0.         0.         0.         0.         0.
  0.         0.         0.         0.         0.         0.
  0.         0.         0.         0.         0.         0.
  0.         0.         0.         0.         0.         0.
  0.         0.         0.         0.         0.         0.
  0.         0.         0.         0.         0.         0.
  0.         0.         0.         0.         0.         0.11428571
  0.         0.         0.         0.13333333 0.         0.
  0.         0.         0.         0.         0.         0.
  0.         0.         0.         0.         0.         0.
  0.         0.         0.         0.         0.         0.
  0.         0.         0.         0.         0.         0.
  0.         0.         0.         0.         0.         0.
  0.         0.         0.         0.         0.         0.
  0.         0.         0.         0.         0.         0.
  0.         0.         0.         0.         0.         0.
  0.         0.         0.2        0.         0.         0.
  0.         0.         0.         0.         0.         0.
  0.         0.         0.         0.         0.         0.
  0.         0.         0.         0.         0.         0.
  0.         0.         0.         0.         0.         0.
  0.         0.         0.         0.         0.         0.
  0.         0.         0.         0.         0.         0.
  0.         0.         0.         0.         0.         0.
  0.         0.         0.         0.         0.         0.
  0.         0.         0.         0.         0.         0.
  0.         0.         0.         0.         0.4        0.
  0.         0.         0.         0.         0.         0.
  0.         0.         0.         0.         0.         0.
  0.         0.         0.         0.         0.         0.
  0.         0.         0.         0.         0.         0.
  0.         0.         0.         0.         0.         0.
  0.         0.         0.         0.         0.         0.
  0.         0.         0.         0.         0.         0.
  0.         0.         0.         0.         0.         0.
  0.         0.         0.         0.         0.         0.
  0.         0.         0.         0.         0.         0.
  0.         0.         0.         0.         0.         0.
  0.         0.         0.         0.         0.         0.
  0.         0.         0.         0.         0.         0.
  0.         0.         0.         0.         0.         0.
  0.         0.         0.         0.         0.         0.
  0.         0.         0.         0.         0.         0.
  0.         0.         0.         0.         0.         0.
  0.         0.         0.         0.         0.         0.
  0.         0.         0.         0.         0.         0.
  0.         0.         0.         0.         0.         0.
  0.         0.         0.         0.         0.         0.
  0.         0.         0.1        0.         0.         0.
  0.         0.         0.         0.         0.1        0.
  0.         0.         0.         0.         0.         0.
  0.         0.         0.         0.         0.         0.
  0.         0.         0.         0.         0.         0.
  0.         0.         0.         0.         0.         0.
  0.        ]]"
"[[0.  0.  0.  0.  0.  0.  0.  0.8 0.8 0.  0.  1.  0.8 0.  0.  0.  0.  0.
  0.  0.  0.  0.  0.  0.  0.  0.  0.  0.  0.  0.  0.  0.  0.  0.  0.  0.
  0.  0.  0.  0.  0.  0.  0.  0.  0.  0.  0.  0.  0.  0.  0.  0.  0.  0.
  0.  0.  0.  0.  0.  0.  0.  0.  0.  0.  0.  0.  0.  0.  0.  0.  0.  0.
  0.  0.  0.  0.  0.  0.  0.  0.  0.  0.  0.  0.  0.  0.  0.  0.  0.  0.
  0.  0.  0.  0.  0.  0.  0.  0.  0.  0.  0.  0.  0.  0.  0.  0.  0.  0.
  0.  0.  0.  0.  0.  0.  0.  0.  0.  0.  0.  0.  0.  0.  0.  0.  0.  0.
  0.  0.  0.  0.  0.  0.  0.  0.  0.  0.  0.  0.  0.  0.  0.  0.  0.  0.
  0.  0.  0.  0.  0.  0.  0.  0.  0.  0.  0.  0.  0.  0.  0.  0.  0.  0.
  0.  0.  0.  0.  0.  0.  0.  0.  0.  0.  0.  0.  0.  0.  0.  0.  0.  0.
  0.  0.  0.  0.  0.  0.  0.  0.  0.  0.  0.  0.  0.  0.  0.  0.  0.  0.
  0.  0.  0.  0.  0.  0.  0.  0.  0.  0.  0.  0.  0.  0.  0.  0.  0.  0.
  0.  0.  0.  0.  0.  0.  0.  0.  0.  0.  0.  0.  0.  0.  0.  0.  0.  0.
  0.  0.  0.  0.  0.  0.  0.  0.  0.  0.  0.  0.  0.  0.  0.  0.  0.  0.
  0.  0.  0.  0.  0.  0.  0.  0.  0.  0.  0.  0.  0.  0.  0.  0.  0.  0.
  0.  0.  0.  0.  0.  0.  0.  0.  0.  0.  0.  0.  0.  0.  0.  0.  0.  0.
  0.  0.  0.  0.  0.  0.  0.  0.  0.  0.  0.  0.  0.  0.  0.  0.  0.  0.
  0.  0.  0.  0.  0.  0.  0.  0.  0.  0.  0.  0.  0.  0.  0.  0.  0.  0.
  0.  0.  0.  0.  0.  0.  0.  0.  0.  0.  0.  0.  0.  0.  0.  0.  0.  0.
  0.  0.  0.  0.  0.  0.  0.  0.  0.  0.  0.  0.  0.  0.  0.  0.  0.  0.
  0.  0.  0.  0.  0.  0.  0.  0.  0.  0.  0.  0.  0.  0.  0.  0.  0.  0.
  0.  0.  0.  0.  0.  0.  0.  0.  0.  0.  0.  0.  0.  0.  0.  0.  0.  0.
  0.  0.  0.  0.  0.  0.  0.  0.  0.  0.  0.  0.  0.  0.  0.  0.  0.  0.
  0.  0.  0.  0.  0.  0.  0.  0.  0.  0.  0.  0.  0.  0.  0.  0.  0.  0.
  0.  0.  0.  0.  0.  0.  0.  0.  0.  0.  0.  0.  0.  0.  0.  0.  0.  0.
  0.  0.  0.  0.  0.  0.  0.  0.  0.  0.  0.  0.  0.  0.  0.  0.  0.  0.
  0. ]]"
"[[0.  0.  0.  0.  0.  0.  0.  0.8 0.8 0.  0.  0.8 1.  0.  0.  0.  0.  0.
  0.  0.  0.  0.  0.  0.  0.  0.  0.  0.  0.  0.  0.  0.  0.  0.  0.  0.
  0.  0.  0.  0.  0.  0.  0.  0.  0.  0.  0.  0.  0.  0.  0.  0.  0.  0.
  0.  0.  0.  0.  0.  0.  0.  0.  0.  0.  0.  0.  0.  0.  0.  0.  0.  0.
  0.  0.  0.  0.  0.  0.  0.  0.  0.  0.  0.  0.  0.  0.  0.  0.  0.  0.
  0.  0.  0.  0.  0.  0.  0.  0.  0.  0.  0.  0.  0.  0.  0.  0.  0.  0.
  0.  0.  0.  0.  0.  0.  0.  0.  0.  0.  0.  0.  0.  0.  0.  0.  0.  0.
  0.  0.  0.  0.  0.  0.  0.  0.  0.  0.  0.  0.  0.  0.  0.  0.  0.  0.
  0.  0.  0.  0.  0.  0.  0.  0.  0.  0.  0.  0.  0.  0.  0.  0.  0.  0.
  0.  0.  0.  0.  0.  0.  0.  0.  0.  0.  0.  0.  0.  0.  0.  0.  0.  0.
  0.  0.  0.  0.  0.  0.  0.  0.  0.  0.  0.  0.  0.  0.  0.  0.  0.  0.
  0.  0.  0.  0.  0.  0.  0.  0.  0.  0.  0.  0.  0.  0.  0.  0.  0.  0.
  0.  0.  0.  0.  0.  0.  0.  0.  0.  0.  0.  0.  0.  0.  0.  0.  0.  0.
  0.  0.  0.  0.  0.  0.  0.  0.  0.  0.  0.  0.  0.  0.  0.  0.  0.  0.
  0.  0.  0.  0.  0.  0.  0.  0.  0.  0.  0.  0.  0.  0.  0.  0.  0.  0.
  0.  0.  0.  0.  0.  0.  0.  0.  0.  0.  0.  0.  0.  0.  0.  0.  0.  0.
  0.  0.  0.  0.  0.  0.  0.  0.  0.  0.  0.  0.  0.  0.  0.  0.  0.  0.
  0.  0.  0.  0.  0.  0.  0.  0.  0.  0.  0.  0.  0.  0.  0.  0.  0.  0.
  0.  0.  0.  0.  0.  0.  0.  0.  0.  0.  0.  0.  0.  0.  0.  0.  0.  0.
  0.  0.  0.  0.  0.  0.  0.  0.  0.  0.  0.  0.  0.  0.  0.  0.  0.  0.
  0.  0.  0.  0.  0.  0.  0.  0.  0.  0.  0.  0.  0.  0.  0.  0.  0.  0.
  0.  0.  0.  0.  0.  0.  0.  0.  0.  0.  0.  0.  0.  0.  0.  0.  0.  0.
  0.  0.  0.  0.  0.  0.  0.  0.  0.  0.  0.  0.  0.  0.  0.  0.  0.  0.
  0.  0.  0.  0.  0.  0.  0.  0.  0.  0.  0.  0.  0.  0.  0.  0.  0.  0.
  0.  0.  0.  0.  0.  0.  0.  0.  0.  0.  0.  0.  0.  0.  0.  0.  0.  0.
  0.  0.  0.  0.  0.  0.  0.  0.  0.  0.  0.  0.  0.  0.  0.  0.  0.  0.
  0. ]]"
"[[0.         0.         0.         0.         0.         0.8
  0.         0.         0.         0.         0.8        0.
  0.         1.         0.         0.         0.         0.
  0.         0.         0.         0.         0.         0.
  0.         0.         0.         0.         0.         0.
  0.         0.         0.         0.         0.         0.
  0.         0.         0.         0.         0.         0.
  0.         0.         0.11428571 0.         0.         0.
  0.         0.         0.         0.         0.         0.
  0.         0.         0.         0.         0.         0.
  0.         0.         0.         0.         0.         0.
  0.         0.         0.         0.         0.         0.
  0.         0.         0.         0.         0.         0.
  0.         0.         0.         0.         0.         0.
  0.         0.         0.         0.         0.         0.
  0.         0.         0.         0.         0.         0.
  0.         0.         0.         0.         0.         0.
  0.         0.         0.         0.         0.         0.
  0.         0.         0.         0.         0.         0.
  0.         0.         0.         0.         0.         0.
  0.         0.         0.         0.         0.         0.
  0.         0.         0.         0.         0.         0.
  0.         0.         0.         0.         0.         0.
  0.         0.         0.         0.         0.         0.
  0.         0.         0.         0.         0.         0.
  0.         0.         0.         0.         0.         0.
  0.         0.         0.         0.         0.         0.
  0.         0.         0.         0.         0.         0.
  0.         0.         0.         0.         0.         0.
  0.         0.         0.         0.         0.         0.
  0.         0.         0.         0.         0.         0.11428571
  0.         0.         0.         0.13333333 0.         0.
  0.         0.         0.         0.         0.         0.
  0.         0.         0.         0.         0.         0.
  0.         0.         0.         0.         0.         0.
  0.         0.         0.         0.         0.         0.
  0.         0.         0.         0.         0.         0.
  0.         0.         0.         0.         0.         0.
  0.         0.         0.         0.         0.         0.
  0.         0.         0.         0.         0.         0.
  0.         0.         0.2        0.         0.         0.
  0.         0.         0.         0.         0.         0.
  0.         0.         0.         0.         0.         0.
  0.         0.         0.         0.         0.         0.
  0.         0.         0.         0.         0.         0.
  0.         0.         0.         0.         0.         0.
  0.         0.         0.         0.         0.         0.
  0.         0.         0.         0.         0.         0.
  0.         0.         0.         0.         0.         0.
  0.         0.         0.         0.         0.         0.
  0.         0.         0.         0.         0.4        0.
  0.         0.         0.         0.         0.         0.
  0.         0.         0.         0.         0.         0.
  0.         0.         0.         0.         0.         0.
  0.         0.         0.         0.         0.         0.
  0.         0.         0.         0.         0.         0.
  0.         0.         0.         0.         0.         0.
  0.         0.         0.         0.         0.         0.
  0.         0.         0.         0.         0.         0.
  0.         0.         0.         0.         0.         0.
  0.         0.         0.         0.         0.         0.
  0.         0.         0.         0.         0.         0.
  0.         0.         0.         0.         0.         0.
  0.         0.         0.         0.         0.         0.
  0.         0.         0.         0.         0.         0.
  0.         0.         0.         0.         0.         0.
  0.         0.         0.         0.         0.         0.
  0.         0.         0.         0.         0.         0.
  0.         0.         0.         0.         0.         0.
  0.         0.         0.         0.         0.         0.
  0.         0.         0.         0.         0.         0.
  0.         0.         0.         0.         0.         0.
  0.         0.         0.1        0.         0.         0.
  0.         0.         0.         0.         0.1        0.
  0.         0.         0.         0.         0.         0.
  0.         0.         0.         0.         0.         0.
  0.         0.         0.         0.         0.         0.
  0.         0.         0.         0.         0.         0.
  0.        ]]"
"[[0.         0.         0.         0.         0.         0.
  0.         0.         0.         0.         0.         0.
  0.         0.         1.         0.         0.39229413 0.
  0.         0.         0.         0.         0.         0.33244119
  0.         0.         0.         0.         0.         0.
  0.         0.         0.         0.         0.17043872 0.15288238
  0.44519629 0.         0.         0.         0.         0.
  0.         0.         0.         0.         0.45409874 0.8
  0.29903933 0.8        0.         0.         0.17043872 0.35113562
  0.15288238 0.         0.18604718 0.         0.         0.27974558
  0.         0.         0.         0.         0.         0.
  0.64       0.         0.         0.         0.         0.
  0.         0.44519629 0.         0.         0.44519629 0.35958374
  0.         0.35113562 0.         0.         0.         0.39644119
  0.         0.         0.46602622 0.         0.         0.
  0.         0.         0.         0.44519629 0.         0.
  0.         0.         0.         0.         0.8        0.15288238
  0.27302556 0.         0.         0.         0.         0.
  0.         0.         0.44519629 0.         0.         0.44519629
  0.         0.         0.45409874 0.         0.         0.
  0.27743458 0.8        0.         0.44519629 0.         0.
  0.16524586 0.         0.20305623 0.         0.         0.42526996
  0.22394201 0.16524586 0.         0.         0.         0.
  0.         0.4415524  0.34433176 0.         0.         0.64
  0.         0.16524586 0.25945255 0.         0.8        0.8
  0.         0.         0.20029674 0.44519629 0.35958374 0.
  0.         0.21680308 0.18548975 0.         0.         0.
  0.32874686 0.8        0.         0.         0.         0.
  0.         0.14873826 0.         0.         0.45281874 0.8
  0.44519629 0.         0.36440154 0.44519629 0.         0.27181922
  0.44519629 0.         0.38411653 0.23334155 0.44519629 0.
  0.         0.         0.         0.         0.         0.31091953
  0.3418325  0.         0.         0.         0.45409874 0.
  0.         0.         0.         0.15288238 0.         0.
  0.         0.         0.8        0.64       0.         0.
  0.2284161  0.44519629 0.8        0.         0.33097328 0.
  0.         0.         0.44519629 0.         0.         0.
  0.39351439 0.         0.         0.         0.         0.35958374
  0.         0.8        0.         0.17043872 0.21680308 0.
  0.15288238 0.         0.         0.         0.         0.
  0.         0.         0.         0.         0.         0.35958374
  0.         0.23079213 0.8        0.34433176 0.         0.
  0.44519629 0.         0.         0.         0.         0.
  0.         0.15288238 0.         0.         0.         0.
  0.35958374 0.         0.64       0.         0.         0.
  0.         0.         0.34433176 0.8        0.         0.
  0.32874686 0.         0.44519629 0.         0.2815388  0.44519629
  0.15288238 0.12566528 0.         0.         0.21680308 0.
  0.         0.         0.         0.44519629 0.         0.
  0.         0.25487425 0.         0.36805328 0.         0.
  0.         0.39644119 0.         0.         0.         0.
  0.         0.         0.8        0.16524586 0.         0.8
  0.15288238 0.14292334 0.         0.16524586 0.         0.
  0.36440154 0.         0.         0.         0.         0.24508734
  0.22752403 0.         0.         0.44519629 0.         0.
  0.         0.         0.         0.         0.         0.21680308
  0.         0.         0.         0.         0.         0.51606583
  0.         0.         0.         0.         0.21967129 0.
  0.         0.         0.         0.28819341 0.         0.
  0.         0.         0.         0.3418325  0.         0.
  0.         0.         0.         0.         0.         0.
  0.         0.         0.         0.44519629 0.         0.
  0.8        0.8        0.         0.         0.         0.
  0.         0.29723816 0.         0.         0.         0.
  0.         0.         0.         0.         0.         0.8
  0.         0.         0.         0.         0.         0.
  0.         0.         0.         0.         0.         0.
  0.37473012 0.         0.         0.         0.         0.
  0.16524586 0.         0.24266179 0.         0.         0.2049482
  0.34433176 0.         0.         0.         0.         0.
  0.         0.         0.         0.64       0.39351439 0.
  0.16524586 0.33244119 0.         0.         0.         0.
  0.44519629 0.         0.         0.         0.         0.
  0.34433176 0.         0.         0.15288238 0.         0.
  0.         0.         0.         0.         0.44519629 0.29903933
  0.         0.         0.         0.44519629 0.44519629 0.
  0.44519629 0.         0.8        0.         0.         0.
  0.         0.         0.         0.         0.         0.
  0.        ]]"
"[[0.         0.         0.         0.         0.         0.
  0.         0.         0.         0.         0.         0.
  0.         0.         0.         1.         0.         0.08533333
  0.         0.         0.         0.         0.         0.
  0.         0.         0.8        0.8        0.         0.
  0.64       0.         0.         0.         0.         0.
  0.         0.         0.         0.8        0.         0.
  0.         0.8        0.         0.         0.         0.
  0.         0.         0.64       0.         0.         0.
  0.         0.256      0.         0.         0.         0.
  0.256      0.128      0.8        0.         0.         0.
  0.         0.         0.         0.         0.         0.256
  0.         0.         0.8        0.         0.         0.
  0.         0.         0.         0.         0.         0.
  0.         0.         0.         0.         0.         0.
  0.         0.256      0.         0.         0.         0.
  0.         0.         0.256      0.         0.         0.
  0.         0.192      0.         0.         0.256      0.
  0.         0.         0.         0.21333333 0.07893333 0.
  0.07893333 0.         0.         0.128      0.         0.128
  0.         0.         0.         0.         0.         0.256
  0.         0.64       0.         0.         0.         0.
  0.         0.         0.         0.         0.         0.256
  0.256      0.         0.         0.         0.         0.
  0.256      0.         0.         0.8        0.         0.
  0.         0.08533333 0.         0.         0.         0.21333333
  0.64       0.         0.         0.256      0.         0.
  0.         0.         0.07893333 0.         0.         0.
  0.8        0.         0.08533333 0.8        0.         0.
  0.         0.         0.         0.         0.         0.
  0.         0.256      0.         0.         0.         0.
  0.256      0.         0.8        0.         0.         0.
  0.         0.         0.64       0.         0.         0.
  0.256      0.         0.         0.         0.         0.256
  0.         0.         0.         0.         0.         0.
  0.         0.         0.         0.         0.         0.
  0.256      0.         0.         0.21333333 0.         0.
  0.         0.256      0.17066667 0.128      0.         0.
  0.256      0.         0.         0.         0.         0.
  0.         0.256      0.256      0.         0.         0.64
  0.         0.8        0.         0.256      0.17066667 0.
  0.         0.         0.         0.         0.         0.11377778
  0.         0.8        0.         0.         0.         0.128
  0.256      0.         0.         0.8        0.05688889 0.
  0.         0.         0.         0.8        0.64       0.
  0.         0.         0.         0.         0.         0.
  0.         0.         0.         0.         0.         0.
  0.         0.         0.256      0.         0.         0.256
  0.64       0.18488889 0.         0.         0.         0.256
  0.         0.         0.         0.         0.         0.
  0.64       0.         0.         0.         0.         0.03754667
  0.         0.03413333 0.         0.         0.         0.
  0.         0.         0.8        0.         0.256      0.8
  0.         0.         0.64       0.09386667 0.64       0.
  0.         0.         0.8        0.         0.         0.
  0.         0.         0.256      0.         0.         0.
  0.256      0.         0.         0.21333333 0.256      0.
  0.         0.21333333 0.         0.         0.         0.
  0.07893333 0.         0.         0.         0.256      0.256
  0.8        0.         0.256      0.         0.256      0.8
  0.256      0.         0.         0.         0.         0.21333333
  0.256      0.         0.         0.         0.         0.256
  0.         0.         0.256      0.8        0.256      0.256
  0.         0.         0.256      0.21333333 0.         0.192
  0.         0.         0.256      0.         0.06257778 0.
  0.21333333 0.         0.03413333 0.03413333 0.         0.
  0.         0.         0.         0.72       0.         0.
  0.         0.         0.17066667 0.         0.192      0.
  0.         0.         0.         0.         0.         0.
  0.         0.64       0.         0.21333333 0.17066667 0.
  0.         0.8        0.         0.         0.         0.
  0.         0.         0.         0.         0.256      0.15847619
  0.         0.         0.         0.         0.         0.
  0.         0.8        0.8        0.         0.         0.
  0.         0.         0.         0.         0.         0.
  0.256      0.256      0.         0.         0.         0.
  0.         0.         0.         0.         0.         0.1152
  0.64       0.         0.         0.         0.         0.
  0.        ]]"
"[[0.         0.         0.         0.         0.         0.
  0.         0.         0.         0.         0.         0.
  0.         0.         0.39229413 0.         1.         0.
  0.         0.         0.         0.         0.         0.42310786
  0.         0.         0.         0.         0.         0.
  0.         0.         0.         0.         0.16880941 0.31525492
  0.34109358 0.         0.         0.         0.         0.
  0.         0.         0.         0.         0.32124058 0.39229413
  0.32817425 0.39229413 0.         0.         0.16880941 0.40498706
  0.31525492 0.         0.31187328 0.         0.         0.29882905
  0.         0.         0.         0.         0.         0.
  0.39229413 0.         0.         0.         0.         0.
  0.         0.34109358 0.         0.         0.34109358 0.33926714
  0.         0.40498706 0.         0.         0.         0.35377452
  0.         0.         0.34954754 0.         0.         0.
  0.         0.         0.         0.34109358 0.         0.
  0.         0.         0.         0.         0.39229413 0.36858825
  0.29001977 0.         0.         0.         0.         0.
  0.         0.         0.34109358 0.         0.         0.34109358
  0.         0.         0.32124058 0.         0.         0.
  0.29866796 0.39229413 0.         0.34109358 0.         0.
  0.20201563 0.         0.2081844  0.         0.         0.33750755
  0.2933387  0.20201563 0.         0.         0.         0.
  0.         0.31885834 0.29005534 0.         0.         0.39229413
  0.         0.20201563 0.29158834 0.         0.39229413 0.39229413
  0.         0.         0.31369762 0.34109358 0.33926714 0.
  0.         0.24430801 0.27546556 0.         0.         0.
  0.37820722 0.39229413 0.         0.         0.         0.
  0.         0.1569093  0.         0.         0.34850072 0.39229413
  0.34109358 0.         0.3876344  0.34109358 0.         0.24808767
  0.34109358 0.         0.44244425 0.28476134 0.34109358 0.
  0.         0.         0.         0.         0.         0.37349362
  0.27107437 0.         0.         0.         0.32124058 0.
  0.         0.         0.         0.31525492 0.         0.
  0.         0.         0.39229413 0.39229413 0.         0.
  0.28558476 0.34109358 0.39229413 0.         0.36561409 0.
  0.         0.         0.34109358 0.         0.         0.
  0.30608398 0.         0.         0.         0.         0.33926714
  0.         0.39229413 0.         0.16880941 0.24430801 0.
  0.31525492 0.         0.         0.         0.         0.
  0.         0.         0.         0.         0.         0.33926714
  0.         0.21783283 0.39229413 0.29005534 0.         0.
  0.34109358 0.         0.         0.         0.         0.
  0.         0.31525492 0.         0.         0.         0.
  0.33926714 0.         0.39229413 0.         0.         0.
  0.         0.         0.29005534 0.39229413 0.         0.
  0.37820722 0.         0.34109358 0.         0.30629735 0.34109358
  0.31525492 0.22731462 0.         0.         0.24430801 0.
  0.         0.         0.         0.34109358 0.         0.
  0.         0.29603501 0.         0.30949798 0.         0.
  0.         0.35377452 0.         0.         0.         0.
  0.         0.         0.39229413 0.20201563 0.         0.39229413
  0.31525492 0.25778459 0.         0.20201563 0.         0.
  0.3876344  0.         0.         0.         0.         0.2908776
  0.31007652 0.         0.         0.34109358 0.         0.
  0.         0.         0.         0.         0.         0.24430801
  0.         0.         0.         0.         0.         0.34492509
  0.         0.         0.         0.         0.29085176 0.
  0.         0.         0.         0.29178757 0.         0.
  0.         0.         0.         0.27107437 0.         0.
  0.         0.         0.         0.         0.         0.
  0.         0.         0.         0.34109358 0.         0.
  0.39229413 0.39229413 0.         0.         0.         0.
  0.         0.31298104 0.         0.         0.         0.
  0.         0.         0.         0.         0.         0.39229413
  0.         0.         0.         0.         0.         0.
  0.         0.         0.         0.         0.         0.
  0.30576646 0.         0.         0.         0.         0.
  0.20201563 0.         0.33451472 0.         0.         0.29105614
  0.29005534 0.         0.         0.         0.         0.
  0.         0.         0.         0.39229413 0.30608398 0.
  0.20201563 0.44977452 0.         0.         0.         0.
  0.34109358 0.         0.         0.         0.         0.
  0.29005534 0.         0.         0.36858825 0.         0.
  0.         0.         0.         0.         0.34109358 0.32817425
  0.         0.         0.         0.34109358 0.34109358 0.
  0.34109358 0.         0.39229413 0.         0.         0.
  0.         0.         0.         0.         0.         0.
  0.        ]]"
"[[0.         0.         0.         0.         0.         0.
  0.         0.         0.         0.         0.         0.
  0.         0.         0.         0.08533333 0.         1.
  0.         0.         0.         0.         0.         0.
  0.         0.         0.08533333 0.08533333 0.         0.16901401
  0.08533333 0.         0.         0.         0.         0.
  0.         0.         0.         0.08533333 0.         0.
  0.         0.08533333 0.         0.         0.         0.
  0.         0.         0.08533333 0.         0.         0.
  0.         0.09014012 0.         0.         0.         0.
  0.09014012 0.11700901 0.08533333 0.         0.         0.
  0.         0.         0.         0.         0.         0.09014012
  0.         0.         0.08533333 0.         0.         0.
  0.         0.         0.         0.         0.         0.
  0.         0.         0.         0.         0.         0.
  0.         0.09014012 0.         0.         0.         0.
  0.         0.         0.09014012 0.         0.         0.
  0.         0.05941528 0.16901401 0.         0.09014012 0.
  0.         0.         0.         0.04621189 0.03952859 0.
  0.03952859 0.         0.         0.03384039 0.         0.03384039
  0.         0.         0.         0.         0.         0.09014012
  0.         0.08533333 0.         0.         0.         0.
  0.         0.         0.         0.         0.         0.09014012
  0.09014012 0.         0.         0.         0.         0.
  0.09014012 0.         0.         0.08533333 0.         0.
  0.         0.8        0.         0.         0.         0.04621189
  0.08533333 0.         0.         0.09014012 0.         0.
  0.         0.         0.03952859 0.         0.         0.
  0.08533333 0.         0.8        0.08533333 0.         0.
  0.         0.         0.         0.         0.         0.
  0.         0.09014012 0.         0.         0.         0.
  0.09014012 0.         0.08533333 0.         0.         0.
  0.         0.         0.08533333 0.         0.         0.
  0.09014012 0.         0.         0.         0.         0.09014012
  0.         0.         0.         0.         0.         0.
  0.         0.         0.         0.         0.         0.
  0.09014012 0.         0.         0.04621189 0.16901401 0.
  0.         0.09014012 0.07261868 0.04507006 0.         0.
  0.09014012 0.         0.         0.         0.         0.
  0.         0.09014012 0.09014012 0.         0.         0.08533333
  0.         0.08533333 0.         0.09014012 0.07261868 0.
  0.         0.         0.         0.         0.         0.29671337
  0.         0.08533333 0.         0.         0.         0.11700901
  0.09014012 0.         0.         0.08533333 0.02420623 0.
  0.         0.         0.         0.08533333 0.08533333 0.
  0.         0.         0.         0.         0.         0.
  0.         0.         0.         0.         0.         0.
  0.         0.         0.09014012 0.         0.         0.09014012
  0.08533333 0.06381642 0.         0.         0.         0.09014012
  0.         0.         0.         0.         0.         0.
  0.08533333 0.         0.         0.         0.         0.0248548
  0.         0.03605192 0.         0.         0.         0.
  0.         0.         0.08533333 0.         0.09014012 0.08533333
  0.         0.         0.08533333 0.04068748 0.08533333 0.
  0.         0.         0.08533333 0.         0.         0.
  0.         0.         0.09014012 0.         0.         0.
  0.09014012 0.         0.         0.04621189 0.09014012 0.
  0.         0.04621189 0.         0.         0.         0.
  0.03952859 0.         0.         0.         0.09014012 0.09014012
  0.08533333 0.         0.09014012 0.         0.09014012 0.08533333
  0.09014012 0.         0.         0.         0.         0.04621189
  0.09014012 0.         0.         0.         0.         0.09014012
  0.         0.         0.09014012 0.08533333 0.09014012 0.09014012
  0.         0.         0.09014012 0.04621189 0.         0.05941528
  0.         0.         0.09014012 0.         0.04142466 0.
  0.04621189 0.         0.03605192 0.03605192 0.16901401 0.
  0.         0.         0.         0.08533333 0.         0.
  0.         0.         0.44507006 0.         0.05941528 0.
  0.         0.         0.         0.         0.         0.
  0.         0.08533333 0.         0.04621189 0.07261868 0.
  0.         0.08533333 0.         0.         0.         0.
  0.         0.         0.         0.         0.09014012 0.2104932
  0.         0.         0.         0.         0.         0.
  0.         0.08533333 0.08533333 0.         0.         0.
  0.         0.         0.         0.         0.         0.
  0.09014012 0.09014012 0.         0.         0.         0.
  0.         0.         0.         0.         0.         0.04065593
  0.08533333 0.         0.         0.         0.         0.
  0.        ]]"
"[[0.         0.         0.         0.         0.         0.
  0.         0.         0.         0.         0.         0.
  0.         0.         0.         0.         0.         0.
  1.         0.         0.         0.8        0.         0.
  0.         0.         0.         0.         0.18027303 0.
  0.         0.1714402  0.         0.         0.         0.
  0.         0.8        0.         0.         0.8        0.
  0.         0.         0.08535929 0.         0.         0.
  0.         0.         0.         0.         0.         0.
  0.         0.         0.         0.         0.12027214 0.
  0.         0.         0.         0.         0.         0.8
  0.         0.         0.         0.         0.         0.
  0.         0.         0.         0.         0.         0.
  0.         0.         0.8        0.8        0.12856171 0.
  0.         0.         0.         0.16985201 0.         0.8
  0.         0.         0.         0.         0.         0.
  0.8        0.         0.         0.8        0.         0.
  0.         0.         0.         0.         0.         0.
  0.8        0.8        0.         0.         0.         0.
  0.         0.         0.         0.         0.         0.
  0.         0.         0.08526979 0.         0.         0.
  0.         0.         0.         0.         0.8        0.
  0.         0.         0.         0.         0.         0.
  0.         0.         0.         0.11346386 0.8        0.
  0.         0.         0.         0.         0.         0.
  0.         0.         0.         0.         0.         0.
  0.         0.         0.         0.         0.         0.8
  0.         0.         0.         0.         0.         0.8
  0.         0.         0.         0.         0.         0.
  0.         0.8        0.         0.         0.         0.
  0.         0.         0.         0.         0.         0.08535929
  0.         0.         0.         0.07191812 0.         0.
  0.         0.         0.         0.         0.         0.
  0.         0.         0.         0.         0.         0.
  0.8        0.         0.         0.         0.8        0.8
  0.         0.         0.         0.         0.         0.
  0.         0.         0.         0.         0.         0.
  0.         0.         0.         0.         0.         0.
  0.         0.         0.         0.         0.         0.
  0.         0.         0.         0.         0.         0.
  0.         0.         0.06428085 0.         0.         0.
  0.8        0.         0.         0.         0.8        0.
  0.         0.         0.12869422 0.         0.11497495 0.
  0.         0.         0.         0.         0.         0.
  0.         0.         0.         0.         0.         0.
  0.         0.         0.         0.         0.         0.
  0.         0.         0.         0.         0.         0.
  0.         0.         0.         0.         0.         0.
  0.         0.         0.         0.         0.8        0.
  0.         0.         0.         0.         0.         0.
  0.         0.         0.8        0.         0.08719264 0.
  0.8        0.         0.         0.         0.         0.
  0.         0.         0.         0.         0.         0.
  0.         0.         0.         0.         0.         0.
  0.         0.         0.         0.         0.         0.
  0.18027303 0.8        0.         0.         0.         0.
  0.         0.8        0.8        0.         0.         0.
  0.         0.         0.         0.         0.         0.
  0.         0.         0.8        0.         0.         0.
  0.         0.8        0.         0.         0.         0.
  0.         0.         0.         0.8        0.         0.
  0.         0.         0.         0.         0.         0.
  0.         0.         0.         0.         0.         0.
  0.08297931 0.         0.         0.         0.         0.
  0.         0.         0.         0.         0.         0.
  0.         0.8        0.         0.         0.         0.
  0.08630174 0.         0.         0.         0.8        0.8
  0.         0.         0.         0.         0.         0.
  0.         0.         0.         0.         0.         0.
  0.         0.         0.8        0.         0.         0.
  0.         0.         0.1714402  0.         0.         0.8
  0.         0.         0.8        0.         0.         0.
  0.         0.         0.09648754 0.         0.8        0.
  0.         0.         0.         0.         0.09648754 0.
  0.         0.         0.         0.         0.         0.
  0.         0.         0.         0.         0.         0.
  0.         0.09958583 0.         0.8        0.         0.
  0.         0.         0.         0.         0.11027147 0.
  0.        ]]"
"[[0.         0.         0.         0.         0.         0.
  0.         0.         0.         0.         0.         0.
  0.         0.         0.         0.         0.         0.
  0.         1.         0.34923655 0.         0.34675333 0.
  0.         0.         0.         0.         0.         0.
  0.         0.         0.         0.1852518  0.         0.
  0.         0.         0.         0.         0.         0.20140854
  0.15011981 0.         0.         0.         0.         0.
  0.         0.         0.         0.         0.         0.
  0.         0.         0.         0.         0.         0.
  0.         0.         0.         0.         0.         0.
  0.         0.         0.33496739 0.         0.         0.
  0.         0.         0.         0.         0.         0.
  0.         0.         0.         0.         0.         0.
  0.         0.         0.         0.         0.         0.
  0.31207693 0.         0.1501653  0.         0.19995277 0.
  0.         0.         0.         0.         0.         0.
  0.         0.         0.         0.         0.         0.27655418
  0.         0.         0.         0.         0.         0.
  0.         0.         0.         0.         0.         0.
  0.         0.         0.         0.         0.         0.
  0.         0.         0.         0.         0.         0.
  0.         0.         0.         0.24340553 0.         0.
  0.         0.         0.         0.         0.         0.
  0.         0.         0.         0.         0.         0.
  0.15012877 0.         0.         0.         0.         0.
  0.         0.         0.         0.         0.         0.
  0.         0.         0.         0.27537158 0.         0.
  0.         0.         0.         0.         0.         0.
  0.         0.         0.         0.         0.         0.
  0.         0.         0.         0.         0.         0.
  0.         0.         0.         0.         0.         0.
  0.         0.         0.         0.         0.         0.
  0.         0.         0.         0.         0.14876545 0.
  0.         0.         0.         0.         0.         0.
  0.         0.         0.         0.         0.         0.
  0.         0.         0.         0.         0.         0.
  0.         0.         0.         0.         0.         0.
  0.         0.         0.         0.         0.         0.
  0.         0.         0.         0.         0.         0.
  0.         0.         0.         0.         0.         0.
  0.         0.         0.         0.         0.         0.
  0.         0.         0.         0.         0.         0.
  0.         0.         0.         0.         0.         0.
  0.         0.         0.         0.         0.         0.
  0.         0.15010187 0.         0.         0.         0.15136673
  0.         0.         0.         0.         0.         0.
  0.         0.         0.         0.         0.         0.
  0.         0.         0.         0.         0.         0.
  0.         0.         0.         0.         0.         0.
  0.         0.         0.         0.         0.         0.
  0.         0.         0.         0.         0.         0.
  0.         0.         0.         0.         0.         0.
  0.         0.14697782 0.         0.         0.         0.
  0.         0.15146519 0.         0.         0.         0.15036135
  0.         0.         0.         0.         0.         0.
  0.         0.         0.         0.         0.         0.
  0.         0.         0.         0.         0.         0.
  0.         0.         0.         0.         0.         0.
  0.         0.         0.         0.         0.         0.
  0.         0.         0.         0.         0.         0.
  0.         0.16406402 0.         0.         0.         0.
  0.         0.         0.         0.         0.         0.
  0.         0.         0.         0.         0.         0.
  0.14952059 0.         0.         0.         0.         0.
  0.         0.         0.         0.         0.         0.
  0.         0.         0.         0.         0.         0.
  0.         0.         0.         0.         0.         0.
  0.         0.         0.         0.         0.         0.
  0.         0.         0.         0.         0.         0.
  0.24340553 0.         0.         0.         0.         0.
  0.         0.         0.         0.         0.         0.
  0.         0.         0.         0.         0.         0.15071348
  0.         0.         0.         0.         0.         0.
  0.         0.         0.         0.         0.         0.
  0.         0.         0.         0.         0.         0.
  0.         0.         0.         0.         0.         0.
  0.         0.         0.         0.         0.         0.
  0.        ]]"
"[[0.         0.         0.         0.         0.         0.
  0.         0.         0.         0.         0.         0.
  0.         0.         0.         0.         0.         0.
  0.         0.34923655 1.         0.         0.30122509 0.
  0.         0.         0.         0.         0.         0.
  0.         0.         0.         0.2420257  0.         0.
  0.         0.         0.         0.         0.         0.2269866
  0.15011981 0.         0.         0.         0.         0.
  0.         0.         0.         0.         0.         0.
  0.         0.         0.         0.         0.         0.
  0.         0.         0.         0.         0.         0.
  0.         0.         0.27422843 0.         0.         0.
  0.         0.         0.         0.         0.         0.
  0.         0.         0.         0.         0.         0.
  0.         0.         0.         0.         0.         0.
  0.31082146 0.         0.1501653  0.         0.19956647 0.
  0.         0.         0.         0.         0.         0.
  0.         0.         0.         0.         0.         0.33394521
  0.         0.         0.         0.         0.         0.
  0.         0.         0.         0.         0.         0.
  0.         0.         0.         0.         0.         0.
  0.         0.         0.         0.         0.         0.
  0.         0.         0.         0.42060053 0.         0.
  0.         0.         0.         0.         0.         0.
  0.         0.         0.         0.         0.         0.
  0.15012877 0.         0.         0.         0.         0.
  0.         0.         0.         0.         0.         0.
  0.         0.         0.         0.27308048 0.         0.
  0.         0.         0.         0.         0.         0.
  0.         0.         0.         0.         0.         0.
  0.         0.         0.         0.         0.         0.
  0.         0.         0.         0.         0.         0.
  0.         0.         0.         0.         0.         0.
  0.         0.         0.         0.         0.14876545 0.
  0.         0.         0.         0.         0.         0.
  0.         0.         0.         0.         0.         0.
  0.         0.         0.         0.         0.         0.
  0.         0.         0.         0.         0.         0.
  0.         0.         0.         0.         0.         0.
  0.         0.         0.         0.         0.         0.
  0.         0.         0.         0.         0.         0.
  0.         0.         0.         0.         0.         0.
  0.         0.         0.         0.         0.         0.
  0.         0.         0.         0.         0.         0.
  0.         0.         0.         0.         0.         0.
  0.         0.15010187 0.         0.         0.         0.15136673
  0.         0.         0.         0.         0.         0.
  0.         0.         0.         0.         0.         0.
  0.         0.         0.         0.         0.         0.
  0.         0.         0.         0.         0.         0.
  0.         0.         0.         0.         0.         0.
  0.         0.         0.         0.         0.         0.
  0.         0.         0.         0.         0.         0.
  0.         0.14697782 0.         0.         0.         0.
  0.         0.15146519 0.         0.         0.         0.15036135
  0.         0.         0.         0.         0.         0.
  0.         0.         0.         0.         0.         0.
  0.         0.         0.         0.         0.         0.
  0.         0.         0.         0.         0.         0.
  0.         0.         0.         0.         0.         0.
  0.         0.         0.         0.         0.         0.
  0.         0.15719072 0.         0.         0.         0.
  0.         0.         0.         0.         0.         0.
  0.         0.         0.         0.         0.         0.
  0.14952059 0.         0.         0.         0.         0.
  0.         0.         0.         0.         0.         0.
  0.         0.         0.         0.         0.         0.
  0.         0.         0.         0.         0.         0.
  0.         0.         0.         0.         0.         0.
  0.         0.         0.         0.         0.         0.
  0.42060053 0.         0.         0.         0.         0.
  0.         0.         0.         0.         0.         0.
  0.         0.         0.         0.         0.         0.15071348
  0.         0.         0.         0.         0.         0.
  0.         0.         0.         0.         0.         0.
  0.         0.         0.         0.         0.         0.
  0.         0.         0.         0.         0.         0.
  0.         0.         0.         0.         0.         0.
  0.        ]]"
"[[0.         0.         0.         0.         0.         0.
  0.         0.         0.         0.         0.         0.
  0.         0.         0.         0.         0.         0.
  0.8        0.         0.         1.         0.         0.
  0.         0.         0.         0.         0.18027303 0.
  0.         0.1714402  0.         0.         0.         0.
  0.         0.8        0.         0.         0.8        0.
  0.         0.         0.08535929 0.         0.         0.
  0.         0.         0.         0.         0.         0.
  0.         0.         0.         0.         0.12027214 0.
  0.         0.         0.         0.         0.         0.8
  0.         0.         0.         0.         0.         0.
  0.         0.         0.         0.         0.         0.
  0.         0.         0.8        0.8        0.12856171 0.
  0.         0.         0.         0.16985201 0.         0.8
  0.         0.         0.         0.         0.         0.
  0.8        0.         0.         0.8        0.         0.
  0.         0.         0.         0.         0.         0.
  0.8        0.8        0.         0.         0.         0.
  0.         0.         0.         0.         0.         0.
  0.         0.         0.08526979 0.         0.         0.
  0.         0.         0.         0.         0.8        0.
  0.         0.         0.         0.         0.         0.
  0.         0.         0.         0.11346386 0.8        0.
  0.         0.         0.         0.         0.         0.
  0.         0.         0.         0.         0.         0.
  0.         0.         0.         0.         0.         0.8
  0.         0.         0.         0.         0.         0.8
  0.         0.         0.         0.         0.         0.
  0.         0.8        0.         0.         0.         0.
  0.         0.         0.         0.         0.         0.08535929
  0.         0.         0.         0.07191812 0.         0.
  0.         0.         0.         0.         0.         0.
  0.         0.         0.         0.         0.         0.
  0.8        0.         0.         0.         0.8        0.8
  0.         0.         0.         0.         0.         0.
  0.         0.         0.         0.         0.         0.
  0.         0.         0.         0.         0.         0.
  0.         0.         0.         0.         0.         0.
  0.         0.         0.         0.         0.         0.
  0.         0.         0.06428085 0.         0.         0.
  0.8        0.         0.         0.         0.8        0.
  0.         0.         0.12869422 0.         0.11497495 0.
  0.         0.         0.         0.         0.         0.
  0.         0.         0.         0.         0.         0.
  0.         0.         0.         0.         0.         0.
  0.         0.         0.         0.         0.         0.
  0.         0.         0.         0.         0.         0.
  0.         0.         0.         0.         0.8        0.
  0.         0.         0.         0.         0.         0.
  0.         0.         0.8        0.         0.08719264 0.
  0.8        0.         0.         0.         0.         0.
  0.         0.         0.         0.         0.         0.
  0.         0.         0.         0.         0.         0.
  0.         0.         0.         0.         0.         0.
  0.18027303 0.8        0.         0.         0.         0.
  0.         0.8        0.8        0.         0.         0.
  0.         0.         0.         0.         0.         0.
  0.         0.         0.8        0.         0.         0.
  0.         0.8        0.         0.         0.         0.
  0.         0.         0.         0.8        0.         0.
  0.         0.         0.         0.         0.         0.
  0.         0.         0.         0.         0.         0.
  0.08297931 0.         0.         0.         0.         0.
  0.         0.         0.         0.         0.         0.
  0.         0.8        0.         0.         0.         0.
  0.08630174 0.         0.         0.         0.8        0.8
  0.         0.         0.         0.         0.         0.
  0.         0.         0.         0.         0.         0.
  0.         0.         0.8        0.         0.         0.
  0.         0.         0.1714402  0.         0.         0.8
  0.         0.         0.8        0.         0.         0.
  0.         0.         0.09648754 0.         0.8        0.
  0.         0.         0.         0.         0.09648754 0.
  0.         0.         0.         0.         0.         0.
  0.         0.         0.         0.         0.         0.
  0.         0.09958583 0.         0.8        0.         0.
  0.         0.         0.         0.         0.11027147 0.
  0.        ]]"
"[[0.         0.         0.         0.         0.         0.
  0.         0.         0.         0.         0.         0.
  0.         0.         0.         0.         0.         0.
  0.         0.34675333 0.30122509 0.         1.         0.
  0.         0.         0.         0.         0.         0.
  0.         0.         0.         0.23448939 0.         0.
  0.         0.         0.         0.         0.         0.19492055
  0.15966067 0.         0.         0.         0.         0.
  0.         0.         0.         0.         0.         0.
  0.         0.         0.         0.         0.         0.
  0.         0.         0.         0.         0.         0.
  0.         0.         0.34389795 0.         0.         0.
  0.         0.         0.         0.         0.         0.
  0.         0.         0.         0.         0.         0.
  0.         0.         0.         0.         0.         0.
  0.31326315 0.         0.15983033 0.         0.20692297 0.
  0.         0.         0.         0.         0.         0.
  0.         0.         0.         0.         0.         0.29836971
  0.         0.         0.         0.         0.         0.
  0.         0.         0.         0.         0.         0.
  0.         0.         0.         0.         0.         0.
  0.         0.         0.         0.         0.         0.
  0.         0.         0.         0.22135876 0.         0.
  0.         0.         0.         0.         0.         0.
  0.         0.         0.         0.         0.         0.
  0.16114738 0.         0.         0.         0.         0.
  0.         0.         0.         0.         0.         0.
  0.         0.         0.         0.30078342 0.         0.
  0.         0.         0.         0.         0.         0.
  0.         0.         0.         0.         0.         0.
  0.         0.         0.         0.         0.         0.
  0.         0.         0.         0.         0.         0.
  0.         0.         0.         0.         0.         0.
  0.         0.         0.         0.         0.15821213 0.
  0.         0.         0.         0.         0.         0.
  0.         0.         0.         0.         0.         0.
  0.         0.         0.         0.         0.         0.
  0.         0.         0.         0.         0.         0.
  0.         0.         0.         0.         0.         0.
  0.         0.         0.         0.         0.         0.
  0.         0.         0.         0.         0.         0.
  0.         0.         0.         0.         0.         0.
  0.         0.         0.         0.         0.         0.
  0.         0.         0.         0.         0.         0.
  0.         0.         0.         0.         0.         0.
  0.         0.15668726 0.         0.         0.         0.15999099
  0.         0.         0.         0.         0.         0.
  0.         0.         0.         0.         0.         0.
  0.         0.         0.         0.         0.         0.
  0.         0.         0.         0.         0.         0.
  0.         0.         0.         0.         0.         0.
  0.         0.         0.         0.         0.         0.
  0.         0.         0.         0.         0.         0.
  0.         0.16116047 0.         0.         0.         0.
  0.         0.15962251 0.         0.         0.         0.1606871
  0.         0.         0.         0.         0.         0.
  0.         0.         0.         0.         0.         0.
  0.         0.         0.         0.         0.         0.
  0.         0.         0.         0.         0.         0.
  0.         0.         0.         0.         0.         0.
  0.         0.         0.         0.         0.         0.
  0.         0.32304802 0.         0.         0.         0.
  0.         0.         0.         0.         0.         0.
  0.         0.         0.         0.         0.         0.
  0.15808012 0.         0.         0.         0.         0.
  0.         0.         0.         0.         0.         0.
  0.         0.         0.         0.         0.         0.
  0.         0.         0.         0.         0.         0.
  0.         0.         0.         0.         0.         0.
  0.         0.         0.         0.         0.         0.
  0.22135876 0.         0.         0.         0.         0.
  0.         0.         0.         0.         0.         0.
  0.         0.         0.         0.         0.         0.16372568
  0.         0.         0.         0.         0.         0.
  0.         0.         0.         0.         0.         0.
  0.         0.         0.         0.         0.         0.
  0.         0.         0.         0.         0.         0.
  0.         0.         0.         0.         0.         0.
  0.        ]]"
"[[0.         0.         0.         0.         0.         0.
  0.         0.         0.         0.         0.         0.
  0.         0.         0.33244119 0.         0.42310786 0.
  0.         0.         0.         0.         0.         1.
  0.         0.         0.         0.         0.         0.
  0.         0.         0.         0.         0.16799476 0.39644119
  0.30504223 0.         0.         0.         0.         0.
  0.         0.         0.         0.         0.29481149 0.33244119
  0.35074171 0.33244119 0.         0.         0.16799476 0.36471278
  0.47644119 0.         0.32678633 0.         0.         0.31043745
  0.         0.         0.         0.         0.         0.
  0.33244119 0.         0.         0.         0.         0.
  0.         0.30504223 0.         0.         0.30504223 0.29710884
  0.         0.36471278 0.         0.         0.         0.40444119
  0.         0.         0.3713082  0.         0.         0.
  0.         0.         0.         0.30504223 0.         0.
  0.         0.         0.         0.         0.33244119 0.39644119
  0.30989465 0.         0.         0.         0.         0.
  0.         0.         0.30504223 0.         0.         0.30504223
  0.         0.         0.29481149 0.         0.         0.
  0.31139529 0.33244119 0.         0.30504223 0.         0.
  0.22040051 0.         0.21074849 0.         0.         0.34962634
  0.32803705 0.22040051 0.         0.         0.         0.
  0.         0.29217797 0.26291713 0.         0.         0.33244119
  0.         0.22040051 0.30054513 0.         0.33244119 0.33244119
  0.         0.         0.38182663 0.30504223 0.29710884 0.
  0.         0.24526047 0.32045347 0.         0.         0.
  0.34480406 0.33244119 0.         0.         0.         0.
  0.         0.16099482 0.         0.         0.35634171 0.33244119
  0.30504223 0.         0.36085083 0.30504223 0.         0.25222189
  0.30504223 0.         0.3916081  0.31123313 0.30504223 0.
  0.         0.         0.         0.         0.         0.33678067
  0.23569531 0.         0.         0.         0.29481149 0.
  0.         0.         0.         0.47644119 0.         0.
  0.         0.         0.33244119 0.33244119 0.         0.
  0.31480908 0.30504223 0.33244119 0.         0.33310593 0.
  0.         0.         0.30504223 0.         0.         0.
  0.27036877 0.         0.         0.         0.         0.29710884
  0.         0.33244119 0.         0.16799476 0.24526047 0.
  0.39644119 0.         0.         0.         0.         0.
  0.         0.         0.         0.         0.         0.29710884
  0.         0.21135318 0.33244119 0.26291713 0.         0.
  0.30504223 0.         0.         0.         0.         0.
  0.         0.47644119 0.         0.         0.         0.
  0.29710884 0.         0.33244119 0.         0.         0.
  0.         0.         0.26291713 0.33244119 0.         0.
  0.34480406 0.         0.30504223 0.         0.31611662 0.30504223
  0.47644119 0.27813929 0.         0.         0.24526047 0.
  0.         0.         0.         0.30504223 0.         0.
  0.         0.32194872 0.         0.28555366 0.         0.
  0.         0.40444119 0.         0.         0.         0.
  0.         0.         0.33244119 0.22040051 0.         0.33244119
  0.47644119 0.31521522 0.         0.22040051 0.         0.
  0.36085083 0.         0.         0.         0.         0.31461483
  0.35135276 0.         0.         0.30504223 0.         0.
  0.         0.         0.         0.         0.         0.24526047
  0.         0.         0.         0.         0.         0.30735473
  0.         0.         0.         0.         0.326442   0.
  0.         0.         0.         0.27118466 0.         0.
  0.         0.         0.         0.23569531 0.         0.
  0.         0.         0.         0.         0.         0.
  0.         0.         0.         0.30504223 0.         0.
  0.33244119 0.33244119 0.         0.         0.         0.
  0.         0.32085247 0.         0.         0.         0.
  0.         0.         0.         0.         0.         0.33244119
  0.         0.         0.         0.         0.         0.
  0.         0.         0.         0.         0.         0.
  0.31242749 0.         0.         0.         0.         0.
  0.22040051 0.         0.40044119 0.         0.         0.33411011
  0.26291713 0.         0.         0.         0.         0.
  0.         0.         0.         0.33244119 0.27036877 0.
  0.22040051 0.39644119 0.         0.         0.         0.
  0.30504223 0.         0.         0.         0.         0.
  0.26291713 0.         0.         0.39644119 0.         0.
  0.         0.         0.         0.         0.30504223 0.35074171
  0.         0.         0.         0.30504223 0.30504223 0.
  0.30504223 0.         0.33244119 0.         0.         0.
  0.         0.         0.         0.         0.         0.
  0.        ]]"
"[[0.         0.         0.         0.         0.         0.
  0.         0.         0.         0.         0.         0.
  0.         0.         0.         0.         0.         0.
  0.         0.         0.         0.         0.         0.
  1.         0.32       0.         0.         0.         0.
  0.         0.         0.21333333 0.         0.         0.
  0.         0.         0.         0.         0.         0.
  0.         0.         0.         0.         0.         0.
  0.         0.         0.         0.         0.         0.
  0.         0.         0.         0.         0.         0.
  0.         0.         0.         0.         0.         0.
  0.         0.         0.         0.         0.21333333 0.
  0.         0.         0.         0.         0.         0.
  0.         0.         0.         0.         0.         0.
  0.         0.         0.         0.         0.         0.
  0.         0.         0.         0.         0.         0.
  0.         0.         0.         0.         0.         0.
  0.         0.         0.         0.         0.         0.
  0.         0.         0.         0.         0.         0.
  0.         0.         0.         0.         0.         0.
  0.         0.         0.         0.         0.         0.
  0.         0.         0.         0.32       0.         0.
  0.         0.         0.         0.         0.         0.
  0.         0.         0.         0.         0.         0.
  0.         0.         0.         0.         0.         0.
  0.         0.         0.         0.         0.         0.
  0.         0.         0.         0.         0.         0.
  0.         0.         0.         0.         0.         0.
  0.         0.         0.         0.         0.         0.
  0.         0.         0.         0.         0.         0.
  0.         0.         0.         0.         0.         0.
  0.         0.         0.         0.         0.         0.
  0.         0.         0.         0.         0.         0.
  0.         0.32       0.         0.         0.         0.
  0.         0.         0.         0.         0.         0.
  0.         0.         0.         0.         0.         0.
  0.         0.37333333 0.         0.         0.         0.4
  0.         0.         0.         0.         0.         0.
  0.         0.         0.         0.         0.         0.37333333
  0.         0.         0.         0.         0.         0.
  0.         0.         0.         0.         0.         0.
  0.         0.         0.         0.         0.         0.
  0.         0.         0.         0.         0.         0.
  0.         0.         0.         0.         0.         0.
  0.         0.         0.         0.         0.         0.
  0.         0.         0.         0.         0.         0.
  0.         0.         0.         0.         0.         0.
  0.         0.         0.         0.         0.         0.
  0.         0.         0.         0.         0.         0.
  0.37333333 0.         0.         0.         0.         0.21333333
  0.         0.         0.         0.         0.         0.
  0.         0.         0.         0.         0.         0.
  0.         0.         0.         0.         0.         0.
  0.         0.         0.         0.         0.         0.
  0.         0.         0.         0.         0.21333333 0.
  0.         0.         0.         0.         0.37333333 0.
  0.         0.         0.         0.         0.         0.
  0.         0.         0.         0.         0.         0.
  0.         0.         0.         0.         0.         0.
  0.         0.         0.         0.         0.         0.
  0.         0.         0.         0.         0.         0.
  0.         0.         0.         0.         0.         0.
  0.         0.         0.         0.         0.         0.
  0.         0.         0.         0.         0.         0.
  0.         0.         0.         0.         0.         0.
  0.         0.         0.         0.         0.         0.
  0.         0.         0.         0.         0.         0.
  0.         0.         0.         0.         0.         0.
  0.         0.         0.         0.         0.         0.
  0.         0.         0.         0.         0.         0.
  0.         0.         0.         0.         0.         0.
  0.         0.         0.         0.         0.         0.
  0.         0.         0.         0.         0.         0.
  0.         0.         0.         0.         0.         0.
  0.         0.         0.8        0.         0.         0.
  0.         0.         0.         0.         0.         0.
  0.         0.         0.         0.         0.         0.
  0.         0.         0.         0.         0.         0.
  0.        ]]"
"[[0.         0.         0.         0.         0.         0.
  0.         0.         0.         0.         0.         0.
  0.         0.         0.         0.         0.         0.
  0.         0.         0.         0.         0.         0.
  0.32       1.         0.         0.         0.         0.
  0.         0.         0.256      0.         0.         0.
  0.         0.         0.         0.         0.         0.
  0.         0.         0.         0.         0.         0.
  0.         0.         0.         0.32       0.         0.
  0.         0.         0.         0.128      0.         0.
  0.         0.         0.         0.08533333 0.128      0.
  0.         0.         0.         0.         0.256      0.
  0.32       0.         0.         0.32       0.         0.
  0.128      0.         0.         0.         0.         0.
  0.128      0.128      0.         0.         0.         0.
  0.         0.         0.         0.         0.         0.128
  0.         0.32       0.         0.         0.         0.
  0.         0.         0.         0.128      0.         0.
  0.         0.         0.         0.         0.         0.
  0.         0.128      0.         0.         0.         0.
  0.         0.         0.         0.         0.         0.
  0.         0.         0.         0.8        0.         0.
  0.         0.         0.         0.         0.         0.
  0.         0.         0.         0.         0.         0.
  0.         0.         0.         0.         0.         0.
  0.         0.         0.         0.         0.         0.
  0.         0.         0.         0.         0.         0.
  0.         0.         0.         0.         0.         0.
  0.         0.         0.         0.         0.         0.
  0.         0.         0.         0.         0.128      0.
  0.         0.         0.         0.         0.         0.
  0.         0.         0.         0.         0.         0.
  0.         0.128      0.         0.         0.         0.
  0.         0.8        0.         0.         0.         0.
  0.         0.08533333 0.         0.         0.         0.
  0.         0.         0.         0.128      0.         0.
  0.         0.37333333 0.         0.         0.         0.16
  0.         0.         0.         0.         0.         0.
  0.         0.         0.08533333 0.         0.         0.37333333
  0.         0.         0.         0.128      0.         0.
  0.         0.         0.         0.         0.         0.
  0.         0.         0.         0.         0.         0.
  0.         0.         0.         0.         0.         0.
  0.         0.         0.         0.         0.         0.
  0.         0.         0.         0.         0.         0.128
  0.         0.         0.         0.         0.08533333 0.
  0.         0.         0.         0.128      0.         0.
  0.         0.         0.         0.         0.         0.
  0.         0.         0.128      0.         0.         0.
  0.37333333 0.         0.         0.         0.         0.256
  0.         0.         0.         0.128      0.         0.
  0.         0.         0.         0.         0.128      0.
  0.         0.         0.         0.         0.         0.
  0.         0.         0.         0.         0.         0.
  0.         0.         0.         0.         0.256      0.
  0.         0.         0.         0.         0.37333333 0.
  0.         0.         0.         0.         0.         0.
  0.         0.         0.         0.32       0.         0.
  0.         0.         0.         0.         0.         0.
  0.         0.         0.         0.         0.         0.
  0.         0.         0.128      0.         0.32       0.
  0.         0.         0.128      0.         0.         0.
  0.         0.         0.         0.         0.         0.
  0.         0.         0.         0.         0.         0.
  0.         0.32       0.         0.08533333 0.         0.
  0.         0.         0.         0.         0.         0.128
  0.         0.         0.         0.         0.         0.
  0.         0.         0.         0.08533333 0.         0.128
  0.         0.         0.         0.         0.         0.
  0.         0.         0.         0.         0.         0.
  0.         0.         0.         0.         0.         0.
  0.         0.         0.         0.128      0.         0.
  0.         0.         0.         0.128      0.         0.
  0.         0.         0.         0.         0.         0.
  0.128      0.128      0.32       0.         0.         0.
  0.         0.         0.         0.         0.         0.
  0.         0.         0.         0.         0.128      0.
  0.         0.128      0.08533333 0.32       0.         0.
  0.        ]]"
"[[0.         0.         0.         0.         0.         0.
  0.         0.         0.         0.         0.         0.
  0.         0.         0.         0.8        0.         0.08533333
  0.         0.         0.         0.         0.         0.
  0.         0.         1.         0.8        0.         0.
  0.64       0.         0.         0.         0.         0.
  0.         0.         0.         0.8        0.         0.
  0.         0.8        0.         0.         0.         0.
  0.         0.         0.64       0.         0.         0.
  0.         0.256      0.         0.         0.         0.
  0.256      0.128      0.8        0.         0.         0.
  0.         0.         0.         0.         0.         0.256
  0.         0.         0.8        0.         0.         0.
  0.         0.         0.         0.         0.         0.
  0.         0.         0.         0.         0.         0.
  0.         0.256      0.         0.         0.         0.
  0.         0.         0.256      0.         0.         0.
  0.         0.192      0.         0.         0.256      0.
  0.         0.         0.         0.21333333 0.07893333 0.
  0.07893333 0.         0.         0.128      0.         0.128
  0.         0.         0.         0.         0.         0.256
  0.         0.64       0.         0.         0.         0.
  0.         0.         0.         0.         0.         0.256
  0.256      0.         0.         0.         0.         0.
  0.256      0.         0.         0.8        0.         0.
  0.         0.08533333 0.         0.         0.         0.21333333
  0.64       0.         0.         0.256      0.         0.
  0.         0.         0.07893333 0.         0.         0.
  0.8        0.         0.08533333 0.8        0.         0.
  0.         0.         0.         0.         0.         0.
  0.         0.256      0.         0.         0.         0.
  0.256      0.         0.8        0.         0.         0.
  0.         0.         0.64       0.         0.         0.
  0.256      0.         0.         0.         0.         0.256
  0.         0.         0.         0.         0.         0.
  0.         0.         0.         0.         0.         0.
  0.256      0.         0.         0.21333333 0.         0.
  0.         0.256      0.17066667 0.128      0.         0.
  0.256      0.         0.         0.         0.         0.
  0.         0.256      0.256      0.         0.         0.64
  0.         0.8        0.         0.256      0.17066667 0.
  0.         0.         0.         0.         0.         0.11377778
  0.         0.8        0.         0.         0.         0.128
  0.256      0.         0.         0.8        0.05688889 0.
  0.         0.         0.         0.8        0.64       0.
  0.         0.         0.         0.         0.         0.
  0.         0.         0.         0.         0.         0.
  0.         0.         0.256      0.         0.         0.256
  0.64       0.18488889 0.         0.         0.         0.256
  0.         0.         0.         0.         0.         0.
  0.64       0.         0.         0.         0.         0.03754667
  0.         0.03413333 0.         0.         0.         0.
  0.         0.         0.8        0.         0.256      0.8
  0.         0.         0.64       0.09386667 0.64       0.
  0.         0.         0.8        0.         0.         0.
  0.         0.         0.256      0.         0.         0.
  0.256      0.         0.         0.21333333 0.256      0.
  0.         0.21333333 0.         0.         0.         0.
  0.07893333 0.         0.         0.         0.256      0.256
  0.8        0.         0.256      0.         0.256      0.8
  0.256      0.         0.         0.         0.         0.21333333
  0.256      0.         0.         0.         0.         0.256
  0.         0.         0.256      0.8        0.256      0.256
  0.         0.         0.256      0.21333333 0.         0.192
  0.         0.         0.256      0.         0.06257778 0.
  0.21333333 0.         0.03413333 0.03413333 0.         0.
  0.         0.         0.         0.72       0.         0.
  0.         0.         0.17066667 0.         0.192      0.
  0.         0.         0.         0.         0.         0.
  0.         0.64       0.         0.21333333 0.17066667 0.
  0.         0.8        0.         0.         0.         0.
  0.         0.         0.         0.         0.256      0.15847619
  0.         0.         0.         0.         0.         0.
  0.         0.8        0.8        0.         0.         0.
  0.         0.         0.         0.         0.         0.
  0.256      0.256      0.         0.         0.         0.
  0.         0.         0.         0.         0.         0.1152
  0.64       0.         0.         0.         0.         0.
  0.        ]]"
"[[0.         0.         0.         0.         0.         0.
  0.         0.         0.         0.         0.         0.
  0.         0.         0.         0.8        0.         0.08533333
  0.         0.         0.         0.         0.         0.
  0.         0.         0.8        1.         0.         0.
  0.64       0.         0.         0.         0.         0.
  0.         0.         0.         0.8        0.         0.
  0.         0.8        0.         0.         0.         0.
  0.         0.         0.64       0.         0.         0.
  0.         0.256      0.         0.         0.         0.
  0.256      0.128      0.8        0.         0.         0.
  0.         0.         0.         0.         0.         0.256
  0.         0.         0.8        0.         0.         0.
  0.         0.         0.         0.         0.         0.
  0.         0.         0.         0.         0.         0.
  0.         0.256      0.         0.         0.         0.
  0.         0.         0.256      0.         0.         0.
  0.         0.192      0.         0.         0.256      0.
  0.         0.         0.         0.21333333 0.07893333 0.
  0.07893333 0.         0.         0.128      0.         0.128
  0.         0.         0.         0.         0.         0.256
  0.         0.64       0.         0.         0.         0.
  0.         0.         0.         0.         0.         0.256
  0.256      0.         0.         0.         0.         0.
  0.256      0.         0.         0.8        0.         0.
  0.         0.08533333 0.         0.         0.         0.21333333
  0.64       0.         0.         0.256      0.         0.
  0.         0.         0.07893333 0.         0.         0.
  0.8        0.         0.08533333 0.8        0.         0.
  0.         0.         0.         0.         0.         0.
  0.         0.256      0.         0.         0.         0.
  0.256      0.         0.8        0.         0.         0.
  0.         0.         0.64       0.         0.         0.
  0.256      0.         0.         0.         0.         0.256
  0.         0.         0.         0.         0.         0.
  0.         0.         0.         0.         0.         0.
  0.256      0.         0.         0.21333333 0.         0.
  0.         0.256      0.17066667 0.128      0.         0.
  0.256      0.         0.         0.         0.         0.
  0.         0.256      0.256      0.         0.         0.64
  0.         0.8        0.         0.256      0.17066667 0.
  0.         0.         0.         0.         0.         0.11377778
  0.         0.8        0.         0.         0.         0.128
  0.256      0.         0.         0.8        0.05688889 0.
  0.         0.         0.         0.8        0.64       0.
  0.         0.         0.         0.         0.         0.
  0.         0.         0.         0.         0.         0.
  0.         0.         0.256      0.         0.         0.256
  0.64       0.18488889 0.         0.         0.         0.256
  0.         0.         0.         0.         0.         0.
  0.64       0.         0.         0.         0.         0.03754667
  0.         0.03413333 0.         0.         0.         0.
  0.         0.         0.8        0.         0.256      0.8
  0.         0.         0.64       0.09386667 0.64       0.
  0.         0.         0.8        0.         0.         0.
  0.         0.         0.256      0.         0.         0.
  0.256      0.         0.         0.21333333 0.256      0.
  0.         0.21333333 0.         0.         0.         0.
  0.07893333 0.         0.         0.         0.256      0.256
  0.8        0.         0.256      0.         0.256      0.8
  0.256      0.         0.         0.         0.         0.21333333
  0.256      0.         0.         0.         0.         0.256
  0.         0.         0.256      0.8        0.256      0.256
  0.         0.         0.256      0.21333333 0.         0.192
  0.         0.         0.256      0.         0.06257778 0.
  0.21333333 0.         0.03413333 0.03413333 0.         0.
  0.         0.         0.         0.72       0.         0.
  0.         0.         0.17066667 0.         0.192      0.
  0.         0.         0.         0.         0.         0.
  0.         0.64       0.         0.21333333 0.17066667 0.
  0.         0.8        0.         0.         0.         0.
  0.         0.         0.         0.         0.256      0.15847619
  0.         0.         0.         0.         0.         0.
  0.         0.8        0.8        0.         0.         0.
  0.         0.         0.         0.         0.         0.
  0.256      0.256      0.         0.         0.         0.
  0.         0.         0.         0.         0.         0.1152
  0.64       0.         0.         0.         0.         0.
  0.        ]]"
"[[0.         0.         0.         0.         0.         0.
  0.         0.         0.         0.         0.         0.
  0.         0.         0.         0.         0.         0.
  0.18027303 0.         0.         0.18027303 0.         0.
  0.         0.         0.         0.         1.         0.
  0.         0.23224838 0.         0.         0.         0.
  0.         0.18027303 0.         0.         0.18027303 0.
  0.         0.         0.08956875 0.         0.         0.
  0.         0.         0.         0.         0.         0.
  0.         0.         0.         0.         0.1235114  0.
  0.         0.         0.         0.         0.         0.18027303
  0.         0.         0.         0.         0.         0.
  0.         0.         0.         0.         0.         0.
  0.         0.         0.18027303 0.18027303 0.13142448 0.
  0.         0.         0.         0.23975004 0.         0.18027303
  0.         0.         0.         0.         0.         0.
  0.18027303 0.         0.         0.18027303 0.         0.
  0.         0.         0.         0.         0.         0.
  0.18027303 0.18027303 0.         0.         0.         0.
  0.         0.         0.         0.         0.         0.
  0.         0.         0.06219112 0.         0.         0.
  0.         0.         0.         0.         0.18027303 0.
  0.         0.         0.         0.         0.         0.
  0.         0.         0.         0.12137743 0.18027303 0.
  0.         0.         0.         0.         0.         0.
  0.         0.         0.         0.         0.         0.
  0.         0.         0.         0.         0.         0.18027303
  0.         0.         0.         0.         0.         0.18027303
  0.         0.         0.         0.         0.         0.
  0.         0.18027303 0.         0.         0.         0.
  0.         0.         0.         0.         0.         0.08956875
  0.         0.         0.         0.06296782 0.         0.
  0.         0.         0.         0.         0.         0.
  0.         0.         0.         0.         0.         0.
  0.18027303 0.         0.         0.         0.18027303 0.18027303
  0.         0.         0.         0.         0.         0.
  0.         0.         0.         0.         0.         0.
  0.         0.         0.         0.         0.         0.
  0.         0.         0.         0.         0.         0.
  0.         0.         0.         0.         0.         0.
  0.         0.         0.06571224 0.         0.         0.
  0.18027303 0.         0.         0.         0.18027303 0.
  0.         0.         0.11977257 0.         0.07978008 0.
  0.         0.         0.         0.         0.         0.
  0.         0.         0.         0.         0.         0.
  0.         0.         0.         0.         0.         0.
  0.         0.         0.         0.         0.         0.
  0.         0.         0.         0.         0.         0.
  0.         0.         0.         0.         0.18027303 0.
  0.         0.         0.         0.         0.         0.
  0.         0.         0.18027303 0.         0.057479   0.
  0.18027303 0.         0.         0.         0.         0.
  0.         0.         0.         0.         0.         0.
  0.         0.         0.         0.         0.         0.
  0.         0.         0.         0.         0.         0.
  0.8        0.18027303 0.         0.         0.         0.
  0.         0.18027303 0.18027303 0.         0.         0.
  0.         0.         0.         0.         0.         0.
  0.         0.         0.18027303 0.         0.         0.
  0.         0.18027303 0.         0.         0.         0.
  0.         0.         0.         0.18027303 0.         0.
  0.         0.         0.         0.         0.         0.
  0.         0.         0.         0.         0.         0.
  0.08075147 0.         0.         0.         0.         0.
  0.         0.         0.         0.         0.         0.
  0.         0.18027303 0.         0.         0.         0.
  0.07556139 0.         0.         0.         0.18027303 0.18027303
  0.         0.         0.         0.         0.         0.
  0.         0.         0.         0.         0.         0.
  0.         0.         0.18027303 0.         0.         0.
  0.         0.         0.23224838 0.         0.         0.18027303
  0.         0.         0.18027303 0.         0.         0.
  0.         0.         0.0927424  0.         0.18027303 0.
  0.         0.         0.         0.         0.0927424  0.
  0.         0.         0.         0.         0.         0.
  0.         0.         0.         0.         0.         0.
  0.         0.10449687 0.         0.18027303 0.         0.
  0.         0.         0.         0.         0.10599132 0.
  0.        ]]"
"[[0.         0.         0.         0.         0.         0.
  0.         0.         0.         0.         0.         0.
  0.         0.         0.         0.         0.         0.16901401
  0.         0.         0.         0.         0.         0.
  0.         0.         0.         0.         0.         1.
  0.         0.         0.         0.         0.         0.
  0.         0.         0.         0.         0.         0.
  0.         0.         0.         0.         0.         0.
  0.         0.         0.         0.         0.         0.
  0.         0.         0.         0.         0.         0.
  0.         0.11267601 0.         0.         0.         0.
  0.         0.         0.         0.         0.         0.
  0.         0.         0.         0.         0.         0.
  0.         0.         0.         0.         0.         0.
  0.         0.         0.         0.         0.         0.
  0.         0.         0.         0.         0.         0.
  0.         0.         0.         0.         0.         0.
  0.         0.07880267 0.8        0.         0.         0.
  0.         0.         0.         0.11940134 0.03638861 0.
  0.03638861 0.         0.         0.07458022 0.         0.07458022
  0.         0.         0.         0.         0.         0.
  0.         0.         0.         0.         0.         0.
  0.         0.         0.         0.         0.         0.
  0.         0.         0.         0.         0.         0.
  0.         0.         0.         0.         0.         0.
  0.         0.16901401 0.         0.         0.         0.11940134
  0.         0.         0.         0.         0.         0.
  0.         0.         0.03638861 0.         0.16       0.
  0.         0.         0.16901401 0.         0.         0.
  0.         0.         0.         0.         0.         0.
  0.         0.         0.         0.         0.         0.
  0.         0.         0.         0.         0.         0.
  0.         0.         0.         0.         0.         0.32
  0.         0.         0.         0.         0.         0.
  0.         0.         0.         0.         0.         0.
  0.         0.         0.         0.         0.         0.
  0.         0.         0.         0.11940134 0.8        0.
  0.         0.         0.03820401 0.         0.         0.
  0.         0.         0.         0.         0.         0.
  0.         0.         0.         0.         0.         0.
  0.         0.         0.         0.         0.03820401 0.
  0.         0.         0.         0.         0.         0.056338
  0.         0.         0.         0.         0.         0.11267601
  0.         0.         0.         0.         0.11940134 0.
  0.         0.         0.         0.         0.         0.
  0.         0.         0.         0.         0.         0.
  0.         0.         0.         0.         0.         0.
  0.         0.         0.         0.         0.         0.
  0.         0.06526978 0.         0.         0.         0.
  0.         0.         0.         0.         0.         0.
  0.         0.         0.         0.         0.         0.07819484
  0.         0.02157087 0.         0.         0.         0.
  0.         0.         0.         0.         0.         0.
  0.         0.         0.         0.04132786 0.         0.
  0.         0.         0.         0.         0.         0.
  0.         0.         0.         0.         0.         0.
  0.         0.         0.         0.11940134 0.         0.
  0.         0.11940134 0.         0.         0.         0.
  0.03638861 0.         0.         0.         0.         0.
  0.         0.         0.         0.         0.         0.
  0.         0.         0.         0.         0.         0.11940134
  0.         0.         0.         0.         0.         0.
  0.         0.         0.         0.         0.         0.
  0.         0.         0.         0.11940134 0.         0.07880267
  0.         0.         0.         0.         0.02365807 0.
  0.11940134 0.         0.02157087 0.02157087 0.8        0.
  0.         0.         0.         0.         0.         0.
  0.         0.         0.08450701 0.         0.07880267 0.
  0.         0.         0.         0.         0.32       0.
  0.         0.         0.         0.11940134 0.03820401 0.
  0.         0.         0.         0.         0.         0.
  0.         0.         0.         0.         0.         0.17062372
  0.         0.         0.         0.         0.         0.
  0.         0.         0.         0.         0.         0.
  0.         0.         0.         0.         0.         0.
  0.         0.         0.         0.         0.         0.
  0.         0.         0.         0.         0.         0.04978639
  0.         0.         0.         0.         0.         0.
  0.        ]]"
"[[0.         0.         0.         0.         0.         0.
  0.         0.         0.         0.         0.         0.
  0.         0.         0.         0.64       0.         0.08533333
  0.         0.         0.         0.         0.         0.
  0.         0.         0.64       0.64       0.         0.
  1.         0.         0.         0.         0.         0.
  0.         0.         0.         0.64       0.         0.
  0.         0.64       0.         0.         0.         0.
  0.         0.         0.8        0.         0.         0.
  0.         0.256      0.         0.         0.         0.
  0.256      0.128      0.64       0.         0.         0.
  0.         0.         0.         0.         0.         0.256
  0.         0.         0.64       0.         0.         0.
  0.         0.         0.         0.         0.         0.
  0.         0.         0.         0.         0.         0.
  0.         0.256      0.         0.         0.         0.
  0.         0.         0.256      0.         0.         0.
  0.         0.192      0.         0.         0.256      0.
  0.         0.         0.         0.21333333 0.07893333 0.
  0.07893333 0.         0.         0.128      0.         0.128
  0.         0.         0.         0.         0.         0.256
  0.         0.8        0.         0.         0.         0.
  0.         0.         0.         0.         0.         0.256
  0.256      0.         0.         0.         0.         0.
  0.256      0.         0.         0.64       0.         0.
  0.         0.08533333 0.         0.         0.         0.21333333
  0.8        0.         0.         0.256      0.         0.
  0.         0.         0.07893333 0.         0.         0.
  0.64       0.         0.08533333 0.64       0.         0.
  0.         0.         0.         0.         0.         0.
  0.         0.256      0.         0.         0.         0.
  0.256      0.         0.64       0.         0.         0.
  0.         0.         0.8        0.         0.         0.
  0.256      0.         0.         0.         0.         0.256
  0.         0.         0.         0.         0.         0.
  0.         0.         0.         0.         0.         0.
  0.256      0.         0.         0.21333333 0.         0.
  0.         0.256      0.17066667 0.128      0.         0.
  0.256      0.         0.         0.         0.         0.
  0.         0.256      0.256      0.         0.         0.8
  0.         0.64       0.         0.256      0.17066667 0.
  0.         0.         0.         0.         0.         0.11377778
  0.         0.64       0.         0.         0.         0.128
  0.256      0.         0.         0.64       0.05688889 0.
  0.         0.         0.         0.64       0.8        0.
  0.         0.         0.         0.         0.         0.
  0.         0.         0.         0.         0.         0.
  0.         0.         0.256      0.         0.         0.256
  0.8        0.18488889 0.         0.         0.         0.256
  0.         0.         0.         0.         0.         0.
  0.8        0.         0.         0.         0.         0.03754667
  0.         0.03413333 0.         0.         0.         0.
  0.         0.         0.64       0.         0.256      0.64
  0.         0.         0.8        0.09386667 0.8        0.
  0.         0.         0.64       0.         0.         0.
  0.         0.         0.256      0.         0.         0.
  0.256      0.         0.         0.21333333 0.256      0.
  0.         0.21333333 0.         0.         0.         0.
  0.07893333 0.         0.         0.         0.256      0.256
  0.64       0.         0.256      0.         0.256      0.64
  0.256      0.         0.         0.         0.         0.21333333
  0.256      0.         0.         0.         0.         0.256
  0.         0.         0.256      0.64       0.256      0.256
  0.         0.         0.256      0.21333333 0.         0.192
  0.         0.         0.256      0.         0.06257778 0.
  0.21333333 0.         0.03413333 0.03413333 0.         0.
  0.         0.         0.         0.72       0.         0.
  0.         0.         0.17066667 0.         0.192      0.
  0.         0.         0.         0.         0.         0.
  0.         0.8        0.         0.21333333 0.17066667 0.
  0.         0.64       0.         0.         0.         0.
  0.         0.         0.         0.         0.256      0.15847619
  0.         0.         0.         0.         0.         0.
  0.         0.64       0.64       0.         0.         0.
  0.         0.         0.         0.         0.         0.
  0.256      0.256      0.         0.         0.         0.
  0.         0.         0.         0.         0.         0.1152
  0.8        0.         0.         0.         0.         0.
  0.        ]]"
"[[0.         0.         0.         0.         0.         0.
  0.         0.         0.         0.         0.         0.
  0.         0.         0.         0.         0.         0.
  0.1714402  0.         0.         0.1714402  0.         0.
  0.         0.         0.         0.         0.23224838 0.
  0.         1.         0.         0.         0.         0.
  0.         0.1714402  0.         0.         0.1714402  0.
  0.         0.         0.08216216 0.         0.         0.
  0.         0.         0.         0.         0.         0.
  0.         0.         0.         0.         0.10893427 0.
  0.         0.         0.         0.         0.         0.1714402
  0.         0.         0.         0.         0.         0.
  0.         0.         0.         0.         0.         0.
  0.         0.         0.1714402  0.1714402  0.12318494 0.
  0.         0.         0.         0.18164833 0.         0.1714402
  0.         0.         0.         0.         0.         0.
  0.1714402  0.         0.         0.1714402  0.         0.
  0.         0.         0.         0.         0.         0.
  0.1714402  0.1714402  0.         0.         0.         0.
  0.         0.         0.         0.         0.         0.
  0.         0.         0.07355846 0.         0.         0.
  0.         0.         0.         0.         0.1714402  0.
  0.         0.         0.         0.         0.         0.
  0.         0.         0.         0.10958842 0.1714402  0.
  0.         0.         0.         0.         0.         0.
  0.         0.         0.         0.         0.         0.
  0.         0.         0.         0.         0.         0.1714402
  0.         0.         0.         0.         0.         0.1714402
  0.         0.         0.         0.         0.         0.
  0.         0.1714402  0.         0.         0.         0.
  0.         0.         0.         0.         0.         0.08216216
  0.         0.         0.         0.06050384 0.         0.
  0.         0.         0.         0.         0.         0.
  0.         0.         0.         0.         0.         0.
  0.1714402  0.         0.         0.         0.1714402  0.1714402
  0.         0.         0.         0.         0.         0.
  0.         0.         0.         0.         0.         0.
  0.         0.         0.         0.         0.         0.
  0.         0.         0.         0.         0.         0.
  0.         0.         0.         0.         0.         0.
  0.         0.         0.06159247 0.         0.         0.
  0.1714402  0.         0.         0.         0.1714402  0.
  0.         0.         0.1113546  0.         0.08792336 0.
  0.         0.         0.         0.         0.         0.
  0.         0.         0.         0.         0.         0.
  0.         0.         0.         0.         0.         0.
  0.         0.         0.         0.         0.         0.
  0.         0.         0.         0.         0.         0.
  0.         0.         0.         0.         0.1714402  0.
  0.         0.         0.         0.         0.         0.
  0.         0.         0.1714402  0.         0.05832658 0.
  0.1714402  0.         0.         0.         0.         0.
  0.         0.         0.         0.         0.         0.
  0.         0.         0.         0.         0.         0.
  0.         0.         0.         0.         0.         0.
  0.23224838 0.1714402  0.         0.         0.         0.
  0.         0.1714402  0.1714402  0.         0.         0.
  0.         0.         0.         0.         0.         0.
  0.         0.         0.1714402  0.         0.         0.
  0.         0.1714402  0.         0.         0.         0.
  0.         0.         0.         0.1714402  0.         0.
  0.         0.         0.         0.         0.         0.
  0.         0.         0.         0.         0.         0.
  0.07379787 0.         0.         0.         0.         0.
  0.         0.         0.         0.         0.         0.
  0.         0.1714402  0.         0.         0.         0.
  0.07260461 0.         0.         0.         0.1714402  0.1714402
  0.         0.         0.         0.         0.         0.
  0.         0.         0.         0.         0.         0.
  0.         0.         0.1714402  0.         0.         0.
  0.         0.         0.8        0.         0.         0.1714402
  0.         0.         0.1714402  0.         0.         0.
  0.         0.         0.08647354 0.         0.1714402  0.
  0.         0.         0.         0.         0.08647354 0.
  0.         0.         0.         0.         0.         0.
  0.         0.         0.         0.         0.         0.
  0.         0.09585586 0.         0.1714402  0.         0.
  0.         0.         0.         0.         0.0988269  0.
  0.        ]]"
"[[0.         0.         0.         0.         0.         0.
  0.         0.         0.         0.         0.         0.
  0.         0.         0.         0.         0.         0.
  0.         0.         0.         0.         0.         0.
  0.21333333 0.256      0.         0.         0.         0.
  0.         0.         1.         0.         0.         0.
  0.         0.         0.         0.         0.         0.
  0.         0.         0.         0.         0.         0.
  0.         0.         0.         0.29866667 0.         0.
  0.         0.         0.         0.29866667 0.         0.
  0.         0.         0.         0.12515556 0.29866667 0.
  0.         0.         0.         0.         0.8        0.
  0.29866667 0.         0.         0.29866667 0.         0.
  0.29866667 0.         0.         0.         0.         0.
  0.29866667 0.29866667 0.         0.         0.         0.
  0.         0.         0.         0.         0.         0.29866667
  0.         0.29866667 0.         0.         0.         0.
  0.         0.         0.         0.29866667 0.         0.
  0.         0.         0.         0.         0.         0.
  0.         0.29866667 0.         0.         0.         0.
  0.         0.         0.         0.         0.         0.
  0.         0.         0.         0.256      0.         0.
  0.         0.         0.         0.         0.         0.
  0.         0.         0.         0.         0.         0.
  0.         0.         0.         0.         0.         0.
  0.         0.         0.         0.         0.         0.
  0.         0.         0.         0.         0.         0.
  0.         0.         0.         0.         0.         0.
  0.         0.         0.         0.         0.         0.
  0.         0.         0.         0.         0.29866667 0.
  0.         0.         0.         0.         0.         0.
  0.         0.         0.         0.         0.         0.
  0.         0.29866667 0.         0.         0.         0.
  0.         0.256      0.         0.         0.         0.
  0.         0.12515556 0.         0.         0.         0.
  0.         0.         0.         0.29866667 0.         0.
  0.         0.15644444 0.         0.         0.         0.10666667
  0.         0.         0.         0.         0.         0.
  0.         0.         0.12515556 0.         0.         0.15644444
  0.         0.         0.         0.29866667 0.         0.
  0.         0.         0.         0.         0.         0.
  0.         0.         0.         0.         0.         0.
  0.         0.         0.         0.         0.         0.
  0.         0.         0.         0.         0.         0.
  0.         0.         0.         0.         0.         0.29866667
  0.         0.         0.         0.         0.12515556 0.
  0.         0.         0.         0.29866667 0.         0.
  0.         0.         0.         0.         0.         0.
  0.         0.         0.29866667 0.         0.         0.
  0.15644444 0.         0.         0.         0.         0.27022222
  0.         0.         0.         0.29866667 0.         0.
  0.         0.         0.         0.         0.29866667 0.
  0.         0.         0.         0.         0.         0.
  0.         0.         0.         0.         0.         0.
  0.         0.         0.         0.         0.8        0.
  0.         0.         0.         0.         0.15644444 0.
  0.         0.         0.         0.         0.         0.
  0.         0.         0.         0.29866667 0.         0.
  0.         0.         0.         0.         0.         0.
  0.         0.         0.         0.         0.         0.
  0.         0.         0.29866667 0.         0.29866667 0.
  0.         0.         0.29866667 0.         0.         0.
  0.         0.         0.         0.         0.         0.
  0.         0.         0.         0.         0.         0.
  0.         0.29866667 0.         0.12515556 0.         0.
  0.         0.         0.         0.         0.         0.29866667
  0.         0.         0.         0.         0.         0.
  0.         0.         0.         0.12515556 0.         0.29866667
  0.         0.         0.         0.         0.         0.
  0.         0.         0.         0.         0.         0.
  0.         0.         0.         0.         0.         0.
  0.         0.         0.         0.29866667 0.         0.
  0.         0.         0.         0.29866667 0.         0.
  0.         0.         0.         0.         0.         0.
  0.29866667 0.29866667 0.21333333 0.         0.         0.
  0.         0.         0.         0.         0.         0.
  0.         0.         0.         0.         0.29866667 0.
  0.         0.29866667 0.12515556 0.29866667 0.         0.
  0.        ]]"
"[[0.         0.         0.         0.         0.         0.
  0.         0.         0.         0.         0.         0.
  0.         0.         0.         0.         0.         0.
  0.         0.1852518  0.2420257  0.         0.23448939 0.
  0.         0.         0.         0.         0.         0.
  0.         0.         0.         1.         0.         0.
  0.         0.         0.         0.         0.         0.23202357
  0.19722966 0.         0.         0.         0.         0.
  0.         0.         0.         0.         0.         0.
  0.         0.         0.         0.         0.         0.
  0.         0.         0.         0.         0.         0.
  0.         0.         0.25314935 0.         0.         0.
  0.         0.         0.         0.         0.         0.
  0.         0.         0.         0.         0.         0.
  0.         0.         0.         0.         0.         0.
  0.27901722 0.         0.20032133 0.         0.22239506 0.
  0.         0.         0.         0.         0.         0.
  0.         0.         0.         0.         0.         0.30992325
  0.         0.         0.         0.         0.         0.
  0.         0.         0.         0.         0.         0.
  0.         0.         0.         0.         0.         0.
  0.         0.         0.         0.         0.         0.
  0.         0.         0.         0.35662082 0.         0.
  0.         0.         0.         0.         0.         0.
  0.         0.         0.         0.         0.         0.
  0.2108053  0.         0.         0.         0.         0.
  0.         0.         0.         0.         0.         0.
  0.         0.         0.         0.30837404 0.         0.
  0.         0.         0.         0.         0.         0.
  0.         0.         0.         0.         0.         0.
  0.         0.         0.         0.         0.         0.
  0.         0.         0.         0.         0.         0.
  0.         0.         0.         0.         0.         0.
  0.         0.         0.         0.         0.20892317 0.
  0.         0.         0.         0.         0.         0.
  0.         0.         0.         0.         0.         0.
  0.         0.         0.         0.         0.         0.
  0.         0.         0.         0.         0.         0.
  0.         0.         0.         0.         0.         0.
  0.         0.         0.         0.         0.         0.
  0.         0.         0.         0.         0.         0.
  0.         0.         0.         0.         0.         0.
  0.         0.         0.         0.         0.         0.
  0.         0.         0.         0.         0.         0.
  0.         0.         0.         0.         0.         0.
  0.         0.17007839 0.         0.         0.         0.17254739
  0.         0.         0.         0.         0.         0.
  0.         0.         0.         0.         0.         0.
  0.         0.         0.         0.         0.         0.
  0.         0.         0.         0.         0.         0.
  0.         0.         0.         0.         0.         0.
  0.         0.         0.         0.         0.         0.
  0.         0.         0.         0.         0.         0.
  0.         0.28318114 0.         0.         0.         0.
  0.         0.17196051 0.         0.         0.         0.21595398
  0.         0.         0.         0.         0.         0.
  0.         0.         0.         0.         0.         0.
  0.         0.         0.         0.         0.         0.
  0.         0.         0.         0.         0.         0.
  0.         0.         0.         0.         0.         0.
  0.         0.         0.         0.         0.         0.
  0.         0.38220217 0.         0.         0.         0.
  0.         0.         0.         0.         0.         0.
  0.         0.         0.         0.         0.         0.
  0.17444773 0.         0.         0.         0.         0.
  0.         0.         0.         0.         0.         0.
  0.         0.         0.         0.         0.         0.
  0.         0.         0.         0.         0.         0.
  0.         0.         0.         0.         0.         0.
  0.         0.         0.         0.         0.         0.
  0.35662082 0.         0.         0.         0.         0.
  0.         0.         0.         0.         0.         0.
  0.         0.         0.         0.         0.         0.17734824
  0.         0.         0.         0.         0.         0.
  0.         0.         0.         0.         0.         0.
  0.         0.         0.         0.         0.         0.
  0.         0.         0.         0.         0.         0.
  0.         0.         0.         0.         0.         0.
  0.        ]]"
"[[0.         0.         0.         0.         0.         0.
  0.         0.         0.         0.         0.         0.
  0.         0.         0.17043872 0.         0.16880941 0.
  0.         0.         0.         0.         0.         0.16799476
  0.         0.         0.         0.         0.         0.
  0.         0.         0.         0.         1.         0.16555081
  0.16722223 0.         0.         0.         0.         0.
  0.         0.         0.         0.         0.16743072 0.17043872
  0.16638652 0.17043872 0.         0.         0.8        0.16751548
  0.16555081 0.         0.16230707 0.         0.         0.18273736
  0.         0.         0.         0.         0.         0.
  0.17043872 0.         0.         0.         0.         0.
  0.         0.16722223 0.         0.         0.16722223 0.17208581
  0.         0.16751548 0.         0.         0.         0.16799476
  0.         0.         0.16773725 0.         0.         0.
  0.         0.         0.         0.16722223 0.         0.
  0.         0.         0.         0.         0.17043872 0.16555081
  0.19280432 0.         0.         0.         0.         0.
  0.         0.         0.16722223 0.         0.         0.16722223
  0.         0.         0.16743072 0.         0.         0.
  0.18192297 0.17043872 0.         0.16722223 0.         0.
  0.164199   0.         0.16696009 0.         0.         0.16771274
  0.16558941 0.164199   0.         0.         0.         0.
  0.         0.16946811 0.18349698 0.         0.         0.17043872
  0.         0.164199   0.16760282 0.         0.17043872 0.17043872
  0.         0.         0.16384744 0.16722223 0.17208581 0.
  0.         0.16199724 0.16968286 0.         0.         0.
  0.16659577 0.17043872 0.         0.         0.         0.
  0.         0.22272214 0.         0.         0.1676085  0.17043872
  0.16722223 0.         0.16621798 0.16722223 0.         0.16410237
  0.16722223 0.         0.16962851 0.1644135  0.16722223 0.
  0.         0.         0.         0.         0.         0.16678467
  0.15640472 0.         0.         0.         0.16743072 0.
  0.         0.         0.         0.16555081 0.         0.
  0.         0.         0.17043872 0.17043872 0.         0.
  0.16631744 0.16722223 0.17043872 0.         0.16901023 0.
  0.         0.         0.16722223 0.         0.         0.
  0.16181348 0.         0.         0.         0.         0.17208581
  0.         0.17043872 0.         0.8        0.16199724 0.
  0.16555081 0.         0.         0.         0.         0.
  0.         0.         0.         0.         0.         0.17208581
  0.         0.39937727 0.17043872 0.18349698 0.         0.
  0.16722223 0.         0.         0.         0.         0.
  0.         0.16555081 0.         0.         0.         0.
  0.17208581 0.         0.17043872 0.         0.         0.
  0.         0.         0.18349698 0.17043872 0.         0.
  0.16659577 0.         0.16722223 0.         0.17085593 0.16722223
  0.16555081 0.14873932 0.         0.         0.16199724 0.
  0.         0.         0.         0.16722223 0.         0.
  0.         0.16093591 0.         0.16265921 0.         0.
  0.         0.16799476 0.         0.         0.         0.
  0.         0.         0.17043872 0.164199   0.         0.17043872
  0.16555081 0.1578832  0.         0.164199   0.         0.
  0.16621798 0.         0.         0.         0.         0.16820749
  0.16517052 0.         0.         0.16722223 0.         0.
  0.         0.         0.         0.         0.         0.16199724
  0.         0.         0.         0.         0.         0.16843339
  0.         0.         0.         0.         0.16763207 0.
  0.         0.         0.         0.16704153 0.         0.
  0.         0.         0.         0.15640472 0.         0.
  0.         0.         0.         0.         0.         0.
  0.         0.         0.         0.16722223 0.         0.
  0.17043872 0.17043872 0.         0.         0.         0.
  0.         0.17195651 0.         0.         0.         0.
  0.         0.         0.         0.         0.         0.17043872
  0.         0.         0.         0.         0.         0.
  0.         0.         0.         0.         0.         0.
  0.16615164 0.         0.         0.         0.         0.
  0.164199   0.         0.16677278 0.         0.         0.17521362
  0.18349698 0.         0.         0.         0.         0.
  0.         0.         0.         0.17043872 0.16181348 0.
  0.164199   0.16799476 0.         0.         0.         0.
  0.16722223 0.         0.         0.         0.         0.
  0.18349698 0.         0.         0.16555081 0.         0.
  0.         0.         0.         0.         0.16722223 0.16638652
  0.         0.         0.         0.16722223 0.16722223 0.
  0.16722223 0.         0.17043872 0.         0.         0.
  0.         0.         0.         0.         0.         0.
  0.        ]]"
"[[0.         0.         0.         0.         0.         0.
  0.         0.         0.         0.         0.         0.
  0.         0.         0.15288238 0.         0.31525492 0.
  0.         0.         0.         0.         0.         0.39644119
  0.         0.         0.         0.         0.         0.
  0.         0.         0.         0.         0.16555081 1.
  0.19688817 0.         0.         0.         0.         0.
  0.         0.         0.         0.         0.21552425 0.15288238
  0.41844408 0.15288238 0.         0.         0.16555081 0.27588993
  0.64       0.         0.45152548 0.         0.         0.34526265
  0.         0.         0.         0.         0.         0.
  0.15288238 0.         0.         0.         0.         0.
  0.         0.19688817 0.         0.         0.19688817 0.17063393
  0.         0.27588993 0.         0.         0.         0.39644119
  0.         0.         0.32992352 0.         0.         0.
  0.         0.         0.         0.19688817 0.         0.
  0.         0.         0.         0.         0.15288238 0.64
  0.36359338 0.         0.         0.         0.         0.
  0.         0.         0.19688817 0.         0.         0.19688817
  0.         0.         0.21552425 0.         0.         0.
  0.34957728 0.15288238 0.         0.19688817 0.         0.
  0.27555516 0.         0.21844076 0.         0.         0.30598272
  0.44546541 0.27555516 0.         0.         0.         0.
  0.         0.21213688 0.18150249 0.         0.         0.15288238
  0.         0.27555516 0.34519327 0.         0.15288238 0.15288238
  0.         0.         0.54049938 0.19688817 0.17063393 0.
  0.         0.24811786 0.45541719 0.         0.         0.
  0.27126125 0.15288238 0.         0.         0.         0.
  0.         0.17325139 0.         0.         0.29986468 0.15288238
  0.19688817 0.         0.20050012 0.19688817 0.         0.26462456
  0.19688817 0.         0.27909967 0.39826758 0.19688817 0.
  0.         0.         0.         0.         0.         0.30664182
  0.12955812 0.         0.         0.         0.21552425 0.
  0.         0.         0.         0.64       0.         0.
  0.         0.         0.15288238 0.15288238 0.         0.
  0.40888207 0.19688817 0.15288238 0.         0.25843857 0.
  0.         0.         0.19688817 0.         0.         0.
  0.16322314 0.         0.         0.         0.         0.17063393
  0.         0.15288238 0.         0.16555081 0.24811786 0.
  0.64       0.         0.         0.         0.         0.
  0.         0.         0.         0.         0.         0.17063393
  0.         0.19191423 0.15288238 0.18150249 0.         0.
  0.19688817 0.         0.         0.         0.         0.
  0.         0.64       0.         0.         0.         0.
  0.17063393 0.         0.15288238 0.         0.         0.
  0.         0.         0.18150249 0.15288238 0.         0.
  0.27126125 0.         0.19688817 0.         0.35197444 0.19688817
  0.64       0.4306133  0.         0.         0.24811786 0.
  0.         0.         0.         0.19688817 0.         0.
  0.         0.39968985 0.         0.21372071 0.         0.
  0.         0.39644119 0.         0.         0.         0.
  0.         0.         0.15288238 0.27555516 0.         0.15288238
  0.64       0.4875071  0.         0.27555516 0.         0.
  0.20050012 0.         0.         0.         0.         0.38582654
  0.47518149 0.         0.         0.19688817 0.         0.
  0.         0.         0.         0.         0.         0.24811786
  0.         0.         0.         0.         0.         0.19464363
  0.         0.         0.         0.         0.4332127  0.
  0.         0.         0.         0.2093759  0.         0.
  0.         0.         0.         0.12955812 0.         0.
  0.         0.         0.         0.         0.         0.
  0.         0.         0.         0.19688817 0.         0.
  0.15288238 0.15288238 0.         0.         0.         0.
  0.         0.32446679 0.         0.         0.         0.
  0.         0.         0.         0.         0.         0.15288238
  0.         0.         0.         0.         0.         0.
  0.         0.         0.         0.         0.         0.
  0.28669628 0.         0.         0.         0.         0.
  0.27555516 0.         0.5182206  0.         0.         0.46327201
  0.18150249 0.         0.         0.         0.         0.
  0.         0.         0.         0.15288238 0.16322314 0.
  0.27555516 0.39644119 0.         0.         0.         0.
  0.19688817 0.         0.         0.         0.         0.
  0.18150249 0.         0.         0.64       0.         0.
  0.         0.         0.         0.         0.19688817 0.41844408
  0.         0.         0.         0.19688817 0.19688817 0.
  0.19688817 0.         0.15288238 0.         0.         0.
  0.         0.         0.         0.         0.         0.
  0.        ]]"
"[[0.         0.         0.         0.         0.         0.
  0.         0.         0.         0.         0.         0.
  0.         0.         0.44519629 0.         0.34109358 0.
  0.         0.         0.         0.         0.         0.30504223
  0.         0.         0.         0.         0.         0.
  0.         0.         0.         0.         0.16722223 0.19688817
  1.         0.         0.         0.         0.         0.
  0.         0.         0.         0.         0.35217833 0.44519629
  0.49844408 0.44519629 0.         0.         0.16722223 0.31392908
  0.19688817 0.         0.21882826 0.         0.         0.27036244
  0.         0.         0.         0.         0.         0.
  0.44519629 0.         0.         0.         0.         0.
  0.         0.8        0.         0.         0.8        0.30559631
  0.         0.31392908 0.         0.         0.         0.32104223
  0.         0.         0.48069482 0.         0.         0.
  0.         0.         0.         0.8        0.         0.
  0.         0.         0.         0.         0.44519629 0.19688817
  0.27244033 0.         0.         0.         0.         0.
  0.         0.         0.8        0.         0.         0.8
  0.         0.         0.35217833 0.         0.         0.
  0.26934124 0.44519629 0.         0.8        0.         0.
  0.19803805 0.         0.21273726 0.         0.         0.33661028
  0.23367679 0.19803805 0.         0.         0.         0.
  0.         0.34800769 0.30330801 0.         0.         0.44519629
  0.         0.19803805 0.25181577 0.         0.44519629 0.44519629
  0.         0.         0.22385962 0.8        0.30559631 0.
  0.         0.23221395 0.2088635  0.         0.         0.
  0.30030989 0.44519629 0.         0.         0.         0.
  0.         0.15772201 0.         0.         0.35121833 0.44519629
  0.8        0.         0.32270512 0.8        0.         0.25781531
  0.8        0.         0.33221926 0.2599427  0.8        0.
  0.         0.         0.         0.         0.         0.28911228
  0.27976745 0.         0.         0.         0.35217833 0.
  0.         0.         0.         0.19688817 0.         0.
  0.         0.         0.44519629 0.44519629 0.         0.
  0.25335758 0.8        0.44519629 0.         0.3007382  0.
  0.         0.         0.8        0.         0.         0.
  0.53988372 0.         0.         0.         0.         0.30559631
  0.         0.44519629 0.         0.16722223 0.23221395 0.
  0.19688817 0.         0.         0.         0.         0.
  0.         0.         0.         0.         0.         0.30559631
  0.         0.22204062 0.44519629 0.30330801 0.         0.
  0.8        0.         0.         0.         0.         0.
  0.         0.19688817 0.         0.         0.         0.
  0.30559631 0.         0.44519629 0.         0.         0.
  0.         0.         0.30330801 0.44519629 0.         0.
  0.30030989 0.         0.8        0.         0.26506675 0.8
  0.19688817 0.16938025 0.         0.         0.23221395 0.
  0.         0.         0.         0.8        0.         0.
  0.         0.3976032  0.         0.4551134  0.         0.
  0.         0.32104223 0.         0.         0.         0.
  0.         0.         0.44519629 0.19803805 0.         0.44519629
  0.19688817 0.18448348 0.         0.19803805 0.         0.
  0.32270512 0.         0.         0.         0.         0.26945262
  0.23880605 0.         0.         0.8        0.         0.
  0.         0.         0.         0.         0.         0.23221395
  0.         0.         0.         0.         0.         0.38318432
  0.         0.         0.         0.         0.23220332 0.
  0.         0.         0.         0.26890513 0.         0.
  0.         0.         0.         0.27976745 0.         0.
  0.         0.         0.         0.         0.         0.
  0.         0.         0.         0.8        0.         0.
  0.44519629 0.44519629 0.         0.         0.         0.
  0.         0.27067282 0.         0.         0.         0.
  0.         0.         0.         0.         0.         0.44519629
  0.         0.         0.         0.         0.         0.
  0.         0.         0.         0.         0.         0.
  0.31138062 0.         0.         0.         0.         0.
  0.19803805 0.         0.2509652  0.         0.         0.22037888
  0.30330801 0.         0.         0.         0.         0.
  0.         0.         0.         0.44519629 0.53988372 0.
  0.19803805 0.30504223 0.         0.         0.         0.
  0.8        0.         0.         0.         0.         0.
  0.30330801 0.         0.         0.19688817 0.         0.
  0.         0.         0.         0.         0.8        0.49844408
  0.         0.         0.         0.8        0.8        0.
  0.8        0.         0.44519629 0.         0.         0.
  0.         0.         0.         0.         0.         0.
  0.        ]]"
"[[0.         0.         0.         0.         0.         0.
  0.         0.         0.         0.         0.         0.
  0.         0.         0.         0.         0.         0.
  0.8        0.         0.         0.8        0.         0.
  0.         0.         0.         0.         0.18027303 0.
  0.         0.1714402  0.         0.         0.         0.
  0.         1.         0.         0.         0.8        0.
  0.         0.         0.08535929 0.         0.         0.
  0.         0.         0.         0.         0.         0.
  0.         0.         0.         0.         0.12027214 0.
  0.         0.         0.         0.         0.         0.8
  0.         0.         0.         0.         0.         0.
  0.         0.         0.         0.         0.         0.
  0.         0.         0.8        0.8        0.12856171 0.
  0.         0.         0.         0.16985201 0.         0.8
  0.         0.         0.         0.         0.         0.
  0.8        0.         0.         0.8        0.         0.
  0.         0.         0.         0.         0.         0.
  0.8        0.8        0.         0.         0.         0.
  0.         0.         0.         0.         0.         0.
  0.         0.         0.08526979 0.         0.         0.
  0.         0.         0.         0.         0.8        0.
  0.         0.         0.         0.         0.         0.
  0.         0.         0.         0.11346386 0.8        0.
  0.         0.         0.         0.         0.         0.
  0.         0.         0.         0.         0.         0.
  0.         0.         0.         0.         0.         0.8
  0.         0.         0.         0.         0.         0.8
  0.         0.         0.         0.         0.         0.
  0.         0.8        0.         0.         0.         0.
  0.         0.         0.         0.         0.         0.08535929
  0.         0.         0.         0.07191812 0.         0.
  0.         0.         0.         0.         0.         0.
  0.         0.         0.         0.         0.         0.
  0.8        0.         0.         0.         0.8        0.8
  0.         0.         0.         0.         0.         0.
  0.         0.         0.         0.         0.         0.
  0.         0.         0.         0.         0.         0.
  0.         0.         0.         0.         0.         0.
  0.         0.         0.         0.         0.         0.
  0.         0.         0.06428085 0.         0.         0.
  0.8        0.         0.         0.         0.8        0.
  0.         0.         0.12869422 0.         0.11497495 0.
  0.         0.         0.         0.         0.         0.
  0.         0.         0.         0.         0.         0.
  0.         0.         0.         0.         0.         0.
  0.         0.         0.         0.         0.         0.
  0.         0.         0.         0.         0.         0.
  0.         0.         0.         0.         0.8        0.
  0.         0.         0.         0.         0.         0.
  0.         0.         0.8        0.         0.08719264 0.
  0.8        0.         0.         0.         0.         0.
  0.         0.         0.         0.         0.         0.
  0.         0.         0.         0.         0.         0.
  0.         0.         0.         0.         0.         0.
  0.18027303 0.8        0.         0.         0.         0.
  0.         0.8        0.8        0.         0.         0.
  0.         0.         0.         0.         0.         0.
  0.         0.         0.8        0.         0.         0.
  0.         0.8        0.         0.         0.         0.
  0.         0.         0.         0.8        0.         0.
  0.         0.         0.         0.         0.         0.
  0.         0.         0.         0.         0.         0.
  0.08297931 0.         0.         0.         0.         0.
  0.         0.         0.         0.         0.         0.
  0.         0.8        0.         0.         0.         0.
  0.08630174 0.         0.         0.         0.8        0.8
  0.         0.         0.         0.         0.         0.
  0.         0.         0.         0.         0.         0.
  0.         0.         0.8        0.         0.         0.
  0.         0.         0.1714402  0.         0.         0.8
  0.         0.         0.8        0.         0.         0.
  0.         0.         0.09648754 0.         0.8        0.
  0.         0.         0.         0.         0.09648754 0.
  0.         0.         0.         0.         0.         0.
  0.         0.         0.         0.         0.         0.
  0.         0.09958583 0.         0.8        0.         0.
  0.         0.         0.         0.         0.11027147 0.
  0.        ]]"
"[[0.         0.         0.         0.         0.         0.
  0.         0.         0.         0.         0.         0.
  0.         0.         0.         0.         0.         0.
  0.         0.         0.         0.         0.         0.
  0.         0.         0.         0.         0.         0.
  0.         0.         0.         0.         0.         0.
  0.         0.         1.         0.         0.         0.
  0.         0.         0.         0.         0.         0.
  0.         0.         0.         0.         0.         0.
  0.         0.         0.         0.         0.         0.
  0.         0.         0.         0.         0.         0.
  0.         0.         0.         0.19438697 0.         0.
  0.         0.         0.         0.         0.         0.
  0.         0.         0.         0.         0.         0.
  0.         0.         0.         0.         0.         0.
  0.         0.         0.         0.         0.         0.
  0.         0.         0.         0.         0.         0.
  0.         0.         0.         0.         0.         0.
  0.         0.         0.         0.         0.         0.
  0.         0.         0.         0.         0.         0.
  0.         0.         0.         0.         0.         0.
  0.         0.         0.         0.         0.         0.
  0.         0.         0.15679617 0.         0.         0.
  0.         0.         0.         0.         0.         0.
  0.         0.         0.         0.         0.         0.
  0.         0.         0.         0.         0.         0.
  0.         0.         0.         0.         0.         0.
  0.         0.         0.         0.         0.         0.
  0.         0.         0.         0.         0.         0.
  0.         0.         0.         0.         0.         0.
  0.         0.         0.         0.         0.         0.
  0.         0.         0.         0.         0.         0.
  0.         0.         0.         0.         0.         0.
  0.         0.         0.         0.         0.         0.
  0.         0.         0.         0.         0.         0.
  0.         0.         0.         0.         0.         0.13952609
  0.         0.         0.         0.         0.         0.
  0.         0.         0.         0.         0.         0.
  0.         0.         0.         0.         0.         0.
  0.         0.         0.         0.         0.         0.
  0.         0.         0.         0.         0.         0.
  0.         0.         0.         0.         0.         0.
  0.         0.         0.         0.         0.         0.
  0.         0.         0.         0.         0.         0.17681503
  0.         0.         0.         0.         0.         0.
  0.         0.         0.         0.         0.         0.
  0.         0.19129101 0.         0.         0.         0.
  0.         0.         0.         0.18062702 0.         0.
  0.         0.         0.         0.         0.         0.
  0.         0.         0.         0.         0.17039639 0.
  0.         0.         0.         0.         0.         0.
  0.         0.         0.         0.         0.         0.
  0.         0.         0.         0.         0.         0.
  0.         0.         0.         0.         0.         0.
  0.         0.         0.         0.         0.         0.
  0.         0.         0.         0.         0.         0.
  0.         0.         0.         0.         0.         0.
  0.13952609 0.         0.         0.         0.         0.
  0.         0.13952609 0.         0.         0.         0.
  0.         0.         0.         0.         0.         0.
  0.         0.17773479 0.         0.         0.         0.
  0.         0.         0.         0.         0.         0.
  0.         0.         0.         0.         0.         0.
  0.         0.         0.         0.         0.         0.
  0.         0.         0.         0.         0.         0.
  0.         0.         0.         0.         0.         0.
  0.         0.         0.         0.         0.         0.
  0.         0.         0.         0.         0.         0.
  0.         0.19129101 0.         0.19307354 0.         0.
  0.         0.         0.         0.         0.         0.19438697
  0.         0.         0.         0.         0.         0.
  0.         0.         0.         0.         0.         0.
  0.         0.19129101 0.         0.         0.         0.
  0.         0.         0.         0.         0.         0.
  0.         0.         0.         0.         0.         0.
  0.         0.         0.17884471 0.         0.         0.17529502
  0.         0.         0.         0.         0.         0.
  0.         0.         0.         0.         0.         0.
  0.        ]]"
"[[0.         0.         0.         0.         0.         0.
  0.         0.         0.         0.         0.         0.
  0.         0.         0.         0.8        0.         0.08533333
  0.         0.         0.         0.         0.         0.
  0.         0.         0.8        0.8        0.         0.
  0.64       0.         0.         0.         0.         0.
  0.         0.         0.         1.         0.         0.
  0.         0.8        0.         0.         0.         0.
  0.         0.         0.64       0.         0.         0.
  0.         0.256      0.         0.         0.         0.
  0.256      0.128      0.8        0.         0.         0.
  0.         0.         0.         0.         0.         0.256
  0.         0.         0.8        0.         0.         0.
  0.         0.         0.         0.         0.         0.
  0.         0.         0.         0.         0.         0.
  0.         0.256      0.         0.         0.         0.
  0.         0.         0.256      0.         0.         0.
  0.         0.192      0.         0.         0.256      0.
  0.         0.         0.         0.21333333 0.07893333 0.
  0.07893333 0.         0.         0.128      0.         0.128
  0.         0.         0.         0.         0.         0.256
  0.         0.64       0.         0.         0.         0.
  0.         0.         0.         0.         0.         0.256
  0.256      0.         0.         0.         0.         0.
  0.256      0.         0.         0.8        0.         0.
  0.         0.08533333 0.         0.         0.         0.21333333
  0.64       0.         0.         0.256      0.         0.
  0.         0.         0.07893333 0.         0.         0.
  0.8        0.         0.08533333 0.8        0.         0.
  0.         0.         0.         0.         0.         0.
  0.         0.256      0.         0.         0.         0.
  0.256      0.         0.8        0.         0.         0.
  0.         0.         0.64       0.         0.         0.
  0.256      0.         0.         0.         0.         0.256
  0.         0.         0.         0.         0.         0.
  0.         0.         0.         0.         0.         0.
  0.256      0.         0.         0.21333333 0.         0.
  0.         0.256      0.17066667 0.128      0.         0.
  0.256      0.         0.         0.         0.         0.
  0.         0.256      0.256      0.         0.         0.64
  0.         0.8        0.         0.256      0.17066667 0.
  0.         0.         0.         0.         0.         0.11377778
  0.         0.8        0.         0.         0.         0.128
  0.256      0.         0.         0.8        0.05688889 0.
  0.         0.         0.         0.8        0.64       0.
  0.         0.         0.         0.         0.         0.
  0.         0.         0.         0.         0.         0.
  0.         0.         0.256      0.         0.         0.256
  0.64       0.18488889 0.         0.         0.         0.256
  0.         0.         0.         0.         0.         0.
  0.64       0.         0.         0.         0.         0.03754667
  0.         0.03413333 0.         0.         0.         0.
  0.         0.         0.8        0.         0.256      0.8
  0.         0.         0.64       0.09386667 0.64       0.
  0.         0.         0.8        0.         0.         0.
  0.         0.         0.256      0.         0.         0.
  0.256      0.         0.         0.21333333 0.256      0.
  0.         0.21333333 0.         0.         0.         0.
  0.07893333 0.         0.         0.         0.256      0.256
  0.8        0.         0.256      0.         0.256      0.8
  0.256      0.         0.         0.         0.         0.21333333
  0.256      0.         0.         0.         0.         0.256
  0.         0.         0.256      0.8        0.256      0.256
  0.         0.         0.256      0.21333333 0.         0.192
  0.         0.         0.256      0.         0.06257778 0.
  0.21333333 0.         0.03413333 0.03413333 0.         0.
  0.         0.         0.         0.72       0.         0.
  0.         0.         0.17066667 0.         0.192      0.
  0.         0.         0.         0.         0.         0.
  0.         0.64       0.         0.21333333 0.17066667 0.
  0.         0.8        0.         0.         0.         0.
  0.         0.         0.         0.         0.256      0.15847619
  0.         0.         0.         0.         0.         0.
  0.         0.8        0.8        0.         0.         0.
  0.         0.         0.         0.         0.         0.
  0.256      0.256      0.         0.         0.         0.
  0.         0.         0.         0.         0.         0.1152
  0.64       0.         0.         0.         0.         0.
  0.        ]]"
"[[0.         0.         0.         0.         0.         0.
  0.         0.         0.         0.         0.         0.
  0.         0.         0.         0.         0.         0.
  0.8        0.         0.         0.8        0.         0.
  0.         0.         0.         0.         0.18027303 0.
  0.         0.1714402  0.         0.         0.         0.
  0.         0.8        0.         0.         1.         0.
  0.         0.         0.08535929 0.         0.         0.
  0.         0.         0.         0.         0.         0.
  0.         0.         0.         0.         0.12027214 0.
  0.         0.         0.         0.         0.         0.8
  0.         0.         0.         0.         0.         0.
  0.         0.         0.         0.         0.         0.
  0.         0.         0.8        0.8        0.12856171 0.
  0.         0.         0.         0.16985201 0.         0.8
  0.         0.         0.         0.         0.         0.
  0.8        0.         0.         0.8        0.         0.
  0.         0.         0.         0.         0.         0.
  0.8        0.8        0.         0.         0.         0.
  0.         0.         0.         0.         0.         0.
  0.         0.         0.08526979 0.         0.         0.
  0.         0.         0.         0.         0.8        0.
  0.         0.         0.         0.         0.         0.
  0.         0.         0.         0.11346386 0.8        0.
  0.         0.         0.         0.         0.         0.
  0.         0.         0.         0.         0.         0.
  0.         0.         0.         0.         0.         0.8
  0.         0.         0.         0.         0.         0.8
  0.         0.         0.         0.         0.         0.
  0.         0.8        0.         0.         0.         0.
  0.         0.         0.         0.         0.         0.08535929
  0.         0.         0.         0.07191812 0.         0.
  0.         0.         0.         0.         0.         0.
  0.         0.         0.         0.         0.         0.
  0.8        0.         0.         0.         0.8        0.8
  0.         0.         0.         0.         0.         0.
  0.         0.         0.         0.         0.         0.
  0.         0.         0.         0.         0.         0.
  0.         0.         0.         0.         0.         0.
  0.         0.         0.         0.         0.         0.
  0.         0.         0.06428085 0.         0.         0.
  0.8        0.         0.         0.         0.8        0.
  0.         0.         0.12869422 0.         0.11497495 0.
  0.         0.         0.         0.         0.         0.
  0.         0.         0.         0.         0.         0.
  0.         0.         0.         0.         0.         0.
  0.         0.         0.         0.         0.         0.
  0.         0.         0.         0.         0.         0.
  0.         0.         0.         0.         0.8        0.
  0.         0.         0.         0.         0.         0.
  0.         0.         0.8        0.         0.08719264 0.
  0.8        0.         0.         0.         0.         0.
  0.         0.         0.         0.         0.         0.
  0.         0.         0.         0.         0.         0.
  0.         0.         0.         0.         0.         0.
  0.18027303 0.8        0.         0.         0.         0.
  0.         0.8        0.8        0.         0.         0.
  0.         0.         0.         0.         0.         0.
  0.         0.         0.8        0.         0.         0.
  0.         0.8        0.         0.         0.         0.
  0.         0.         0.         0.8        0.         0.
  0.         0.         0.         0.         0.         0.
  0.         0.         0.         0.         0.         0.
  0.08297931 0.         0.         0.         0.         0.
  0.         0.         0.         0.         0.         0.
  0.         0.8        0.         0.         0.         0.
  0.08630174 0.         0.         0.         0.8        0.8
  0.         0.         0.         0.         0.         0.
  0.         0.         0.         0.         0.         0.
  0.         0.         0.8        0.         0.         0.
  0.         0.         0.1714402  0.         0.         0.8
  0.         0.         0.8        0.         0.         0.
  0.         0.         0.09648754 0.         0.8        0.
  0.         0.         0.         0.         0.09648754 0.
  0.         0.         0.         0.         0.         0.
  0.         0.         0.         0.         0.         0.
  0.         0.09958583 0.         0.8        0.         0.
  0.         0.         0.         0.         0.11027147 0.
  0.        ]]"
"[[0.         0.         0.         0.         0.         0.
  0.         0.         0.         0.         0.         0.
  0.         0.         0.         0.         0.         0.
  0.         0.20140854 0.2269866  0.         0.19492055 0.
  0.         0.         0.         0.         0.         0.
  0.         0.         0.         0.23202357 0.         0.
  0.         0.         0.         0.         0.         1.
  0.23909024 0.         0.         0.         0.         0.
  0.         0.         0.         0.         0.         0.
  0.         0.         0.         0.         0.         0.
  0.         0.         0.         0.         0.         0.
  0.         0.         0.19905556 0.         0.         0.
  0.         0.         0.         0.         0.         0.
  0.         0.         0.         0.         0.         0.
  0.         0.         0.         0.         0.         0.
  0.20901703 0.         0.23451767 0.         0.22983695 0.
  0.         0.         0.         0.         0.         0.
  0.         0.         0.         0.         0.         0.22463362
  0.         0.         0.         0.         0.         0.
  0.         0.         0.         0.         0.         0.
  0.         0.         0.         0.         0.         0.
  0.         0.         0.         0.         0.         0.
  0.         0.         0.         0.23890145 0.         0.
  0.         0.         0.         0.         0.         0.
  0.         0.         0.         0.         0.         0.
  0.22147834 0.         0.         0.         0.         0.
  0.         0.         0.         0.         0.         0.
  0.         0.         0.         0.1921751  0.         0.
  0.         0.         0.         0.         0.         0.
  0.         0.         0.         0.         0.         0.
  0.         0.         0.         0.         0.         0.
  0.         0.         0.         0.         0.         0.
  0.         0.         0.         0.         0.         0.
  0.         0.         0.         0.         0.26298264 0.
  0.         0.         0.         0.         0.         0.
  0.         0.         0.         0.         0.         0.
  0.         0.         0.         0.         0.         0.
  0.         0.         0.         0.         0.         0.
  0.         0.         0.         0.         0.         0.
  0.         0.         0.         0.         0.         0.
  0.         0.         0.         0.         0.         0.
  0.         0.         0.         0.         0.         0.
  0.         0.         0.         0.         0.         0.
  0.         0.         0.         0.         0.         0.
  0.         0.         0.         0.         0.         0.
  0.         0.27431406 0.         0.         0.         0.21964161
  0.         0.         0.         0.         0.         0.
  0.         0.         0.         0.         0.         0.
  0.         0.         0.         0.         0.         0.
  0.         0.         0.         0.         0.         0.
  0.         0.         0.         0.         0.         0.
  0.         0.         0.         0.         0.         0.
  0.         0.         0.         0.         0.         0.
  0.         0.27777277 0.         0.         0.         0.
  0.         0.23280976 0.         0.         0.         0.22649781
  0.         0.         0.         0.         0.         0.
  0.         0.         0.         0.         0.         0.
  0.         0.         0.         0.         0.         0.
  0.         0.         0.         0.         0.         0.
  0.         0.         0.         0.         0.         0.
  0.         0.         0.         0.         0.         0.
  0.         0.17545659 0.         0.         0.         0.
  0.         0.         0.         0.         0.         0.
  0.         0.         0.         0.         0.         0.
  0.24374625 0.         0.         0.         0.         0.
  0.         0.         0.         0.         0.         0.
  0.         0.         0.         0.         0.         0.
  0.         0.         0.         0.         0.         0.
  0.         0.         0.         0.         0.         0.
  0.         0.         0.         0.         0.         0.
  0.23890145 0.         0.         0.         0.         0.
  0.         0.         0.         0.         0.         0.
  0.         0.         0.         0.         0.         0.19181727
  0.         0.         0.         0.         0.         0.
  0.         0.         0.         0.         0.         0.
  0.         0.         0.         0.         0.         0.
  0.         0.         0.         0.         0.         0.
  0.         0.         0.         0.         0.         0.
  0.        ]]"
"[[0.         0.         0.         0.         0.         0.
  0.         0.         0.         0.         0.         0.
  0.         0.         0.         0.         0.         0.
  0.         0.15011981 0.15011981 0.         0.15966067 0.
  0.         0.         0.         0.         0.         0.
  0.         0.         0.         0.19722966 0.         0.
  0.         0.         0.         0.         0.         0.23909024
  1.         0.         0.         0.         0.         0.
  0.         0.         0.         0.         0.         0.
  0.         0.         0.         0.         0.         0.
  0.         0.         0.         0.         0.         0.
  0.         0.         0.15079204 0.         0.         0.
  0.         0.         0.         0.         0.         0.
  0.         0.         0.         0.         0.         0.
  0.         0.         0.         0.         0.         0.
  0.14219937 0.         0.27879477 0.         0.23713803 0.
  0.         0.         0.         0.         0.         0.
  0.         0.         0.         0.         0.         0.15079204
  0.         0.         0.         0.         0.         0.
  0.         0.         0.         0.         0.         0.
  0.         0.         0.         0.         0.         0.
  0.         0.         0.         0.         0.         0.
  0.         0.         0.         0.11642134 0.         0.
  0.         0.         0.         0.         0.         0.
  0.         0.         0.         0.         0.         0.
  0.27811189 0.         0.         0.         0.         0.
  0.         0.         0.         0.         0.         0.
  0.         0.         0.         0.14037532 0.         0.
  0.         0.         0.         0.         0.         0.
  0.         0.         0.         0.         0.         0.
  0.         0.         0.         0.         0.         0.
  0.         0.         0.         0.         0.         0.
  0.         0.         0.         0.         0.         0.
  0.         0.         0.         0.         0.28161138 0.
  0.         0.         0.         0.         0.         0.
  0.         0.         0.         0.         0.         0.
  0.         0.         0.         0.         0.         0.
  0.         0.         0.         0.         0.         0.
  0.         0.         0.         0.         0.         0.
  0.         0.         0.         0.         0.         0.
  0.         0.         0.         0.         0.         0.
  0.         0.         0.         0.         0.         0.
  0.         0.         0.         0.         0.         0.
  0.         0.         0.         0.         0.         0.
  0.         0.         0.         0.         0.         0.
  0.         0.28177517 0.         0.         0.         0.27802602
  0.         0.         0.         0.         0.         0.
  0.         0.         0.         0.         0.         0.
  0.         0.         0.         0.         0.         0.
  0.         0.         0.         0.         0.         0.
  0.         0.         0.         0.         0.         0.
  0.         0.         0.         0.         0.         0.
  0.         0.         0.         0.         0.         0.
  0.         0.28210667 0.         0.         0.         0.
  0.         0.27827568 0.         0.         0.         0.27669221
  0.         0.         0.         0.         0.         0.
  0.         0.         0.         0.         0.         0.
  0.         0.         0.         0.         0.         0.
  0.         0.         0.         0.         0.         0.
  0.         0.         0.         0.         0.         0.
  0.         0.         0.         0.         0.         0.
  0.         0.18828327 0.         0.         0.         0.
  0.         0.         0.         0.         0.         0.
  0.         0.         0.         0.         0.         0.
  0.28213305 0.         0.         0.         0.         0.
  0.         0.         0.         0.         0.         0.
  0.         0.         0.         0.         0.         0.
  0.         0.         0.         0.         0.         0.
  0.         0.         0.         0.         0.         0.
  0.         0.         0.         0.         0.         0.
  0.11642134 0.         0.         0.         0.         0.
  0.         0.         0.         0.         0.         0.
  0.         0.         0.         0.         0.         0.27606975
  0.         0.         0.         0.         0.         0.
  0.         0.         0.         0.         0.         0.
  0.         0.         0.         0.         0.         0.
  0.         0.         0.         0.         0.         0.
  0.         0.         0.         0.         0.         0.
  0.        ]]"
"[[0.         0.         0.         0.         0.         0.
  0.         0.         0.         0.         0.         0.
  0.         0.         0.         0.8        0.         0.08533333
  0.         0.         0.         0.         0.         0.
  0.         0.         0.8        0.8        0.         0.
  0.64       0.         0.         0.         0.         0.
  0.         0.         0.         0.8        0.         0.
  0.         1.         0.         0.         0.         0.
  0.         0.         0.64       0.         0.         0.
  0.         0.256      0.         0.         0.         0.
  0.256      0.128      0.8        0.         0.         0.
  0.         0.         0.         0.         0.         0.256
  0.         0.         0.8        0.         0.         0.
  0.         0.         0.         0.         0.         0.
  0.         0.         0.         0.         0.         0.
  0.         0.256      0.         0.         0.         0.
  0.         0.         0.256      0.         0.         0.
  0.         0.192      0.         0.         0.256      0.
  0.         0.         0.         0.21333333 0.07893333 0.
  0.07893333 0.         0.         0.128      0.         0.128
  0.         0.         0.         0.         0.         0.256
  0.         0.64       0.         0.         0.         0.
  0.         0.         0.         0.         0.         0.256
  0.256      0.         0.         0.         0.         0.
  0.256      0.         0.         0.8        0.         0.
  0.         0.08533333 0.         0.         0.         0.21333333
  0.64       0.         0.         0.256      0.         0.
  0.         0.         0.07893333 0.         0.         0.
  0.8        0.         0.08533333 0.8        0.         0.
  0.         0.         0.         0.         0.         0.
  0.         0.256      0.         0.         0.         0.
  0.256      0.         0.8        0.         0.         0.
  0.         0.         0.64       0.         0.         0.
  0.256      0.         0.         0.         0.         0.256
  0.         0.         0.         0.         0.         0.
  0.         0.         0.         0.         0.         0.
  0.256      0.         0.         0.21333333 0.         0.
  0.         0.256      0.17066667 0.128      0.         0.
  0.256      0.         0.         0.         0.         0.
  0.         0.256      0.256      0.         0.         0.64
  0.         0.8        0.         0.256      0.17066667 0.
  0.         0.         0.         0.         0.         0.11377778
  0.         0.8        0.         0.         0.         0.128
  0.256      0.         0.         0.8        0.05688889 0.
  0.         0.         0.         0.8        0.64       0.
  0.         0.         0.         0.         0.         0.
  0.         0.         0.         0.         0.         0.
  0.         0.         0.256      0.         0.         0.256
  0.64       0.18488889 0.         0.         0.         0.256
  0.         0.         0.         0.         0.         0.
  0.64       0.         0.         0.         0.         0.03754667
  0.         0.03413333 0.         0.         0.         0.
  0.         0.         0.8        0.         0.256      0.8
  0.         0.         0.64       0.09386667 0.64       0.
  0.         0.         0.8        0.         0.         0.
  0.         0.         0.256      0.         0.         0.
  0.256      0.         0.         0.21333333 0.256      0.
  0.         0.21333333 0.         0.         0.         0.
  0.07893333 0.         0.         0.         0.256      0.256
  0.8        0.         0.256      0.         0.256      0.8
  0.256      0.         0.         0.         0.         0.21333333
  0.256      0.         0.         0.         0.         0.256
  0.         0.         0.256      0.8        0.256      0.256
  0.         0.         0.256      0.21333333 0.         0.192
  0.         0.         0.256      0.         0.06257778 0.
  0.21333333 0.         0.03413333 0.03413333 0.         0.
  0.         0.         0.         0.72       0.         0.
  0.         0.         0.17066667 0.         0.192      0.
  0.         0.         0.         0.         0.         0.
  0.         0.64       0.         0.21333333 0.17066667 0.
  0.         0.8        0.         0.         0.         0.
  0.         0.         0.         0.         0.256      0.15847619
  0.         0.         0.         0.         0.         0.
  0.         0.8        0.8        0.         0.         0.
  0.         0.         0.         0.         0.         0.
  0.256      0.256      0.         0.         0.         0.
  0.         0.         0.         0.         0.         0.1152
  0.64       0.         0.         0.         0.         0.
  0.        ]]"
"[[0.         0.         0.         0.         0.         0.11428571
  0.         0.         0.         0.         0.11428571 0.
  0.         0.11428571 0.         0.         0.         0.
  0.08535929 0.         0.         0.08535929 0.         0.
  0.         0.         0.         0.         0.08956875 0.
  0.         0.08216216 0.         0.         0.         0.
  0.         0.08535929 0.         0.         0.08535929 0.
  0.         0.         1.         0.         0.         0.
  0.         0.         0.         0.         0.         0.
  0.         0.         0.         0.         0.1815916  0.
  0.         0.         0.         0.         0.         0.08535929
  0.         0.         0.         0.         0.         0.
  0.         0.         0.         0.         0.         0.
  0.         0.         0.08535929 0.08535929 0.2035507  0.
  0.         0.         0.         0.17743377 0.         0.08535929
  0.         0.         0.         0.         0.         0.
  0.08535929 0.         0.         0.08535929 0.         0.
  0.         0.         0.         0.         0.         0.
  0.08535929 0.08535929 0.         0.         0.         0.
  0.         0.         0.         0.         0.         0.
  0.         0.         0.21119471 0.         0.         0.
  0.         0.         0.         0.         0.08535929 0.
  0.         0.         0.         0.         0.         0.
  0.         0.         0.         0.19994107 0.08535929 0.
  0.         0.         0.         0.         0.         0.
  0.         0.         0.         0.         0.         0.
  0.         0.         0.         0.         0.         0.08535929
  0.         0.         0.         0.         0.         0.08535929
  0.         0.         0.         0.         0.         0.
  0.         0.08535929 0.         0.         0.         0.
  0.         0.         0.         0.         0.         0.19609127
  0.         0.         0.         0.18270642 0.         0.
  0.         0.         0.         0.         0.         0.
  0.         0.         0.         0.         0.         0.
  0.08535929 0.         0.         0.         0.08535929 0.08535929
  0.         0.         0.         0.         0.         0.
  0.         0.         0.         0.         0.         0.
  0.         0.         0.         0.         0.         0.
  0.         0.         0.         0.         0.         0.
  0.         0.         0.         0.         0.         0.
  0.         0.         0.19320392 0.         0.         0.
  0.08535929 0.         0.         0.         0.08535929 0.
  0.         0.         0.16795436 0.         0.16479456 0.
  0.         0.         0.         0.         0.         0.
  0.         0.         0.         0.         0.         0.
  0.         0.         0.         0.         0.         0.
  0.         0.         0.         0.         0.         0.
  0.         0.         0.         0.         0.         0.
  0.         0.         0.         0.         0.08535929 0.
  0.         0.         0.         0.         0.         0.
  0.         0.         0.08535929 0.         0.09313998 0.
  0.08535929 0.         0.         0.         0.         0.
  0.         0.         0.         0.         0.         0.
  0.         0.         0.         0.         0.         0.
  0.         0.         0.         0.         0.         0.
  0.08956875 0.08535929 0.         0.         0.         0.
  0.         0.08535929 0.08535929 0.         0.         0.
  0.         0.         0.         0.         0.         0.
  0.         0.         0.08535929 0.         0.         0.
  0.         0.08535929 0.         0.         0.         0.
  0.         0.         0.         0.08535929 0.         0.
  0.         0.         0.         0.         0.         0.
  0.         0.         0.         0.         0.         0.
  0.21850483 0.         0.         0.         0.         0.
  0.         0.         0.         0.         0.         0.
  0.         0.08535929 0.         0.         0.         0.
  0.19639056 0.         0.         0.         0.08535929 0.08535929
  0.         0.         0.         0.         0.         0.
  0.         0.         0.         0.         0.         0.
  0.         0.         0.08535929 0.         0.         0.
  0.         0.         0.08216216 0.         0.         0.08535929
  0.         0.         0.08535929 0.         0.         0.
  0.         0.         0.18057914 0.         0.08535929 0.
  0.         0.         0.         0.         0.18057914 0.
  0.         0.         0.         0.25142857 0.         0.
  0.         0.         0.         0.         0.         0.
  0.         0.20972553 0.         0.08535929 0.         0.
  0.         0.         0.         0.         0.19004963 0.
  0.        ]]"
"[[0.         0.         0.         0.         0.         0.
  0.         0.         0.         0.         0.         0.
  0.         0.         0.         0.         0.         0.
  0.         0.         0.         0.         0.         0.
  0.         0.         0.         0.         0.         0.
  0.         0.         0.         0.         0.         0.
  0.         0.         0.         0.         0.         0.
  0.         0.         0.         1.         0.         0.
  0.         0.         0.         0.         0.         0.
  0.         0.         0.         0.         0.         0.
  0.         0.         0.         0.         0.         0.
  0.         0.         0.         0.         0.         0.
  0.         0.         0.         0.         0.         0.
  0.         0.         0.         0.         0.         0.
  0.         0.         0.         0.         0.59238025 0.
  0.         0.         0.         0.         0.         0.
  0.         0.         0.         0.         0.         0.
  0.         0.         0.         0.         0.         0.
  0.         0.         0.         0.         0.         0.
  0.         0.         0.         0.         0.         0.
  0.         0.         0.         0.         0.40943792 0.
  0.         0.         0.         0.         0.         0.
  0.         0.         0.         0.         0.         0.
  0.         0.         0.         0.         0.         0.
  0.         0.         0.         0.         0.         0.
  0.         0.         0.         0.         0.         0.
  0.         0.         0.         0.         0.         0.
  0.         0.         0.         0.         0.         0.
  0.         0.         0.         0.         0.         0.
  0.         0.         0.         0.         0.         0.
  0.         0.         0.         0.         0.         0.
  0.         0.47041869 0.         0.         0.22649559 0.
  0.         0.         0.         0.         0.         0.
  0.         0.         0.34845714 0.         0.         0.
  0.         0.         0.         0.         0.         0.
  0.         0.         0.         0.         0.         0.
  0.         0.         0.         0.         0.         0.
  0.         0.         0.         0.         0.         0.
  0.         0.         0.         0.         0.         0.
  0.         0.         0.         0.         0.         0.
  0.         0.         0.         0.         0.         0.
  0.         0.         0.         0.         0.         0.
  0.         0.         0.         0.         0.         0.
  0.         0.         0.         0.         0.         0.
  0.         0.22649559 0.         0.         0.         0.
  0.         0.         0.         0.         0.         0.
  0.         0.         0.         0.         0.         0.
  0.         0.         0.         0.         0.         0.
  0.         0.         0.         0.         0.         0.
  0.         0.         0.         0.         0.         0.
  0.         0.         0.         0.         0.         0.
  0.         0.         0.         0.         0.         0.
  0.         0.         0.         0.         0.         0.
  0.         0.         0.         0.         0.         0.
  0.         0.         0.         0.         0.         0.
  0.         0.         0.         0.         0.         0.
  0.         0.         0.         0.         0.         0.
  0.         0.         0.         0.         0.         0.59238025
  0.         0.         0.         0.         0.         0.
  0.         0.         0.         0.         0.         0.
  0.         0.         0.         0.         0.         0.
  0.         0.         0.         0.         0.40943792 0.
  0.         0.         0.         0.         0.         0.
  0.         0.         0.         0.         0.         0.
  0.         0.         0.         0.         0.         0.
  0.         0.         0.         0.         0.         0.
  0.         0.59238025 0.         0.         0.         0.
  0.         0.         0.         0.         0.         0.
  0.         0.         0.         0.         0.         0.
  0.         0.         0.         0.         0.         0.
  0.         0.         0.         0.         0.         0.
  0.         0.         0.         0.         0.         0.
  0.         0.         0.         0.         0.         0.
  0.         0.         0.         0.         0.         0.59238025
  0.         0.         0.         0.         0.         0.
  0.         0.         0.         0.         0.         0.
  0.         0.         0.         0.         0.         0.
  0.         0.         0.         0.         0.         0.
  0.        ]]"
"[[0.         0.         0.         0.         0.         0.
  0.         0.         0.         0.         0.         0.
  0.         0.         0.45409874 0.         0.32124058 0.
  0.         0.         0.         0.         0.         0.29481149
  0.         0.         0.         0.         0.         0.
  0.         0.         0.         0.         0.16743072 0.21552425
  0.35217833 0.         0.         0.         0.         0.
  0.         0.         0.         0.         1.         0.45409874
  0.28385129 0.45409874 0.         0.         0.16743072 0.29819684
  0.21552425 0.         0.22839708 0.         0.         0.27026736
  0.         0.         0.         0.         0.         0.
  0.45409874 0.         0.         0.         0.         0.
  0.         0.35217833 0.         0.         0.35217833 0.28599258
  0.         0.29819684 0.         0.         0.         0.33481149
  0.         0.         0.34060044 0.         0.         0.
  0.         0.         0.         0.35217833 0.         0.
  0.         0.         0.         0.         0.45409874 0.21552425
  0.27054691 0.         0.         0.         0.         0.
  0.         0.         0.35217833 0.         0.         0.35217833
  0.         0.         0.53409874 0.         0.         0.
  0.26979175 0.45409874 0.         0.35217833 0.         0.
  0.23804702 0.         0.21307569 0.         0.         0.43445512
  0.23636777 0.23804702 0.         0.         0.         0.
  0.         0.41887691 0.28244938 0.         0.         0.45409874
  0.         0.23804702 0.25397098 0.         0.45409874 0.45409874
  0.         0.         0.23355851 0.35217833 0.28599258 0.
  0.         0.23259321 0.21726081 0.         0.         0.
  0.28726291 0.45409874 0.         0.         0.         0.
  0.         0.15922306 0.         0.         0.38949491 0.45409874
  0.35217833 0.         0.30334598 0.35217833 0.         0.29615247
  0.35217833 0.         0.31242858 0.23972447 0.35217833 0.
  0.         0.         0.         0.         0.         0.27922137
  0.25837138 0.         0.         0.         0.53409874 0.
  0.         0.         0.         0.21552425 0.         0.
  0.         0.         0.45409874 0.53409874 0.         0.
  0.23744837 0.35217833 0.45409874 0.         0.28657526 0.
  0.         0.         0.35217833 0.         0.         0.
  0.30527485 0.         0.         0.         0.         0.28599258
  0.         0.45409874 0.         0.16743072 0.23259321 0.
  0.21552425 0.         0.         0.         0.         0.
  0.         0.         0.         0.         0.         0.28599258
  0.         0.21962042 0.45409874 0.28244938 0.         0.
  0.35217833 0.         0.         0.         0.         0.
  0.         0.21552425 0.         0.         0.         0.
  0.28599258 0.         0.53409874 0.         0.         0.
  0.         0.         0.28244938 0.45409874 0.         0.
  0.28726291 0.         0.35217833 0.         0.26712738 0.35217833
  0.21552425 0.18318956 0.         0.         0.23259321 0.
  0.         0.         0.         0.35217833 0.         0.
  0.         0.25698002 0.         0.29493996 0.         0.
  0.         0.33481149 0.         0.         0.         0.
  0.         0.         0.45409874 0.23804702 0.         0.45409874
  0.21552425 0.19885479 0.         0.23804702 0.         0.
  0.30334598 0.         0.         0.         0.         0.24588425
  0.24316314 0.         0.         0.35217833 0.         0.
  0.         0.         0.         0.         0.         0.23259321
  0.         0.         0.         0.         0.         0.50743207
  0.         0.         0.         0.         0.23515338 0.
  0.         0.         0.         0.25929289 0.         0.
  0.         0.         0.         0.25837138 0.         0.
  0.         0.         0.         0.         0.         0.
  0.         0.         0.         0.35217833 0.         0.
  0.45409874 0.45409874 0.         0.         0.         0.
  0.         0.27015105 0.         0.         0.         0.
  0.         0.         0.         0.         0.         0.45409874
  0.         0.         0.         0.         0.         0.
  0.         0.         0.         0.         0.         0.
  0.38348333 0.         0.         0.         0.         0.
  0.23804702 0.         0.25516787 0.         0.         0.22671488
  0.28244938 0.         0.         0.         0.         0.
  0.         0.         0.         0.53409874 0.30527485 0.
  0.23804702 0.29481149 0.         0.         0.         0.
  0.35217833 0.         0.         0.         0.         0.
  0.28244938 0.         0.         0.21552425 0.         0.
  0.         0.         0.         0.         0.35217833 0.28385129
  0.         0.         0.         0.35217833 0.35217833 0.
  0.35217833 0.         0.45409874 0.         0.         0.
  0.         0.         0.         0.         0.         0.
  0.        ]]"
"[[0.         0.         0.         0.         0.         0.
  0.         0.         0.         0.         0.         0.
  0.         0.         0.8        0.         0.39229413 0.
  0.         0.         0.         0.         0.         0.33244119
  0.         0.         0.         0.         0.         0.
  0.         0.         0.         0.         0.17043872 0.15288238
  0.44519629 0.         0.         0.         0.         0.
  0.         0.         0.         0.         0.45409874 1.
  0.29903933 0.8        0.         0.         0.17043872 0.35113562
  0.15288238 0.         0.18604718 0.         0.         0.27974558
  0.         0.         0.         0.         0.         0.
  0.64       0.         0.         0.         0.         0.
  0.         0.44519629 0.         0.         0.44519629 0.35958374
  0.         0.35113562 0.         0.         0.         0.39644119
  0.         0.         0.46602622 0.         0.         0.
  0.         0.         0.         0.44519629 0.         0.
  0.         0.         0.         0.         0.8        0.15288238
  0.27302556 0.         0.         0.         0.         0.
  0.         0.         0.44519629 0.         0.         0.44519629
  0.         0.         0.45409874 0.         0.         0.
  0.27743458 0.8        0.         0.44519629 0.         0.
  0.16524586 0.         0.20305623 0.         0.         0.42526996
  0.22394201 0.16524586 0.         0.         0.         0.
  0.         0.4415524  0.34433176 0.         0.         0.64
  0.         0.16524586 0.25945255 0.         0.8        0.8
  0.         0.         0.20029674 0.44519629 0.35958374 0.
  0.         0.21680308 0.18548975 0.         0.         0.
  0.32874686 0.8        0.         0.         0.         0.
  0.         0.14873826 0.         0.         0.45281874 0.8
  0.44519629 0.         0.36440154 0.44519629 0.         0.27181922
  0.44519629 0.         0.38411653 0.23334155 0.44519629 0.
  0.         0.         0.         0.         0.         0.31091953
  0.3418325  0.         0.         0.         0.45409874 0.
  0.         0.         0.         0.15288238 0.         0.
  0.         0.         0.8        0.64       0.         0.
  0.2284161  0.44519629 0.8        0.         0.33097328 0.
  0.         0.         0.44519629 0.         0.         0.
  0.39351439 0.         0.         0.         0.         0.35958374
  0.         0.8        0.         0.17043872 0.21680308 0.
  0.15288238 0.         0.         0.         0.         0.
  0.         0.         0.         0.         0.         0.35958374
  0.         0.23079213 0.8        0.34433176 0.         0.
  0.44519629 0.         0.         0.         0.         0.
  0.         0.15288238 0.         0.         0.         0.
  0.35958374 0.         0.64       0.         0.         0.
  0.         0.         0.34433176 0.8        0.         0.
  0.32874686 0.         0.44519629 0.         0.2815388  0.44519629
  0.15288238 0.12566528 0.         0.         0.21680308 0.
  0.         0.         0.         0.44519629 0.         0.
  0.         0.25487425 0.         0.36805328 0.         0.
  0.         0.39644119 0.         0.         0.         0.
  0.         0.         0.8        0.16524586 0.         0.8
  0.15288238 0.14292334 0.         0.16524586 0.         0.
  0.36440154 0.         0.         0.         0.         0.24508734
  0.22752403 0.         0.         0.44519629 0.         0.
  0.         0.         0.         0.         0.         0.21680308
  0.         0.         0.         0.         0.         0.51606583
  0.         0.         0.         0.         0.21967129 0.
  0.         0.         0.         0.28819341 0.         0.
  0.         0.         0.         0.3418325  0.         0.
  0.         0.         0.         0.         0.         0.
  0.         0.         0.         0.44519629 0.         0.
  0.8        0.8        0.         0.         0.         0.
  0.         0.29723816 0.         0.         0.         0.
  0.         0.         0.         0.         0.         0.8
  0.         0.         0.         0.         0.         0.
  0.         0.         0.         0.         0.         0.
  0.37473012 0.         0.         0.         0.         0.
  0.16524586 0.         0.24266179 0.         0.         0.2049482
  0.34433176 0.         0.         0.         0.         0.
  0.         0.         0.         0.64       0.39351439 0.
  0.16524586 0.33244119 0.         0.         0.         0.
  0.44519629 0.         0.         0.         0.         0.
  0.34433176 0.         0.         0.15288238 0.         0.
  0.         0.         0.         0.         0.44519629 0.29903933
  0.         0.         0.         0.44519629 0.44519629 0.
  0.44519629 0.         0.8        0.         0.         0.
  0.         0.         0.         0.         0.         0.
  0.        ]]"
"[[0.         0.         0.         0.         0.         0.
  0.         0.         0.         0.         0.         0.
  0.         0.         0.29903933 0.         0.32817425 0.
  0.         0.         0.         0.         0.         0.35074171
  0.         0.         0.         0.         0.         0.
  0.         0.         0.         0.         0.16638652 0.41844408
  0.49844408 0.         0.         0.         0.         0.
  0.         0.         0.         0.         0.28385129 0.29903933
  1.         0.29903933 0.         0.         0.16638652 0.29490951
  0.41844408 0.         0.33517687 0.         0.         0.30781254
  0.         0.         0.         0.         0.         0.
  0.29903933 0.         0.         0.         0.         0.
  0.         0.49844408 0.         0.         0.49844408 0.23811512
  0.         0.29490951 0.         0.         0.         0.35874171
  0.         0.         0.40530917 0.         0.         0.
  0.         0.         0.         0.49844408 0.         0.
  0.         0.         0.         0.         0.29903933 0.41844408
  0.31505389 0.         0.         0.         0.         0.
  0.         0.         0.49844408 0.         0.         0.49844408
  0.         0.         0.28385129 0.         0.         0.
  0.30945926 0.29903933 0.         0.49844408 0.         0.
  0.23679661 0.         0.21558901 0.         0.         0.3212965
  0.3395711  0.23679661 0.         0.         0.         0.
  0.         0.28007228 0.24240525 0.         0.         0.29903933
  0.         0.23679661 0.29850452 0.         0.29903933 0.29903933
  0.         0.         0.3821795  0.49844408 0.23811512 0.
  0.         0.24016591 0.33214035 0.         0.         0.
  0.28578557 0.29903933 0.         0.         0.         0.
  0.         0.1654867  0.         0.         0.3255415  0.29903933
  0.49844408 0.         0.26160262 0.49844408 0.         0.26121993
  0.49844408 0.         0.30565947 0.32910514 0.49844408 0.
  0.         0.         0.         0.         0.         0.29787705
  0.20466278 0.         0.         0.         0.28385129 0.
  0.         0.         0.         0.41844408 0.         0.
  0.         0.         0.29903933 0.29903933 0.         0.
  0.33111982 0.49844408 0.29903933 0.         0.27958838 0.
  0.         0.         0.49844408 0.         0.         0.
  0.35155343 0.         0.         0.         0.         0.23811512
  0.         0.29903933 0.         0.16638652 0.24016591 0.
  0.41844408 0.         0.         0.         0.         0.
  0.         0.         0.         0.         0.         0.23811512
  0.         0.20697742 0.29903933 0.24240525 0.         0.
  0.49844408 0.         0.         0.         0.         0.
  0.         0.41844408 0.         0.         0.         0.
  0.23811512 0.         0.29903933 0.         0.         0.
  0.         0.         0.24240525 0.29903933 0.         0.
  0.28578557 0.         0.49844408 0.         0.30852059 0.49844408
  0.41844408 0.29999677 0.         0.         0.24016591 0.
  0.         0.         0.         0.49844408 0.         0.
  0.         0.39864652 0.         0.33441705 0.         0.
  0.         0.35874171 0.         0.         0.         0.
  0.         0.         0.29903933 0.23679661 0.         0.29903933
  0.41844408 0.33599529 0.         0.23679661 0.         0.
  0.26160262 0.         0.         0.         0.         0.32763958
  0.35699377 0.         0.         0.49844408 0.         0.
  0.         0.         0.         0.         0.         0.24016591
  0.         0.         0.         0.         0.         0.28891397
  0.         0.         0.         0.         0.33691853 0.
  0.         0.         0.         0.23914052 0.         0.
  0.         0.         0.         0.20466278 0.         0.
  0.         0.         0.         0.         0.         0.
  0.         0.         0.         0.49844408 0.         0.
  0.29903933 0.29903933 0.         0.         0.         0.
  0.         0.29756981 0.         0.         0.         0.
  0.         0.         0.         0.         0.         0.29903933
  0.         0.         0.         0.         0.         0.
  0.         0.         0.         0.         0.         0.
  0.29903845 0.         0.         0.         0.         0.
  0.23679661 0.         0.3845929  0.         0.         0.34182544
  0.24240525 0.         0.         0.         0.         0.
  0.         0.         0.         0.29903933 0.35155343 0.
  0.23679661 0.35074171 0.         0.         0.         0.
  0.49844408 0.         0.         0.         0.         0.
  0.24240525 0.         0.         0.41844408 0.         0.
  0.         0.         0.         0.         0.49844408 0.45844408
  0.         0.         0.         0.49844408 0.49844408 0.
  0.49844408 0.         0.29903933 0.         0.         0.
  0.         0.         0.         0.         0.         0.
  0.        ]]"
"[[0.         0.         0.         0.         0.         0.
  0.         0.         0.         0.         0.         0.
  0.         0.         0.8        0.         0.39229413 0.
  0.         0.         0.         0.         0.         0.33244119
  0.         0.         0.         0.         0.         0.
  0.         0.         0.         0.         0.17043872 0.15288238
  0.44519629 0.         0.         0.         0.         0.
  0.         0.         0.         0.         0.45409874 0.8
  0.29903933 1.         0.         0.         0.17043872 0.35113562
  0.15288238 0.         0.18604718 0.         0.         0.27974558
  0.         0.         0.         0.         0.         0.
  0.64       0.         0.         0.         0.         0.
  0.         0.44519629 0.         0.         0.44519629 0.35958374
  0.         0.35113562 0.         0.         0.         0.39644119
  0.         0.         0.46602622 0.         0.         0.
  0.         0.         0.         0.44519629 0.         0.
  0.         0.         0.         0.         0.8        0.15288238
  0.27302556 0.         0.         0.         0.         0.
  0.         0.         0.44519629 0.         0.         0.44519629
  0.         0.         0.45409874 0.         0.         0.
  0.27743458 0.8        0.         0.44519629 0.         0.
  0.16524586 0.         0.20305623 0.         0.         0.42526996
  0.22394201 0.16524586 0.         0.         0.         0.
  0.         0.4415524  0.34433176 0.         0.         0.64
  0.         0.16524586 0.25945255 0.         0.8        0.8
  0.         0.         0.20029674 0.44519629 0.35958374 0.
  0.         0.21680308 0.18548975 0.         0.         0.
  0.32874686 0.8        0.         0.         0.         0.
  0.         0.14873826 0.         0.         0.45281874 0.8
  0.44519629 0.         0.36440154 0.44519629 0.         0.27181922
  0.44519629 0.         0.38411653 0.23334155 0.44519629 0.
  0.         0.         0.         0.         0.         0.31091953
  0.3418325  0.         0.         0.         0.45409874 0.
  0.         0.         0.         0.15288238 0.         0.
  0.         0.         0.8        0.64       0.         0.
  0.2284161  0.44519629 0.8        0.         0.33097328 0.
  0.         0.         0.44519629 0.         0.         0.
  0.39351439 0.         0.         0.         0.         0.35958374
  0.         0.8        0.         0.17043872 0.21680308 0.
  0.15288238 0.         0.         0.         0.         0.
  0.         0.         0.         0.         0.         0.35958374
  0.         0.23079213 0.8        0.34433176 0.         0.
  0.44519629 0.         0.         0.         0.         0.
  0.         0.15288238 0.         0.         0.         0.
  0.35958374 0.         0.64       0.         0.         0.
  0.         0.         0.34433176 0.8        0.         0.
  0.32874686 0.         0.44519629 0.         0.2815388  0.44519629
  0.15288238 0.12566528 0.         0.         0.21680308 0.
  0.         0.         0.         0.44519629 0.         0.
  0.         0.25487425 0.         0.36805328 0.         0.
  0.         0.39644119 0.         0.         0.         0.
  0.         0.         0.8        0.16524586 0.         0.8
  0.15288238 0.14292334 0.         0.16524586 0.         0.
  0.36440154 0.         0.         0.         0.         0.24508734
  0.22752403 0.         0.         0.44519629 0.         0.
  0.         0.         0.         0.         0.         0.21680308
  0.         0.         0.         0.         0.         0.51606583
  0.         0.         0.         0.         0.21967129 0.
  0.         0.         0.         0.28819341 0.         0.
  0.         0.         0.         0.3418325  0.         0.
  0.         0.         0.         0.         0.         0.
  0.         0.         0.         0.44519629 0.         0.
  0.8        0.8        0.         0.         0.         0.
  0.         0.29723816 0.         0.         0.         0.
  0.         0.         0.         0.         0.         0.8
  0.         0.         0.         0.         0.         0.
  0.         0.         0.         0.         0.         0.
  0.37473012 0.         0.         0.         0.         0.
  0.16524586 0.         0.24266179 0.         0.         0.2049482
  0.34433176 0.         0.         0.         0.         0.
  0.         0.         0.         0.64       0.39351439 0.
  0.16524586 0.33244119 0.         0.         0.         0.
  0.44519629 0.         0.         0.         0.         0.
  0.34433176 0.         0.         0.15288238 0.         0.
  0.         0.         0.         0.         0.44519629 0.29903933
  0.         0.         0.         0.44519629 0.44519629 0.
  0.44519629 0.         0.8        0.         0.         0.
  0.         0.         0.         0.         0.         0.
  0.        ]]"
"[[0.         0.         0.         0.         0.         0.
  0.         0.         0.         0.         0.         0.
  0.         0.         0.         0.64       0.         0.08533333
  0.         0.         0.         0.         0.         0.
  0.         0.         0.64       0.64       0.         0.
  0.8        0.         0.         0.         0.         0.
  0.         0.         0.         0.64       0.         0.
  0.         0.64       0.         0.         0.         0.
  0.         0.         1.         0.         0.         0.
  0.         0.256      0.         0.         0.         0.
  0.256      0.128      0.64       0.         0.         0.
  0.         0.         0.         0.         0.         0.256
  0.         0.         0.64       0.         0.         0.
  0.         0.         0.         0.         0.         0.
  0.         0.         0.         0.         0.         0.
  0.         0.256      0.         0.         0.         0.
  0.         0.         0.256      0.         0.         0.
  0.         0.192      0.         0.         0.256      0.
  0.         0.         0.         0.21333333 0.07893333 0.
  0.07893333 0.         0.         0.128      0.         0.128
  0.         0.         0.         0.         0.         0.256
  0.         0.8        0.         0.         0.         0.
  0.         0.         0.         0.         0.         0.256
  0.256      0.         0.         0.         0.         0.
  0.256      0.         0.         0.64       0.         0.
  0.         0.08533333 0.         0.         0.         0.21333333
  0.8        0.         0.         0.256      0.         0.
  0.         0.         0.07893333 0.         0.         0.
  0.64       0.         0.08533333 0.64       0.         0.
  0.         0.         0.         0.         0.         0.
  0.         0.256      0.         0.         0.         0.
  0.256      0.         0.64       0.         0.         0.
  0.         0.         0.8        0.         0.         0.
  0.256      0.         0.         0.         0.         0.256
  0.         0.         0.         0.         0.         0.
  0.         0.         0.         0.         0.         0.
  0.256      0.         0.         0.21333333 0.         0.
  0.         0.256      0.17066667 0.128      0.         0.
  0.256      0.         0.         0.         0.         0.
  0.         0.256      0.256      0.         0.         0.8
  0.         0.64       0.         0.256      0.17066667 0.
  0.         0.         0.         0.         0.         0.11377778
  0.         0.64       0.         0.         0.         0.128
  0.256      0.         0.         0.64       0.05688889 0.
  0.         0.         0.         0.64       0.8        0.
  0.         0.         0.         0.         0.         0.
  0.         0.         0.         0.         0.         0.
  0.         0.         0.256      0.         0.         0.256
  0.8        0.18488889 0.         0.         0.         0.256
  0.         0.         0.         0.         0.         0.
  0.8        0.         0.         0.         0.         0.03754667
  0.         0.03413333 0.         0.         0.         0.
  0.         0.         0.64       0.         0.256      0.64
  0.         0.         0.8        0.09386667 0.8        0.
  0.         0.         0.64       0.         0.         0.
  0.         0.         0.256      0.         0.         0.
  0.256      0.         0.         0.21333333 0.256      0.
  0.         0.21333333 0.         0.         0.         0.
  0.07893333 0.         0.         0.         0.256      0.256
  0.64       0.         0.256      0.         0.256      0.64
  0.256      0.         0.         0.         0.         0.21333333
  0.256      0.         0.         0.         0.         0.256
  0.         0.         0.256      0.64       0.256      0.256
  0.         0.         0.256      0.21333333 0.         0.192
  0.         0.         0.256      0.         0.06257778 0.
  0.21333333 0.         0.03413333 0.03413333 0.         0.
  0.         0.         0.         0.72       0.         0.
  0.         0.         0.17066667 0.         0.192      0.
  0.         0.         0.         0.         0.         0.
  0.         0.8        0.         0.21333333 0.17066667 0.
  0.         0.64       0.         0.         0.         0.
  0.         0.         0.         0.         0.256      0.15847619
  0.         0.         0.         0.         0.         0.
  0.         0.64       0.64       0.         0.         0.
  0.         0.         0.         0.         0.         0.
  0.256      0.256      0.         0.         0.         0.
  0.         0.         0.         0.         0.         0.1152
  0.8        0.         0.         0.         0.         0.
  0.        ]]"
"[[0.         0.         0.         0.         0.         0.
  0.         0.         0.         0.         0.         0.
  0.         0.         0.         0.         0.         0.
  0.         0.         0.         0.         0.         0.
  0.         0.32       0.         0.         0.         0.
  0.         0.         0.29866667 0.         0.         0.
  0.         0.         0.         0.         0.         0.
  0.         0.         0.         0.         0.         0.
  0.         0.         0.         1.         0.         0.
  0.         0.         0.         0.256      0.         0.
  0.         0.         0.         0.17066667 0.256      0.
  0.         0.         0.         0.         0.29866667 0.
  0.8        0.         0.         0.8        0.         0.
  0.256      0.         0.         0.         0.         0.
  0.256      0.256      0.         0.         0.         0.
  0.         0.         0.         0.         0.         0.256
  0.         0.8        0.         0.         0.         0.
  0.         0.         0.         0.256      0.         0.
  0.         0.         0.         0.         0.         0.
  0.         0.256      0.         0.         0.         0.
  0.         0.         0.         0.         0.         0.
  0.         0.         0.         0.32       0.         0.
  0.         0.         0.         0.         0.         0.
  0.         0.         0.         0.         0.         0.
  0.         0.         0.         0.         0.         0.
  0.         0.         0.         0.         0.         0.
  0.         0.         0.         0.         0.         0.
  0.         0.         0.         0.         0.         0.
  0.         0.         0.         0.         0.         0.
  0.         0.         0.         0.         0.256      0.
  0.         0.         0.         0.         0.         0.
  0.         0.         0.         0.         0.         0.
  0.         0.256      0.         0.         0.         0.
  0.         0.32       0.         0.         0.         0.
  0.         0.17066667 0.         0.         0.         0.
  0.         0.         0.         0.256      0.         0.
  0.         0.10666667 0.         0.         0.         0.
  0.         0.         0.         0.         0.         0.
  0.         0.         0.17066667 0.         0.         0.10666667
  0.         0.         0.         0.256      0.         0.
  0.         0.         0.         0.         0.         0.
  0.         0.         0.         0.         0.         0.
  0.         0.         0.         0.         0.         0.
  0.         0.         0.         0.         0.         0.
  0.         0.         0.         0.         0.         0.256
  0.         0.         0.         0.         0.17066667 0.
  0.         0.         0.         0.256      0.         0.
  0.         0.         0.         0.         0.         0.
  0.         0.         0.256      0.         0.         0.
  0.10666667 0.         0.         0.         0.         0.29866667
  0.         0.         0.         0.256      0.         0.
  0.         0.         0.         0.         0.256      0.
  0.         0.         0.         0.         0.         0.
  0.         0.         0.         0.         0.         0.
  0.         0.         0.         0.         0.29866667 0.
  0.         0.         0.         0.         0.10666667 0.
  0.         0.         0.         0.         0.         0.
  0.         0.         0.         0.8        0.         0.
  0.         0.         0.         0.         0.         0.
  0.         0.         0.         0.         0.         0.
  0.         0.         0.256      0.         0.8        0.
  0.         0.         0.256      0.         0.         0.
  0.         0.         0.         0.         0.         0.
  0.         0.         0.         0.         0.         0.
  0.         0.8        0.         0.17066667 0.         0.
  0.         0.         0.         0.         0.         0.256
  0.         0.         0.         0.         0.         0.
  0.         0.         0.         0.17066667 0.         0.256
  0.         0.         0.         0.         0.         0.
  0.         0.         0.         0.         0.         0.
  0.         0.         0.         0.         0.         0.
  0.         0.         0.         0.256      0.         0.
  0.         0.         0.         0.256      0.         0.
  0.         0.         0.         0.         0.         0.
  0.256      0.256      0.         0.         0.         0.
  0.         0.         0.         0.         0.         0.
  0.         0.         0.         0.         0.256      0.
  0.         0.256      0.17066667 0.8        0.         0.
  0.        ]]"
"[[0.         0.         0.         0.         0.         0.
  0.         0.         0.         0.         0.         0.
  0.         0.         0.17043872 0.         0.16880941 0.
  0.         0.         0.         0.         0.         0.16799476
  0.         0.         0.         0.         0.         0.
  0.         0.         0.         0.         0.8        0.16555081
  0.16722223 0.         0.         0.         0.         0.
  0.         0.         0.         0.         0.16743072 0.17043872
  0.16638652 0.17043872 0.         0.         1.         0.16751548
  0.16555081 0.         0.16230707 0.         0.         0.18273736
  0.         0.         0.         0.         0.         0.
  0.17043872 0.         0.         0.         0.         0.
  0.         0.16722223 0.         0.         0.16722223 0.17208581
  0.         0.16751548 0.         0.         0.         0.16799476
  0.         0.         0.16773725 0.         0.         0.
  0.         0.         0.         0.16722223 0.         0.
  0.         0.         0.         0.         0.17043872 0.16555081
  0.19280432 0.         0.         0.         0.         0.
  0.         0.         0.16722223 0.         0.         0.16722223
  0.         0.         0.16743072 0.         0.         0.
  0.18192297 0.17043872 0.         0.16722223 0.         0.
  0.164199   0.         0.16696009 0.         0.         0.16771274
  0.16558941 0.164199   0.         0.         0.         0.
  0.         0.16946811 0.18349698 0.         0.         0.17043872
  0.         0.164199   0.16760282 0.         0.17043872 0.17043872
  0.         0.         0.16384744 0.16722223 0.17208581 0.
  0.         0.16199724 0.16968286 0.         0.         0.
  0.16659577 0.17043872 0.         0.         0.         0.
  0.         0.22272214 0.         0.         0.1676085  0.17043872
  0.16722223 0.         0.16621798 0.16722223 0.         0.16410237
  0.16722223 0.         0.16962851 0.1644135  0.16722223 0.
  0.         0.         0.         0.         0.         0.16678467
  0.15640472 0.         0.         0.         0.16743072 0.
  0.         0.         0.         0.16555081 0.         0.
  0.         0.         0.17043872 0.17043872 0.         0.
  0.16631744 0.16722223 0.17043872 0.         0.16901023 0.
  0.         0.         0.16722223 0.         0.         0.
  0.16181348 0.         0.         0.         0.         0.17208581
  0.         0.17043872 0.         0.8        0.16199724 0.
  0.16555081 0.         0.         0.         0.         0.
  0.         0.         0.         0.         0.         0.17208581
  0.         0.39937727 0.17043872 0.18349698 0.         0.
  0.16722223 0.         0.         0.         0.         0.
  0.         0.16555081 0.         0.         0.         0.
  0.17208581 0.         0.17043872 0.         0.         0.
  0.         0.         0.18349698 0.17043872 0.         0.
  0.16659577 0.         0.16722223 0.         0.17085593 0.16722223
  0.16555081 0.14873932 0.         0.         0.16199724 0.
  0.         0.         0.         0.16722223 0.         0.
  0.         0.16093591 0.         0.16265921 0.         0.
  0.         0.16799476 0.         0.         0.         0.
  0.         0.         0.17043872 0.164199   0.         0.17043872
  0.16555081 0.1578832  0.         0.164199   0.         0.
  0.16621798 0.         0.         0.         0.         0.16820749
  0.16517052 0.         0.         0.16722223 0.         0.
  0.         0.         0.         0.         0.         0.16199724
  0.         0.         0.         0.         0.         0.16843339
  0.         0.         0.         0.         0.16763207 0.
  0.         0.         0.         0.16704153 0.         0.
  0.         0.         0.         0.15640472 0.         0.
  0.         0.         0.         0.         0.         0.
  0.         0.         0.         0.16722223 0.         0.
  0.17043872 0.17043872 0.         0.         0.         0.
  0.         0.17195651 0.         0.         0.         0.
  0.         0.         0.         0.         0.         0.17043872
  0.         0.         0.         0.         0.         0.
  0.         0.         0.         0.         0.         0.
  0.16615164 0.         0.         0.         0.         0.
  0.164199   0.         0.16677278 0.         0.         0.17521362
  0.18349698 0.         0.         0.         0.         0.
  0.         0.         0.         0.17043872 0.16181348 0.
  0.164199   0.16799476 0.         0.         0.         0.
  0.16722223 0.         0.         0.         0.         0.
  0.18349698 0.         0.         0.16555081 0.         0.
  0.         0.         0.         0.         0.16722223 0.16638652
  0.         0.         0.         0.16722223 0.16722223 0.
  0.16722223 0.         0.17043872 0.         0.         0.
  0.         0.         0.         0.         0.         0.
  0.        ]]"
"[[0.         0.         0.         0.         0.         0.
  0.         0.         0.         0.         0.         0.
  0.         0.         0.35113562 0.         0.40498706 0.
  0.         0.         0.         0.         0.         0.36471278
  0.         0.         0.         0.         0.         0.
  0.         0.         0.         0.         0.16751548 0.27588993
  0.31392908 0.         0.         0.         0.         0.
  0.         0.         0.         0.         0.29819684 0.35113562
  0.29490951 0.35113562 0.         0.         0.16751548 1.
  0.27588993 0.         0.33270174 0.         0.         0.27707978
  0.         0.         0.         0.         0.         0.
  0.35113562 0.         0.         0.         0.         0.
  0.         0.31392908 0.         0.         0.31392908 0.40797885
  0.         0.39609071 0.         0.         0.         0.31351278
  0.         0.         0.31365154 0.         0.         0.
  0.         0.         0.         0.31392908 0.         0.
  0.         0.         0.         0.         0.35113562 0.30788993
  0.26639901 0.         0.         0.         0.         0.
  0.         0.         0.31392908 0.         0.         0.31392908
  0.         0.         0.29819684 0.         0.         0.
  0.27705245 0.35113562 0.         0.31392908 0.         0.
  0.2054654  0.         0.20834953 0.         0.         0.30585481
  0.26422231 0.2054654  0.         0.         0.         0.
  0.         0.29591428 0.26939131 0.         0.         0.35113562
  0.         0.2054654  0.27833932 0.         0.35113562 0.35113562
  0.         0.         0.27752109 0.31392908 0.40797885 0.
  0.         0.26339751 0.24954622 0.         0.         0.
  0.37397518 0.35113562 0.         0.         0.         0.
  0.         0.15851563 0.         0.         0.31436093 0.35113562
  0.31392908 0.         0.35846656 0.31392908 0.         0.24237397
  0.31392908 0.         0.40573501 0.25943617 0.31392908 0.
  0.         0.         0.         0.         0.         0.38172949
  0.24716421 0.         0.         0.         0.29819684 0.
  0.         0.         0.         0.27588993 0.         0.
  0.         0.         0.35113562 0.35113562 0.         0.
  0.25946592 0.31392908 0.35113562 0.         0.35903463 0.
  0.         0.         0.31392908 0.         0.         0.
  0.28054665 0.         0.         0.         0.         0.40797885
  0.         0.35113562 0.         0.16751548 0.26339751 0.
  0.27588993 0.         0.         0.         0.         0.
  0.         0.         0.         0.         0.         0.40797885
  0.         0.2134457  0.35113562 0.26939131 0.         0.
  0.31392908 0.         0.         0.         0.         0.
  0.         0.27588993 0.         0.         0.         0.
  0.40797885 0.         0.35113562 0.         0.         0.
  0.         0.         0.26939131 0.35113562 0.         0.
  0.37397518 0.         0.31392908 0.         0.28584354 0.31392908
  0.27588993 0.21206237 0.         0.         0.26339751 0.
  0.         0.         0.         0.31392908 0.         0.
  0.         0.26969238 0.         0.28173977 0.         0.
  0.         0.31351278 0.         0.         0.         0.
  0.         0.         0.35113562 0.2054654  0.         0.35113562
  0.27588993 0.23575582 0.         0.2054654  0.         0.
  0.35846656 0.         0.         0.         0.         0.26440855
  0.27659845 0.         0.         0.31392908 0.         0.
  0.         0.         0.         0.         0.         0.26339751
  0.         0.         0.         0.         0.         0.3158431
  0.         0.         0.         0.         0.26274641 0.
  0.         0.         0.         0.33568818 0.         0.
  0.         0.         0.         0.24716421 0.         0.
  0.         0.         0.         0.         0.         0.
  0.         0.         0.         0.31392908 0.         0.
  0.35113562 0.35113562 0.         0.         0.         0.
  0.         0.28294708 0.         0.         0.         0.
  0.         0.         0.         0.         0.         0.35113562
  0.         0.         0.         0.         0.         0.
  0.         0.         0.         0.         0.         0.
  0.28392139 0.         0.         0.         0.         0.
  0.2054654  0.         0.29470135 0.         0.         0.26055158
  0.26939131 0.         0.         0.         0.         0.
  0.         0.         0.         0.35113562 0.28054665 0.
  0.2054654  0.38071278 0.         0.         0.         0.
  0.31392908 0.         0.         0.         0.         0.
  0.26939131 0.         0.         0.30788993 0.         0.
  0.         0.         0.         0.         0.31392908 0.29490951
  0.         0.         0.         0.31392908 0.31392908 0.
  0.31392908 0.         0.35113562 0.         0.         0.
  0.         0.         0.         0.         0.         0.
  0.        ]]"
"[[0.         0.         0.         0.         0.         0.
  0.         0.         0.         0.         0.         0.
  0.         0.         0.15288238 0.         0.31525492 0.
  0.         0.         0.         0.         0.         0.47644119
  0.         0.         0.         0.         0.         0.
  0.         0.         0.         0.         0.16555081 0.64
  0.19688817 0.         0.         0.         0.         0.
  0.         0.         0.         0.         0.21552425 0.15288238
  0.41844408 0.15288238 0.         0.         0.16555081 0.27588993
  1.         0.         0.45152548 0.         0.         0.34526265
  0.         0.         0.         0.         0.         0.
  0.15288238 0.         0.         0.         0.         0.
  0.         0.19688817 0.         0.         0.19688817 0.17063393
  0.         0.27588993 0.         0.         0.         0.47644119
  0.         0.         0.38325685 0.         0.         0.
  0.         0.         0.         0.19688817 0.         0.
  0.         0.         0.         0.         0.15288238 0.64
  0.36359338 0.         0.         0.         0.         0.
  0.         0.         0.19688817 0.         0.         0.19688817
  0.         0.         0.21552425 0.         0.         0.
  0.34957728 0.15288238 0.         0.19688817 0.         0.
  0.27555516 0.         0.21844076 0.         0.         0.34598272
  0.43213208 0.27555516 0.         0.         0.         0.
  0.         0.21213688 0.18150249 0.         0.         0.15288238
  0.         0.27555516 0.33630438 0.         0.15288238 0.15288238
  0.         0.         0.56335653 0.19688817 0.17063393 0.
  0.         0.24811786 0.45541719 0.         0.         0.
  0.27126125 0.15288238 0.         0.         0.         0.
  0.         0.17325139 0.         0.         0.33986468 0.15288238
  0.19688817 0.         0.20050012 0.19688817 0.         0.26462456
  0.19688817 0.         0.27909967 0.39064853 0.19688817 0.
  0.         0.         0.         0.         0.         0.30664182
  0.12955812 0.         0.         0.         0.21552425 0.
  0.         0.         0.         0.8        0.         0.
  0.         0.         0.15288238 0.15288238 0.         0.
  0.40248207 0.19688817 0.15288238 0.         0.25843857 0.
  0.         0.         0.19688817 0.         0.         0.
  0.16322314 0.         0.         0.         0.         0.17063393
  0.         0.15288238 0.         0.16555081 0.24811786 0.
  0.64       0.         0.         0.         0.         0.
  0.         0.         0.         0.         0.         0.17063393
  0.         0.19191423 0.15288238 0.18150249 0.         0.
  0.19688817 0.         0.         0.         0.         0.
  0.         0.8        0.         0.         0.         0.
  0.17063393 0.         0.15288238 0.         0.         0.
  0.         0.         0.18150249 0.15288238 0.         0.
  0.27126125 0.         0.19688817 0.         0.35197444 0.19688817
  0.8        0.4306133  0.         0.         0.24811786 0.
  0.         0.         0.         0.19688817 0.         0.
  0.         0.39968985 0.         0.21372071 0.         0.
  0.         0.47644119 0.         0.         0.         0.
  0.         0.         0.15288238 0.27555516 0.         0.15288238
  0.8        0.4875071  0.         0.27555516 0.         0.
  0.20050012 0.         0.         0.         0.         0.38582654
  0.47518149 0.         0.         0.19688817 0.         0.
  0.         0.         0.         0.         0.         0.24811786
  0.         0.         0.         0.         0.         0.19464363
  0.         0.         0.         0.         0.4332127  0.
  0.         0.         0.         0.2093759  0.         0.
  0.         0.         0.         0.12955812 0.         0.
  0.         0.         0.         0.         0.         0.
  0.         0.         0.         0.19688817 0.         0.
  0.15288238 0.15288238 0.         0.         0.         0.
  0.         0.32446679 0.         0.         0.         0.
  0.         0.         0.         0.         0.         0.15288238
  0.         0.         0.         0.         0.         0.
  0.         0.         0.         0.         0.         0.
  0.30955342 0.         0.         0.         0.         0.
  0.27555516 0.         0.5582206  0.         0.         0.46327201
  0.18150249 0.         0.         0.         0.         0.
  0.         0.         0.         0.15288238 0.16322314 0.
  0.27555516 0.39644119 0.         0.         0.         0.
  0.19688817 0.         0.         0.         0.         0.
  0.18150249 0.         0.         0.64       0.         0.
  0.         0.         0.         0.         0.19688817 0.41844408
  0.         0.         0.         0.19688817 0.19688817 0.
  0.19688817 0.         0.15288238 0.         0.         0.
  0.         0.         0.         0.         0.         0.
  0.        ]]"
"[[0.         0.         0.         0.         0.         0.
  0.         0.         0.         0.         0.         0.
  0.         0.         0.         0.256      0.         0.09014012
  0.         0.         0.         0.         0.         0.
  0.         0.         0.256      0.256      0.         0.
  0.256      0.         0.         0.         0.         0.
  0.         0.         0.         0.256      0.         0.
  0.         0.256      0.         0.         0.         0.
  0.         0.         0.256      0.         0.         0.
  0.         1.         0.         0.         0.         0.
  0.8        0.34253503 0.256      0.         0.         0.
  0.         0.         0.         0.         0.         0.64
  0.         0.         0.256      0.         0.         0.
  0.         0.         0.         0.         0.         0.
  0.         0.         0.         0.         0.         0.
  0.         0.8        0.         0.         0.         0.
  0.         0.         0.8        0.         0.         0.
  0.         0.09551002 0.         0.         0.64       0.
  0.         0.         0.         0.09551002 0.04868355 0.
  0.04868355 0.         0.         0.06248139 0.         0.06248139
  0.         0.         0.         0.         0.         0.8
  0.         0.256      0.         0.         0.         0.
  0.         0.         0.         0.         0.         0.64
  0.64       0.         0.         0.         0.         0.
  0.8        0.         0.         0.256      0.         0.
  0.         0.09014012 0.         0.         0.         0.09551002
  0.256      0.         0.         0.8        0.         0.
  0.         0.         0.04868355 0.         0.         0.
  0.256      0.         0.09014012 0.256      0.         0.
  0.         0.         0.         0.         0.         0.
  0.         0.64       0.         0.         0.         0.
  0.64       0.         0.256      0.         0.         0.
  0.         0.         0.256      0.         0.         0.
  0.64       0.         0.         0.         0.         0.64
  0.         0.         0.         0.         0.         0.
  0.         0.         0.         0.         0.         0.
  0.8        0.         0.         0.09551002 0.         0.
  0.         0.64       0.09551002 0.32       0.         0.
  0.8        0.         0.         0.         0.         0.
  0.         0.64       0.64       0.         0.         0.256
  0.         0.256      0.         0.64       0.09551002 0.
  0.         0.         0.         0.         0.         0.24338004
  0.         0.256      0.         0.         0.         0.34253503
  0.64       0.         0.         0.256      0.03183667 0.
  0.         0.         0.         0.256      0.256      0.
  0.         0.         0.         0.         0.         0.
  0.         0.         0.         0.         0.         0.
  0.         0.         0.64       0.         0.         0.8
  0.256      0.09551002 0.         0.         0.         0.64
  0.         0.         0.         0.         0.         0.
  0.256      0.         0.         0.         0.         0.02645056
  0.         0.03295268 0.         0.         0.         0.
  0.         0.         0.256      0.         0.64       0.256
  0.         0.         0.256      0.05392717 0.256      0.
  0.         0.         0.256      0.         0.         0.
  0.         0.         0.64       0.         0.         0.
  0.64       0.         0.         0.09551002 0.64       0.
  0.         0.09551002 0.         0.         0.         0.
  0.04868355 0.         0.         0.         0.64       0.8
  0.256      0.         0.64       0.         0.64       0.256
  0.8        0.         0.         0.         0.         0.09551002
  0.64       0.         0.         0.         0.         0.64
  0.         0.         0.64       0.256      0.8        0.64
  0.         0.         0.64       0.09551002 0.         0.09551002
  0.         0.         0.64       0.         0.04408427 0.
  0.09551002 0.         0.03295268 0.03295268 0.         0.
  0.         0.         0.         0.256      0.         0.
  0.         0.         0.44507006 0.         0.09551002 0.
  0.         0.         0.         0.         0.         0.
  0.         0.256      0.         0.09551002 0.09551002 0.
  0.         0.256      0.         0.         0.         0.
  0.         0.         0.         0.         0.64       0.40788717
  0.         0.         0.         0.         0.         0.
  0.         0.256      0.256      0.         0.         0.
  0.         0.         0.         0.         0.         0.
  0.8        0.64       0.         0.         0.         0.
  0.         0.         0.         0.         0.         0.06102698
  0.256      0.         0.         0.         0.         0.
  0.        ]]"
"[[0.         0.         0.         0.         0.         0.
  0.         0.         0.         0.         0.         0.
  0.         0.         0.18604718 0.         0.31187328 0.
  0.         0.         0.         0.         0.         0.32678633
  0.         0.         0.         0.         0.         0.
  0.         0.         0.         0.         0.16230707 0.45152548
  0.21882826 0.         0.         0.         0.         0.
  0.         0.         0.         0.         0.22839708 0.18604718
  0.33517687 0.18604718 0.         0.         0.16230707 0.33270174
  0.45152548 0.         1.         0.         0.         0.29657936
  0.         0.         0.         0.         0.         0.
  0.18604718 0.         0.         0.         0.         0.
  0.         0.21882826 0.         0.         0.21882826 0.19636338
  0.         0.33270174 0.         0.         0.         0.31878633
  0.         0.         0.28546697 0.         0.         0.
  0.         0.         0.         0.21882826 0.         0.
  0.         0.         0.         0.         0.18604718 0.53152548
  0.2979505  0.         0.         0.         0.         0.
  0.         0.         0.21882826 0.         0.         0.21882826
  0.         0.         0.22839708 0.         0.         0.
  0.29944283 0.18604718 0.         0.21882826 0.         0.
  0.26024149 0.         0.22054174 0.         0.         0.27359171
  0.33449061 0.26024149 0.         0.         0.         0.
  0.         0.22583857 0.19617139 0.         0.         0.18604718
  0.         0.26024149 0.30068433 0.         0.18604718 0.18604718
  0.         0.         0.39685306 0.21882826 0.19636338 0.
  0.         0.28489518 0.34708344 0.         0.         0.
  0.32473398 0.18604718 0.         0.         0.         0.
  0.         0.17068932 0.         0.         0.2704073  0.18604718
  0.21882826 0.         0.24347118 0.21882826 0.         0.25912542
  0.21882826 0.         0.28299581 0.31300664 0.21882826 0.
  0.         0.         0.         0.         0.         0.36536538
  0.14409876 0.         0.         0.         0.22839708 0.
  0.         0.         0.         0.45152548 0.         0.
  0.         0.         0.18604718 0.18604718 0.         0.
  0.319007   0.21882826 0.18604718 0.         0.30636789 0.
  0.         0.         0.21882826 0.         0.         0.
  0.18146351 0.         0.         0.         0.         0.19636338
  0.         0.18604718 0.         0.16230707 0.28489518 0.
  0.45152548 0.         0.         0.         0.         0.
  0.         0.         0.         0.         0.         0.19636338
  0.         0.19815257 0.18604718 0.19617139 0.         0.
  0.21882826 0.         0.         0.         0.         0.
  0.         0.45152548 0.         0.         0.         0.
  0.19636338 0.         0.18604718 0.         0.         0.
  0.         0.         0.19617139 0.18604718 0.         0.
  0.32473398 0.         0.21882826 0.         0.30423069 0.21882826
  0.45152548 0.33429686 0.         0.         0.28489518 0.
  0.         0.         0.         0.21882826 0.         0.
  0.         0.32347367 0.         0.20945315 0.         0.
  0.         0.31878633 0.         0.         0.         0.
  0.         0.         0.18604718 0.26024149 0.         0.18604718
  0.45152548 0.36724468 0.         0.26024149 0.         0.
  0.24347118 0.         0.         0.         0.         0.31069591
  0.36061407 0.         0.         0.21882826 0.         0.
  0.         0.         0.         0.         0.         0.28489518
  0.         0.         0.         0.         0.         0.21428045
  0.         0.         0.         0.         0.33629434 0.
  0.         0.         0.         0.24062928 0.         0.
  0.         0.         0.         0.14409876 0.         0.
  0.         0.         0.         0.         0.         0.
  0.         0.         0.         0.21882826 0.         0.
  0.18604718 0.18604718 0.         0.         0.         0.
  0.         0.27856526 0.         0.         0.         0.
  0.         0.         0.         0.         0.         0.18604718
  0.         0.         0.         0.         0.         0.
  0.         0.         0.         0.         0.         0.
  0.26723243 0.         0.         0.         0.         0.
  0.26024149 0.         0.3851559  0.         0.         0.34983606
  0.19617139 0.         0.         0.         0.         0.
  0.         0.         0.         0.18604718 0.18146351 0.
  0.26024149 0.36678633 0.         0.         0.         0.
  0.21882826 0.         0.         0.         0.         0.
  0.19617139 0.         0.         0.53152548 0.         0.
  0.         0.         0.         0.         0.21882826 0.33517687
  0.         0.         0.         0.21882826 0.21882826 0.
  0.21882826 0.         0.18604718 0.         0.         0.
  0.         0.         0.         0.         0.         0.
  0.        ]]"
"[[0.         0.         0.         0.         0.         0.
  0.         0.         0.         0.         0.         0.
  0.         0.         0.         0.         0.         0.
  0.         0.         0.         0.         0.         0.
  0.         0.128      0.         0.         0.         0.
  0.         0.         0.29866667 0.         0.         0.
  0.         0.         0.         0.         0.         0.
  0.         0.         0.         0.         0.         0.
  0.         0.         0.         0.256      0.         0.
  0.         0.         0.         1.         0.         0.
  0.         0.         0.         0.2048     0.64       0.
  0.         0.         0.         0.         0.29866667 0.
  0.256      0.         0.         0.256      0.         0.
  0.64       0.         0.         0.         0.         0.
  0.8        0.64       0.         0.         0.         0.
  0.         0.         0.         0.         0.         0.64
  0.         0.256      0.         0.         0.         0.
  0.         0.         0.         0.8        0.         0.
  0.         0.         0.         0.         0.         0.
  0.         0.64       0.         0.         0.         0.
  0.         0.         0.         0.         0.         0.
  0.         0.         0.         0.128      0.         0.
  0.         0.         0.         0.         0.         0.
  0.         0.         0.         0.         0.         0.
  0.         0.         0.         0.         0.         0.
  0.         0.         0.         0.         0.         0.
  0.         0.         0.         0.         0.         0.
  0.         0.         0.         0.         0.         0.
  0.         0.         0.         0.         0.         0.
  0.         0.         0.         0.         0.8        0.
  0.         0.         0.         0.         0.         0.
  0.         0.         0.         0.         0.         0.
  0.         0.8        0.         0.         0.         0.
  0.         0.128      0.         0.         0.         0.
  0.         0.2048     0.         0.         0.         0.
  0.         0.         0.         0.64       0.         0.
  0.         0.04266667 0.         0.         0.         0.
  0.         0.         0.         0.         0.         0.
  0.         0.         0.2048     0.         0.         0.04266667
  0.         0.         0.         0.8        0.         0.
  0.         0.         0.         0.         0.         0.
  0.         0.         0.         0.         0.         0.
  0.         0.         0.         0.         0.         0.
  0.         0.         0.         0.         0.         0.
  0.         0.         0.         0.         0.         0.8
  0.         0.         0.         0.         0.2048     0.
  0.         0.         0.         0.64       0.         0.
  0.         0.         0.         0.         0.         0.
  0.         0.         0.8        0.         0.         0.
  0.04266667 0.         0.         0.         0.         0.29866667
  0.         0.         0.         0.8        0.         0.
  0.         0.         0.         0.         0.8        0.
  0.         0.         0.         0.         0.         0.
  0.         0.         0.         0.         0.         0.
  0.         0.         0.         0.         0.29866667 0.
  0.         0.         0.         0.         0.04266667 0.
  0.         0.         0.         0.         0.         0.
  0.         0.         0.         0.256      0.         0.
  0.         0.         0.         0.         0.         0.
  0.         0.         0.         0.         0.         0.
  0.         0.         0.8        0.         0.256      0.
  0.         0.         0.8        0.         0.         0.
  0.         0.         0.         0.         0.         0.
  0.         0.         0.         0.         0.         0.
  0.         0.256      0.         0.2048     0.         0.
  0.         0.         0.         0.         0.         0.8
  0.         0.         0.         0.         0.         0.
  0.         0.         0.         0.2048     0.         0.8
  0.         0.         0.         0.         0.         0.
  0.         0.         0.         0.         0.         0.
  0.         0.         0.         0.         0.         0.
  0.         0.         0.         0.64       0.         0.
  0.         0.         0.         0.8        0.         0.
  0.         0.         0.         0.         0.         0.
  0.8        0.8        0.         0.         0.         0.
  0.         0.         0.         0.         0.         0.
  0.         0.         0.         0.         0.8        0.
  0.         0.8        0.2048     0.256      0.         0.
  0.        ]]"
"[[0.         0.         0.         0.         0.         0.
  0.         0.         0.         0.         0.         0.
  0.         0.         0.         0.         0.         0.
  0.12027214 0.         0.         0.12027214 0.         0.
  0.         0.         0.         0.         0.1235114  0.
  0.         0.10893427 0.         0.         0.         0.
  0.         0.12027214 0.         0.         0.12027214 0.
  0.         0.         0.1815916  0.         0.         0.
  0.         0.         0.         0.         0.         0.
  0.         0.         0.         0.         1.         0.
  0.         0.         0.         0.         0.         0.12027214
  0.         0.         0.         0.         0.         0.
  0.         0.         0.         0.         0.         0.
  0.         0.         0.12027214 0.12027214 0.24770872 0.
  0.         0.         0.         0.24074729 0.         0.12027214
  0.         0.         0.         0.         0.         0.
  0.12027214 0.         0.         0.12027214 0.         0.
  0.         0.         0.         0.         0.         0.
  0.12027214 0.12027214 0.         0.         0.         0.
  0.         0.         0.         0.         0.         0.
  0.         0.         0.15548822 0.         0.         0.
  0.         0.         0.         0.         0.12027214 0.
  0.         0.         0.         0.         0.         0.
  0.         0.         0.         0.18390791 0.12027214 0.
  0.         0.         0.         0.         0.         0.
  0.         0.         0.         0.         0.         0.
  0.         0.         0.         0.         0.         0.12027214
  0.         0.         0.         0.         0.         0.12027214
  0.         0.         0.         0.         0.         0.
  0.         0.12027214 0.         0.         0.         0.
  0.         0.         0.         0.         0.         0.1815916
  0.         0.         0.         0.18876302 0.         0.
  0.         0.         0.         0.         0.         0.
  0.         0.         0.         0.         0.         0.
  0.12027214 0.         0.         0.         0.12027214 0.12027214
  0.         0.         0.         0.         0.         0.
  0.         0.         0.         0.         0.         0.
  0.         0.         0.         0.         0.         0.
  0.         0.         0.         0.         0.         0.
  0.         0.         0.         0.         0.         0.
  0.         0.         0.17985436 0.         0.         0.
  0.12027214 0.         0.         0.         0.12027214 0.
  0.         0.         0.19322111 0.         0.17737905 0.
  0.         0.         0.         0.         0.         0.
  0.         0.         0.         0.         0.         0.
  0.         0.         0.         0.         0.         0.
  0.         0.         0.         0.         0.         0.
  0.         0.         0.         0.         0.         0.
  0.         0.         0.         0.         0.12027214 0.
  0.         0.         0.         0.         0.         0.
  0.         0.         0.12027214 0.         0.11058035 0.
  0.12027214 0.         0.         0.         0.         0.
  0.         0.         0.         0.         0.         0.
  0.         0.         0.         0.         0.         0.
  0.         0.         0.         0.         0.         0.
  0.1235114  0.12027214 0.         0.         0.         0.
  0.         0.12027214 0.12027214 0.         0.         0.
  0.         0.         0.         0.         0.         0.
  0.         0.         0.12027214 0.         0.         0.
  0.         0.12027214 0.         0.         0.         0.
  0.         0.         0.         0.12027214 0.         0.
  0.         0.         0.         0.         0.         0.
  0.         0.         0.         0.         0.         0.
  0.20797999 0.         0.         0.         0.         0.
  0.         0.         0.         0.         0.         0.
  0.         0.12027214 0.         0.         0.         0.
  0.22651563 0.         0.         0.         0.12027214 0.12027214
  0.         0.         0.         0.         0.         0.
  0.         0.         0.         0.         0.         0.
  0.         0.         0.12027214 0.         0.         0.
  0.         0.         0.10893427 0.         0.         0.12027214
  0.         0.         0.12027214 0.         0.         0.
  0.         0.         0.18653773 0.         0.12027214 0.
  0.         0.         0.         0.         0.18653773 0.
  0.         0.         0.         0.192      0.         0.
  0.         0.         0.         0.         0.         0.
  0.         0.21185686 0.         0.12027214 0.         0.
  0.         0.         0.         0.         0.21318598 0.
  0.        ]]"
"[[0.         0.         0.         0.         0.         0.
  0.         0.         0.         0.         0.         0.
  0.         0.         0.27974558 0.         0.29882905 0.
  0.         0.         0.         0.         0.         0.31043745
  0.         0.         0.         0.         0.         0.
  0.         0.         0.         0.         0.18273736 0.34526265
  0.27036244 0.         0.         0.         0.         0.
  0.         0.         0.         0.         0.27026736 0.27974558
  0.30781254 0.27974558 0.         0.         0.18273736 0.27707978
  0.34526265 0.         0.29657936 0.         0.         1.
  0.         0.         0.         0.         0.         0.
  0.27974558 0.         0.         0.         0.         0.
  0.         0.27036244 0.         0.         0.27036244 0.24101567
  0.         0.27707978 0.         0.         0.         0.31250411
  0.         0.         0.29845689 0.         0.         0.
  0.         0.         0.         0.27036244 0.         0.
  0.         0.         0.         0.         0.27974558 0.34526265
  0.28047929 0.         0.         0.         0.         0.
  0.         0.         0.27036244 0.         0.         0.27036244
  0.         0.         0.27026736 0.         0.         0.
  0.27821268 0.27974558 0.         0.27036244 0.         0.
  0.2391133  0.         0.22772947 0.         0.         0.29138574
  0.29465738 0.2391133  0.         0.         0.         0.
  0.         0.2683839  0.24133326 0.         0.         0.27974558
  0.         0.2391133  0.2728468  0.         0.27974558 0.27974558
  0.         0.         0.3242091  0.27036244 0.24101567 0.
  0.         0.23982354 0.29482921 0.         0.         0.
  0.2708704  0.27974558 0.         0.         0.         0.
  0.         0.17630841 0.         0.         0.29477468 0.27974558
  0.27036244 0.         0.25771789 0.27036244 0.         0.25672911
  0.27036244 0.         0.2843757  0.28507623 0.27036244 0.
  0.         0.         0.         0.         0.         0.27744666
  0.21060897 0.         0.         0.         0.27026736 0.
  0.         0.         0.         0.34526265 0.         0.
  0.         0.         0.27974558 0.27974558 0.         0.
  0.28728215 0.27036244 0.27974558 0.         0.26665081 0.
  0.         0.         0.27036244 0.         0.         0.
  0.2404857  0.         0.         0.         0.         0.24101567
  0.         0.27974558 0.         0.18273736 0.23982354 0.
  0.34526265 0.         0.         0.         0.         0.
  0.         0.         0.         0.         0.         0.24101567
  0.         0.21477948 0.27974558 0.24133326 0.         0.
  0.27036244 0.         0.         0.         0.         0.
  0.         0.34526265 0.         0.         0.         0.
  0.24101567 0.         0.27974558 0.         0.         0.
  0.         0.         0.24133326 0.27974558 0.         0.
  0.2708704  0.         0.27036244 0.         0.27943681 0.27036244
  0.34526265 0.27096991 0.         0.         0.23982354 0.
  0.         0.         0.         0.27036244 0.         0.
  0.         0.29193858 0.         0.25301797 0.         0.
  0.         0.31250411 0.         0.         0.         0.
  0.         0.         0.27974558 0.2391133  0.         0.27974558
  0.34526265 0.29733633 0.         0.2391133  0.         0.
  0.25771789 0.         0.         0.         0.         0.28635665
  0.30982549 0.         0.         0.27036244 0.         0.
  0.         0.         0.         0.         0.         0.23982354
  0.         0.         0.         0.         0.         0.27342677
  0.         0.         0.         0.         0.29553671 0.
  0.         0.         0.         0.2404196  0.         0.
  0.         0.         0.         0.21060897 0.         0.
  0.         0.         0.         0.         0.         0.
  0.         0.         0.         0.27036244 0.         0.
  0.27974558 0.27974558 0.         0.         0.         0.
  0.         0.27583491 0.         0.         0.         0.
  0.         0.         0.         0.         0.         0.27974558
  0.         0.         0.         0.         0.         0.
  0.         0.         0.         0.         0.         0.
  0.27904944 0.         0.         0.         0.         0.
  0.2391133  0.         0.32699213 0.         0.         0.29896563
  0.24133326 0.         0.         0.         0.         0.
  0.         0.         0.         0.27974558 0.2404857  0.
  0.2391133  0.31043745 0.         0.         0.         0.
  0.27036244 0.         0.         0.         0.         0.
  0.24133326 0.         0.         0.34526265 0.         0.
  0.         0.         0.         0.         0.27036244 0.30781254
  0.         0.         0.         0.27036244 0.27036244 0.
  0.27036244 0.         0.27974558 0.         0.         0.
  0.         0.         0.         0.         0.         0.
  0.        ]]"
"[[0.         0.         0.         0.         0.         0.
  0.         0.         0.         0.         0.         0.
  0.         0.         0.         0.256      0.         0.09014012
  0.         0.         0.         0.         0.         0.
  0.         0.         0.256      0.256      0.         0.
  0.256      0.         0.         0.         0.         0.
  0.         0.         0.         0.256      0.         0.
  0.         0.256      0.         0.         0.         0.
  0.         0.         0.256      0.         0.         0.
  0.         0.8        0.         0.         0.         0.
  1.         0.34253503 0.256      0.         0.         0.
  0.         0.         0.         0.         0.         0.64
  0.         0.         0.256      0.         0.         0.
  0.         0.         0.         0.         0.         0.
  0.         0.         0.         0.         0.         0.
  0.         0.8        0.         0.         0.         0.
  0.         0.         0.8        0.         0.         0.
  0.         0.09551002 0.         0.         0.64       0.
  0.         0.         0.         0.09551002 0.04868355 0.
  0.04868355 0.         0.         0.06248139 0.         0.06248139
  0.         0.         0.         0.         0.         0.8
  0.         0.256      0.         0.         0.         0.
  0.         0.         0.         0.         0.         0.64
  0.64       0.         0.         0.         0.         0.
  0.8        0.         0.         0.256      0.         0.
  0.         0.09014012 0.         0.         0.         0.09551002
  0.256      0.         0.         0.8        0.         0.
  0.         0.         0.04868355 0.         0.         0.
  0.256      0.         0.09014012 0.256      0.         0.
  0.         0.         0.         0.         0.         0.
  0.         0.64       0.         0.         0.         0.
  0.64       0.         0.256      0.         0.         0.
  0.         0.         0.256      0.         0.         0.
  0.64       0.         0.         0.         0.         0.64
  0.         0.         0.         0.         0.         0.
  0.         0.         0.         0.         0.         0.
  0.8        0.         0.         0.09551002 0.         0.
  0.         0.64       0.09551002 0.32       0.         0.
  0.8        0.         0.         0.         0.         0.
  0.         0.64       0.64       0.         0.         0.256
  0.         0.256      0.         0.64       0.09551002 0.
  0.         0.         0.         0.         0.         0.24338004
  0.         0.256      0.         0.         0.         0.34253503
  0.64       0.         0.         0.256      0.03183667 0.
  0.         0.         0.         0.256      0.256      0.
  0.         0.         0.         0.         0.         0.
  0.         0.         0.         0.         0.         0.
  0.         0.         0.64       0.         0.         0.8
  0.256      0.09551002 0.         0.         0.         0.64
  0.         0.         0.         0.         0.         0.
  0.256      0.         0.         0.         0.         0.02645056
  0.         0.03295268 0.         0.         0.         0.
  0.         0.         0.256      0.         0.64       0.256
  0.         0.         0.256      0.05392717 0.256      0.
  0.         0.         0.256      0.         0.         0.
  0.         0.         0.64       0.         0.         0.
  0.64       0.         0.         0.09551002 0.64       0.
  0.         0.09551002 0.         0.         0.         0.
  0.04868355 0.         0.         0.         0.64       0.8
  0.256      0.         0.64       0.         0.64       0.256
  0.8        0.         0.         0.         0.         0.09551002
  0.64       0.         0.         0.         0.         0.64
  0.         0.         0.64       0.256      0.8        0.64
  0.         0.         0.64       0.09551002 0.         0.09551002
  0.         0.         0.64       0.         0.04408427 0.
  0.09551002 0.         0.03295268 0.03295268 0.         0.
  0.         0.         0.         0.256      0.         0.
  0.         0.         0.44507006 0.         0.09551002 0.
  0.         0.         0.         0.         0.         0.
  0.         0.256      0.         0.09551002 0.09551002 0.
  0.         0.256      0.         0.         0.         0.
  0.         0.         0.         0.         0.64       0.40788717
  0.         0.         0.         0.         0.         0.
  0.         0.256      0.256      0.         0.         0.
  0.         0.         0.         0.         0.         0.
  0.8        0.64       0.         0.         0.         0.
  0.         0.         0.         0.         0.         0.06102698
  0.256      0.         0.         0.         0.         0.
  0.        ]]"
"[[0.         0.         0.         0.         0.         0.
  0.         0.         0.         0.         0.         0.
  0.         0.         0.         0.128      0.         0.11700901
  0.         0.         0.         0.         0.         0.
  0.         0.         0.128      0.128      0.         0.11267601
  0.128      0.         0.         0.         0.         0.
  0.         0.         0.         0.128      0.         0.
  0.         0.128      0.         0.         0.         0.
  0.         0.         0.128      0.         0.         0.
  0.         0.34253503 0.         0.         0.         0.
  0.34253503 1.         0.128      0.         0.         0.
  0.         0.         0.         0.         0.         0.34253503
  0.         0.         0.128      0.         0.         0.
  0.         0.         0.         0.         0.         0.
  0.         0.         0.         0.         0.         0.
  0.         0.34253503 0.         0.         0.         0.
  0.         0.         0.34253503 0.         0.         0.
  0.         0.07871438 0.11267601 0.         0.34253503 0.
  0.         0.         0.         0.09078023 0.04111598 0.
  0.04111598 0.         0.         0.05939635 0.         0.05939635
  0.         0.         0.         0.         0.         0.34253503
  0.         0.128      0.         0.         0.         0.
  0.         0.         0.         0.         0.         0.34253503
  0.34253503 0.         0.         0.         0.         0.
  0.34253503 0.         0.         0.128      0.         0.
  0.         0.11700901 0.         0.         0.         0.09078023
  0.128      0.         0.         0.34253503 0.         0.
  0.         0.         0.04111598 0.         0.05333333 0.
  0.128      0.         0.11700901 0.128      0.         0.
  0.         0.         0.         0.         0.         0.
  0.         0.34253503 0.         0.         0.         0.
  0.34253503 0.         0.128      0.         0.         0.
  0.         0.         0.128      0.         0.         0.10666667
  0.42253503 0.         0.         0.         0.         0.34253503
  0.         0.         0.         0.         0.         0.
  0.         0.         0.         0.         0.         0.
  0.34253503 0.         0.         0.09078023 0.11267601 0.
  0.         0.34253503 0.06664854 0.21126751 0.         0.
  0.34253503 0.         0.         0.         0.         0.
  0.         0.34253503 0.34253503 0.         0.         0.128
  0.         0.128      0.         0.34253503 0.06664854 0.
  0.         0.         0.         0.         0.         0.17984801
  0.         0.128      0.         0.         0.         0.42253503
  0.34253503 0.         0.         0.128      0.05777173 0.
  0.         0.         0.         0.128      0.128      0.
  0.         0.         0.         0.         0.         0.
  0.         0.         0.         0.         0.         0.
  0.         0.         0.34253503 0.         0.         0.34253503
  0.128      0.07469243 0.         0.         0.         0.34253503
  0.         0.         0.         0.         0.         0.
  0.128      0.         0.         0.         0.         0.04234684
  0.         0.02906457 0.         0.         0.         0.
  0.         0.         0.128      0.         0.34253503 0.128
  0.         0.         0.128      0.04513311 0.128      0.
  0.         0.         0.128      0.         0.         0.
  0.         0.         0.34253503 0.         0.         0.
  0.34253503 0.         0.         0.09078023 0.34253503 0.
  0.         0.09078023 0.         0.         0.         0.
  0.04111598 0.         0.         0.         0.34253503 0.34253503
  0.128      0.         0.34253503 0.         0.34253503 0.128
  0.34253503 0.         0.         0.         0.         0.09078023
  0.34253503 0.         0.         0.         0.         0.34253503
  0.         0.         0.34253503 0.128      0.34253503 0.34253503
  0.         0.         0.34253503 0.09078023 0.         0.07871438
  0.         0.         0.34253503 0.         0.03502252 0.
  0.09078023 0.         0.02906457 0.02906457 0.11267601 0.
  0.         0.         0.         0.128      0.         0.
  0.         0.         0.22977202 0.         0.07871438 0.
  0.         0.         0.         0.         0.10666667 0.
  0.         0.128      0.         0.09078023 0.06664854 0.
  0.         0.128      0.         0.         0.         0.
  0.         0.         0.         0.         0.34253503 0.30033717
  0.         0.         0.         0.         0.         0.
  0.         0.128      0.128      0.         0.         0.
  0.         0.         0.         0.         0.         0.
  0.34253503 0.34253503 0.         0.         0.         0.
  0.         0.         0.         0.         0.         0.05100146
  0.128      0.         0.         0.         0.         0.
  0.        ]]"
"[[0.         0.         0.         0.         0.         0.
  0.         0.         0.         0.         0.         0.
  0.         0.         0.         0.8        0.         0.08533333
  0.         0.         0.         0.         0.         0.
  0.         0.         0.8        0.8        0.         0.
  0.64       0.         0.         0.         0.         0.
  0.         0.         0.         0.8        0.         0.
  0.         0.8        0.         0.         0.         0.
  0.         0.         0.64       0.         0.         0.
  0.         0.256      0.         0.         0.         0.
  0.256      0.128      1.         0.         0.         0.
  0.         0.         0.         0.         0.         0.256
  0.         0.         0.8        0.         0.         0.
  0.         0.         0.         0.         0.         0.
  0.         0.         0.         0.         0.         0.
  0.         0.256      0.         0.         0.         0.
  0.         0.         0.256      0.         0.         0.
  0.         0.192      0.         0.         0.256      0.
  0.         0.         0.         0.21333333 0.07893333 0.
  0.07893333 0.         0.         0.128      0.         0.128
  0.         0.         0.         0.         0.         0.256
  0.         0.64       0.         0.         0.         0.
  0.         0.         0.         0.         0.         0.256
  0.256      0.         0.         0.         0.         0.
  0.256      0.         0.         0.8        0.         0.
  0.         0.08533333 0.         0.         0.         0.21333333
  0.64       0.         0.         0.256      0.         0.
  0.         0.         0.07893333 0.         0.         0.
  0.8        0.         0.08533333 0.8        0.         0.
  0.         0.         0.         0.         0.         0.
  0.         0.256      0.         0.         0.         0.
  0.256      0.         0.8        0.         0.         0.
  0.         0.         0.64       0.         0.         0.
  0.256      0.         0.         0.         0.         0.256
  0.         0.         0.         0.         0.         0.
  0.         0.         0.         0.         0.         0.
  0.256      0.         0.         0.21333333 0.         0.
  0.         0.256      0.17066667 0.128      0.         0.
  0.256      0.         0.         0.         0.         0.
  0.         0.256      0.256      0.         0.         0.64
  0.         0.8        0.         0.256      0.17066667 0.
  0.         0.         0.         0.         0.         0.11377778
  0.         0.8        0.         0.         0.         0.128
  0.256      0.         0.         0.8        0.05688889 0.
  0.         0.         0.         0.8        0.64       0.
  0.         0.         0.         0.         0.         0.
  0.         0.         0.         0.         0.         0.
  0.         0.         0.256      0.         0.         0.256
  0.64       0.18488889 0.         0.         0.         0.256
  0.         0.         0.         0.         0.         0.
  0.64       0.         0.         0.         0.         0.03754667
  0.         0.03413333 0.         0.         0.         0.
  0.         0.         0.8        0.         0.256      0.8
  0.         0.         0.64       0.09386667 0.64       0.
  0.         0.         0.8        0.         0.         0.
  0.         0.         0.256      0.         0.         0.
  0.256      0.         0.         0.21333333 0.256      0.
  0.         0.21333333 0.         0.         0.         0.
  0.07893333 0.         0.         0.         0.256      0.256
  0.8        0.         0.256      0.         0.256      0.8
  0.256      0.         0.         0.         0.         0.21333333
  0.256      0.         0.         0.         0.         0.256
  0.         0.         0.256      0.8        0.256      0.256
  0.         0.         0.256      0.21333333 0.         0.192
  0.         0.         0.256      0.         0.06257778 0.
  0.21333333 0.         0.03413333 0.03413333 0.         0.
  0.         0.         0.         0.72       0.         0.
  0.         0.         0.17066667 0.         0.192      0.
  0.         0.         0.         0.         0.         0.
  0.         0.64       0.         0.21333333 0.17066667 0.
  0.         0.8        0.         0.         0.         0.
  0.         0.         0.         0.         0.256      0.15847619
  0.         0.         0.         0.         0.         0.
  0.         0.8        0.8        0.         0.         0.
  0.         0.         0.         0.         0.         0.
  0.256      0.256      0.         0.         0.         0.
  0.         0.         0.         0.         0.         0.1152
  0.64       0.         0.         0.         0.         0.
  0.        ]]"
"[[0.         0.         0.         0.         0.         0.
  0.         0.         0.         0.         0.         0.
  0.         0.         0.         0.         0.         0.
  0.         0.         0.         0.         0.         0.
  0.         0.08533333 0.         0.         0.         0.
  0.         0.         0.12515556 0.         0.         0.
  0.         0.         0.         0.         0.         0.
  0.         0.         0.         0.         0.         0.
  0.         0.         0.         0.17066667 0.         0.
  0.         0.         0.         0.2048     0.         0.
  0.         0.         0.         1.         0.2048     0.
  0.         0.         0.         0.         0.12515556 0.
  0.17066667 0.         0.         0.17066667 0.         0.
  0.2048     0.         0.         0.         0.         0.
  0.2048     0.2048     0.         0.         0.         0.
  0.         0.         0.         0.         0.         0.2048
  0.         0.17066667 0.         0.         0.         0.
  0.         0.         0.         0.2048     0.         0.
  0.         0.         0.         0.         0.         0.
  0.         0.2048     0.         0.         0.         0.
  0.         0.         0.         0.         0.         0.
  0.         0.         0.         0.08533333 0.         0.
  0.         0.         0.         0.         0.         0.
  0.         0.         0.         0.         0.         0.
  0.         0.         0.         0.         0.         0.
  0.         0.         0.         0.         0.         0.
  0.         0.         0.         0.         0.         0.
  0.         0.         0.         0.         0.         0.
  0.         0.         0.         0.         0.         0.
  0.         0.         0.         0.         0.2048     0.
  0.         0.         0.         0.         0.         0.
  0.         0.         0.         0.         0.         0.
  0.         0.2048     0.         0.         0.         0.
  0.         0.08533333 0.         0.         0.         0.
  0.         0.72       0.         0.         0.         0.
  0.         0.         0.         0.2048     0.         0.
  0.         0.02844444 0.         0.         0.         0.
  0.         0.         0.         0.         0.         0.
  0.         0.         0.72       0.         0.         0.02844444
  0.         0.         0.         0.2048     0.         0.
  0.         0.         0.         0.         0.         0.
  0.         0.         0.         0.         0.         0.
  0.         0.         0.         0.         0.         0.
  0.         0.         0.         0.         0.         0.
  0.         0.         0.         0.         0.         0.2048
  0.         0.         0.         0.         0.72       0.
  0.         0.         0.         0.2048     0.         0.
  0.         0.         0.         0.         0.         0.
  0.         0.         0.2048     0.         0.         0.
  0.02844444 0.         0.         0.         0.         0.12515556
  0.         0.         0.         0.2048     0.         0.
  0.         0.         0.         0.         0.2048     0.
  0.         0.         0.         0.         0.         0.
  0.         0.         0.         0.         0.         0.
  0.         0.         0.         0.         0.12515556 0.
  0.         0.         0.         0.         0.02844444 0.
  0.         0.         0.         0.         0.         0.
  0.         0.         0.         0.17066667 0.         0.
  0.         0.         0.         0.         0.         0.
  0.         0.         0.         0.         0.         0.
  0.         0.         0.2048     0.         0.17066667 0.
  0.         0.         0.2048     0.         0.         0.
  0.         0.         0.         0.         0.         0.
  0.         0.         0.         0.         0.         0.
  0.         0.17066667 0.         0.72       0.         0.
  0.         0.         0.         0.         0.         0.2048
  0.         0.         0.         0.         0.         0.
  0.         0.         0.         0.72       0.         0.2048
  0.         0.         0.         0.         0.         0.
  0.         0.         0.         0.         0.         0.
  0.         0.         0.         0.         0.         0.
  0.         0.         0.         0.2048     0.         0.
  0.         0.         0.         0.2048     0.         0.
  0.         0.         0.         0.         0.         0.
  0.2048     0.2048     0.         0.         0.         0.
  0.         0.         0.         0.         0.         0.
  0.         0.         0.         0.         0.2048     0.
  0.         0.2048     0.72       0.17066667 0.         0.
  0.        ]]"
"[[0.         0.         0.         0.         0.         0.
  0.         0.         0.         0.         0.         0.
  0.         0.         0.         0.         0.         0.
  0.         0.         0.         0.         0.         0.
  0.         0.128      0.         0.         0.         0.
  0.         0.         0.29866667 0.         0.         0.
  0.         0.         0.         0.         0.         0.
  0.         0.         0.         0.         0.         0.
  0.         0.         0.         0.256      0.         0.
  0.         0.         0.         0.64       0.         0.
  0.         0.         0.         0.2048     1.         0.
  0.         0.         0.         0.         0.29866667 0.
  0.256      0.         0.         0.256      0.         0.
  0.8        0.         0.         0.         0.         0.
  0.64       0.8        0.         0.         0.         0.
  0.         0.         0.         0.         0.         0.8
  0.         0.256      0.         0.         0.         0.
  0.         0.         0.         0.64       0.         0.
  0.         0.         0.         0.         0.         0.
  0.         0.8        0.         0.         0.         0.
  0.         0.         0.         0.         0.         0.
  0.         0.         0.         0.128      0.         0.
  0.         0.         0.         0.         0.         0.
  0.         0.         0.         0.         0.         0.
  0.         0.         0.         0.         0.         0.
  0.         0.         0.         0.         0.         0.
  0.         0.         0.         0.         0.         0.
  0.         0.         0.         0.         0.         0.
  0.         0.         0.         0.         0.         0.
  0.         0.         0.         0.         0.64       0.
  0.         0.         0.         0.         0.         0.
  0.         0.         0.         0.         0.         0.
  0.         0.64       0.         0.         0.         0.
  0.         0.128      0.         0.         0.         0.
  0.         0.2048     0.         0.         0.         0.
  0.         0.         0.         0.8        0.         0.
  0.         0.04266667 0.         0.         0.         0.
  0.         0.         0.         0.         0.         0.
  0.         0.         0.2048     0.         0.         0.04266667
  0.         0.         0.         0.64       0.         0.
  0.         0.         0.         0.         0.         0.
  0.         0.         0.         0.         0.         0.
  0.         0.         0.         0.         0.         0.
  0.         0.         0.         0.         0.         0.
  0.         0.         0.         0.         0.         0.64
  0.         0.         0.         0.         0.2048     0.
  0.         0.         0.         0.8        0.         0.
  0.         0.         0.         0.         0.         0.
  0.         0.         0.64       0.         0.         0.
  0.04266667 0.         0.         0.         0.         0.29866667
  0.         0.         0.         0.64       0.         0.
  0.         0.         0.         0.         0.64       0.
  0.         0.         0.         0.         0.         0.
  0.         0.         0.         0.         0.         0.
  0.         0.         0.         0.         0.29866667 0.
  0.         0.         0.         0.         0.04266667 0.
  0.         0.         0.         0.         0.         0.
  0.         0.         0.         0.256      0.         0.
  0.         0.         0.         0.         0.         0.
  0.         0.         0.         0.         0.         0.
  0.         0.         0.64       0.         0.256      0.
  0.         0.         0.64       0.         0.         0.
  0.         0.         0.         0.         0.         0.
  0.         0.         0.         0.         0.         0.
  0.         0.256      0.         0.2048     0.         0.
  0.         0.         0.         0.         0.         0.64
  0.         0.         0.         0.         0.         0.
  0.         0.         0.         0.2048     0.         0.64
  0.         0.         0.         0.         0.         0.
  0.         0.         0.         0.         0.         0.
  0.         0.         0.         0.         0.         0.
  0.         0.         0.         0.8        0.         0.
  0.         0.         0.         0.64       0.         0.
  0.         0.         0.         0.         0.         0.
  0.64       0.64       0.         0.         0.         0.
  0.         0.         0.         0.         0.         0.
  0.         0.         0.         0.         0.64       0.
  0.         0.64       0.2048     0.256      0.         0.
  0.        ]]"
"[[0.         0.         0.         0.         0.         0.
  0.         0.         0.         0.         0.         0.
  0.         0.         0.         0.         0.         0.
  0.8        0.         0.         0.8        0.         0.
  0.         0.         0.         0.         0.18027303 0.
  0.         0.1714402  0.         0.         0.         0.
  0.         0.8        0.         0.         0.8        0.
  0.         0.         0.08535929 0.         0.         0.
  0.         0.         0.         0.         0.         0.
  0.         0.         0.         0.         0.12027214 0.
  0.         0.         0.         0.         0.         1.
  0.         0.         0.         0.         0.         0.
  0.         0.         0.         0.         0.         0.
  0.         0.         0.8        0.8        0.12856171 0.
  0.         0.         0.         0.16985201 0.         0.8
  0.         0.         0.         0.         0.         0.
  0.8        0.         0.         0.8        0.         0.
  0.         0.         0.         0.         0.         0.
  0.8        0.8        0.         0.         0.         0.
  0.         0.         0.         0.         0.         0.
  0.         0.         0.08526979 0.         0.         0.
  0.         0.         0.         0.         0.8        0.
  0.         0.         0.         0.         0.         0.
  0.         0.         0.         0.11346386 0.8        0.
  0.         0.         0.         0.         0.         0.
  0.         0.         0.         0.         0.         0.
  0.         0.         0.         0.         0.         0.8
  0.         0.         0.         0.         0.         0.8
  0.         0.         0.         0.         0.         0.
  0.         0.8        0.         0.         0.         0.
  0.         0.         0.         0.         0.         0.08535929
  0.         0.         0.         0.07191812 0.         0.
  0.         0.         0.         0.         0.         0.
  0.         0.         0.         0.         0.         0.
  0.8        0.         0.         0.         0.8        0.8
  0.         0.         0.         0.         0.         0.
  0.         0.         0.         0.         0.         0.
  0.         0.         0.         0.         0.         0.
  0.         0.         0.         0.         0.         0.
  0.         0.         0.         0.         0.         0.
  0.         0.         0.06428085 0.         0.         0.
  0.8        0.         0.         0.         0.8        0.
  0.         0.         0.12869422 0.         0.11497495 0.
  0.         0.         0.         0.         0.         0.
  0.         0.         0.         0.         0.         0.
  0.         0.         0.         0.         0.         0.
  0.         0.         0.         0.         0.         0.
  0.         0.         0.         0.         0.         0.
  0.         0.         0.         0.         0.8        0.
  0.         0.         0.         0.         0.         0.
  0.         0.         0.8        0.         0.08719264 0.
  0.8        0.         0.         0.         0.         0.
  0.         0.         0.         0.         0.         0.
  0.         0.         0.         0.         0.         0.
  0.         0.         0.         0.         0.         0.
  0.18027303 0.8        0.         0.         0.         0.
  0.         0.8        0.8        0.         0.         0.
  0.         0.         0.         0.         0.         0.
  0.         0.         0.8        0.         0.         0.
  0.         0.8        0.         0.         0.         0.
  0.         0.         0.         0.8        0.         0.
  0.         0.         0.         0.         0.         0.
  0.         0.         0.         0.         0.         0.
  0.08297931 0.         0.         0.         0.         0.
  0.         0.         0.         0.         0.         0.
  0.         0.8        0.         0.         0.         0.
  0.08630174 0.         0.         0.         0.8        0.8
  0.         0.         0.         0.         0.         0.
  0.         0.         0.         0.         0.         0.
  0.         0.         0.8        0.         0.         0.
  0.         0.         0.1714402  0.         0.         0.8
  0.         0.         0.8        0.         0.         0.
  0.         0.         0.09648754 0.         0.8        0.
  0.         0.         0.         0.         0.09648754 0.
  0.         0.         0.         0.         0.         0.
  0.         0.         0.         0.         0.         0.
  0.         0.09958583 0.         0.8        0.         0.
  0.         0.         0.         0.         0.11027147 0.
  0.        ]]"
"[[0.         0.         0.         0.         0.         0.
  0.         0.         0.         0.         0.         0.
  0.         0.         0.64       0.         0.39229413 0.
  0.         0.         0.         0.         0.         0.33244119
  0.         0.         0.         0.         0.         0.
  0.         0.         0.         0.         0.17043872 0.15288238
  0.44519629 0.         0.         0.         0.         0.
  0.         0.         0.         0.         0.45409874 0.64
  0.29903933 0.64       0.         0.         0.17043872 0.35113562
  0.15288238 0.         0.18604718 0.         0.         0.27974558
  0.         0.         0.         0.         0.         0.
  1.         0.         0.         0.         0.         0.
  0.         0.44519629 0.         0.         0.44519629 0.35958374
  0.         0.35113562 0.         0.         0.         0.47644119
  0.         0.         0.41269289 0.         0.         0.
  0.         0.         0.         0.44519629 0.         0.
  0.         0.         0.         0.         0.64       0.15288238
  0.26709964 0.         0.         0.         0.         0.
  0.         0.         0.44519629 0.         0.         0.44519629
  0.         0.         0.45409874 0.         0.         0.
  0.27743458 0.64       0.         0.44519629 0.         0.
  0.16524586 0.         0.20305623 0.         0.         0.46526996
  0.22394201 0.16524586 0.         0.         0.         0.
  0.         0.46821907 0.34433176 0.         0.         0.8
  0.         0.16524586 0.25945255 0.         0.64       0.64
  0.         0.         0.20029674 0.44519629 0.35958374 0.
  0.         0.21680308 0.18548975 0.         0.         0.
  0.32874686 0.64       0.         0.         0.         0.
  0.         0.14873826 0.         0.         0.49281874 0.64
  0.44519629 0.         0.36440154 0.44519629 0.         0.27181922
  0.44519629 0.         0.38411653 0.23334155 0.44519629 0.
  0.         0.         0.         0.         0.         0.31091953
  0.3418325  0.         0.         0.         0.45409874 0.
  0.         0.         0.         0.15288238 0.         0.
  0.         0.         0.64       0.64       0.         0.
  0.2284161  0.44519629 0.64       0.         0.33097328 0.
  0.         0.         0.44519629 0.         0.         0.
  0.39351439 0.         0.         0.         0.         0.35958374
  0.         0.64       0.         0.17043872 0.21680308 0.
  0.15288238 0.         0.         0.         0.         0.
  0.         0.         0.         0.         0.         0.35958374
  0.         0.23079213 0.64       0.34433176 0.         0.
  0.44519629 0.         0.         0.         0.         0.
  0.         0.15288238 0.         0.         0.         0.
  0.35958374 0.         0.64       0.         0.         0.
  0.         0.         0.34433176 0.64       0.         0.
  0.32874686 0.         0.44519629 0.         0.2879388  0.44519629
  0.15288238 0.12566528 0.         0.         0.21680308 0.
  0.         0.         0.         0.44519629 0.         0.
  0.         0.25487425 0.         0.36805328 0.         0.
  0.         0.47644119 0.         0.         0.         0.
  0.         0.         0.64       0.16524586 0.         0.64
  0.15288238 0.14292334 0.         0.16524586 0.         0.
  0.36440154 0.         0.         0.         0.         0.24508734
  0.22752403 0.         0.         0.44519629 0.         0.
  0.         0.         0.         0.         0.         0.21680308
  0.         0.         0.         0.         0.         0.56939916
  0.         0.         0.         0.         0.21967129 0.
  0.         0.         0.         0.28819341 0.         0.
  0.         0.         0.         0.3418325  0.         0.
  0.         0.         0.         0.         0.         0.
  0.         0.         0.         0.44519629 0.         0.
  0.64       0.64       0.         0.         0.         0.
  0.         0.31723816 0.         0.         0.         0.
  0.         0.         0.         0.         0.         0.64
  0.         0.         0.         0.         0.         0.
  0.         0.         0.         0.         0.         0.
  0.39758727 0.         0.         0.         0.         0.
  0.16524586 0.         0.24266179 0.         0.         0.2049482
  0.34433176 0.         0.         0.         0.         0.
  0.         0.         0.         0.64       0.39351439 0.
  0.16524586 0.33244119 0.         0.         0.         0.
  0.44519629 0.         0.         0.         0.         0.
  0.34433176 0.         0.         0.15288238 0.         0.
  0.         0.         0.         0.         0.44519629 0.29903933
  0.         0.         0.         0.44519629 0.44519629 0.
  0.44519629 0.         0.64       0.         0.         0.
  0.         0.         0.         0.         0.         0.
  0.        ]]"
"[[0.  0.  0.  0.  0.  0.  0.  0.  0.  0.  0.  0.  0.  0.  0.  0.  0.  0.
  0.  0.  0.  0.  0.  0.  0.  0.  0.  0.  0.  0.  0.  0.  0.  0.  0.  0.
  0.  0.  0.  0.  0.  0.  0.  0.  0.  0.  0.  0.  0.  0.  0.  0.  0.  0.
  0.  0.  0.  0.  0.  0.  0.  0.  0.  0.  0.  0.  0.  1.  0.  0.  0.  0.
  0.  0.  0.  0.  0.  0.  0.  0.  0.  0.  0.  0.  0.  0.  0.  0.  0.  0.
  0.  0.  0.  0.  0.  0.  0.  0.  0.  0.  0.  0.  0.  0.  0.  0.  0.  0.
  0.  0.  0.  0.  0.  0.  0.  0.  0.  0.  0.8 0.  0.  0.  0.  0.  0.  0.
  0.  0.  0.  0.  0.  0.  0.  0.  0.  0.  0.8 0.  0.  0.  0.  0.  0.  0.
  0.  0.  0.  0.  0.  0.  0.  0.  0.  0.  0.  0.  0.  0.  0.  0.  0.  0.
  0.  0.  0.  0.  0.  0.  0.  0.  0.  0.  0.  0.  0.  0.  0.  0.  0.  0.
  0.  0.  0.  0.  0.  0.  0.  0.  0.  0.  0.  0.  0.  0.  0.  0.8 0.  0.
  0.  0.  0.  0.  0.  0.  0.  0.  0.  0.  0.  0.  0.  0.  0.  0.  0.  0.
  0.  0.  0.  0.  0.  0.  0.  0.  0.  0.  0.8 0.  0.  0.  0.  0.  0.  0.
  0.  0.  0.  0.  0.8 0.  0.8 0.  0.  0.  0.  0.  0.  0.  0.  0.  0.  0.
  0.  0.  0.  0.8 0.  0.  0.  0.  0.8 0.  0.  0.  0.  0.  0.  0.  0.  0.
  0.8 0.  0.  0.  0.  0.  0.  0.  0.  0.  0.  0.  0.  0.  0.  0.  0.  0.
  0.  0.  0.  0.  0.  0.  0.  0.  0.8 0.  0.  0.  0.  0.  0.  0.  0.  0.
  0.  0.  0.  0.  0.  0.  0.  0.  0.  0.  0.  0.  0.  0.  0.  0.  0.  0.
  0.  0.  0.  0.  0.  0.  0.  0.  0.  0.8 0.  0.  0.  0.  0.  0.  0.  0.
  0.  0.  0.8 0.  0.  0.  0.  0.  0.  0.  0.  0.  0.  0.  0.  0.  0.  0.
  0.  0.  0.  0.  0.  0.  0.  0.  0.  0.  0.  0.  0.  0.  0.  0.  0.  0.
  0.  0.  0.  0.  0.8 0.  0.  0.  0.  0.  0.  0.  0.  0.  0.  0.  0.  0.
  0.  0.  0.8 0.  0.  0.  0.  0.8 0.  0.  0.  0.  0.  0.  0.  0.  0.  0.
  0.  0.  0.  0.  0.  0.  0.  0.  0.  0.  0.  0.  0.  0.  0.  0.  0.  0.
  0.  0.  0.  0.  0.  0.  0.  0.  0.  0.  0.  0.  0.  0.  0.  0.  0.  0.
  0.  0.  0.  0.  0.  0.  0.  0.  0.  0.  0.  0.  0.  0.  0.  0.  0.  0.
  0. ]]"
"[[0.         0.         0.         0.         0.         0.
  0.         0.         0.         0.         0.         0.
  0.         0.         0.         0.         0.         0.
  0.         0.33496739 0.27422843 0.         0.34389795 0.
  0.         0.         0.         0.         0.         0.
  0.         0.         0.         0.25314935 0.         0.
  0.         0.         0.         0.         0.         0.19905556
  0.15079204 0.         0.         0.         0.         0.
  0.         0.         0.         0.         0.         0.
  0.         0.         0.         0.         0.         0.
  0.         0.         0.         0.         0.         0.
  0.         0.         1.         0.         0.         0.
  0.         0.         0.         0.         0.         0.
  0.         0.         0.         0.         0.         0.
  0.         0.         0.         0.         0.         0.
  0.35979975 0.         0.15099851 0.         0.21510211 0.
  0.         0.         0.         0.         0.         0.
  0.         0.         0.         0.         0.         0.33929646
  0.         0.         0.         0.         0.         0.
  0.         0.         0.         0.         0.         0.
  0.         0.         0.         0.         0.         0.
  0.         0.         0.         0.         0.         0.
  0.         0.         0.         0.23909274 0.         0.
  0.         0.         0.         0.         0.         0.
  0.         0.         0.         0.         0.         0.
  0.15267224 0.         0.         0.         0.         0.
  0.         0.         0.         0.         0.         0.
  0.         0.         0.         0.34369733 0.         0.
  0.         0.         0.         0.         0.         0.
  0.         0.         0.         0.         0.         0.
  0.         0.         0.         0.         0.         0.
  0.         0.         0.         0.         0.         0.
  0.         0.         0.         0.         0.         0.
  0.         0.         0.         0.         0.14892288 0.
  0.         0.         0.         0.         0.         0.
  0.         0.         0.         0.         0.         0.
  0.         0.         0.         0.         0.         0.
  0.         0.         0.         0.         0.         0.
  0.         0.         0.         0.         0.         0.
  0.         0.         0.         0.         0.         0.
  0.         0.         0.         0.         0.         0.
  0.         0.         0.         0.         0.         0.
  0.         0.         0.         0.         0.         0.
  0.         0.         0.         0.         0.         0.
  0.         0.         0.         0.         0.         0.
  0.         0.14703165 0.         0.         0.         0.15126938
  0.         0.         0.         0.         0.         0.
  0.         0.         0.         0.         0.         0.
  0.         0.         0.         0.         0.         0.
  0.         0.         0.         0.         0.         0.
  0.         0.         0.         0.         0.         0.
  0.         0.         0.         0.         0.         0.
  0.         0.         0.         0.         0.         0.
  0.         0.15254712 0.         0.         0.         0.
  0.         0.150781   0.         0.         0.         0.15208324
  0.         0.         0.         0.         0.         0.
  0.         0.         0.         0.         0.         0.
  0.         0.         0.         0.         0.         0.
  0.         0.         0.         0.         0.         0.
  0.         0.         0.         0.         0.         0.
  0.         0.         0.         0.         0.         0.
  0.         0.37068962 0.         0.         0.         0.
  0.         0.         0.         0.         0.         0.
  0.         0.         0.         0.         0.         0.
  0.14881206 0.         0.         0.         0.         0.
  0.         0.         0.         0.         0.         0.
  0.         0.         0.         0.         0.         0.
  0.         0.         0.         0.         0.         0.
  0.         0.         0.         0.         0.         0.
  0.         0.         0.         0.         0.         0.
  0.23909274 0.         0.         0.         0.         0.
  0.         0.         0.         0.         0.         0.
  0.         0.         0.         0.         0.         0.1560522
  0.         0.         0.         0.         0.         0.
  0.         0.         0.         0.         0.         0.
  0.         0.         0.         0.         0.         0.
  0.         0.         0.         0.         0.         0.
  0.         0.         0.         0.         0.         0.
  0.        ]]"
"[[0.         0.         0.         0.         0.         0.
  0.         0.         0.         0.         0.         0.
  0.         0.         0.         0.         0.         0.
  0.         0.         0.         0.         0.         0.
  0.         0.         0.         0.         0.         0.
  0.         0.         0.         0.         0.         0.
  0.         0.         0.19438697 0.         0.         0.
  0.         0.         0.         0.         0.         0.
  0.         0.         0.         0.         0.         0.
  0.         0.         0.         0.         0.         0.
  0.         0.         0.         0.         0.         0.
  0.         0.         0.         1.         0.         0.
  0.         0.         0.         0.         0.         0.
  0.         0.         0.         0.         0.         0.
  0.         0.         0.         0.         0.         0.
  0.         0.         0.         0.         0.         0.
  0.         0.         0.         0.         0.         0.
  0.         0.         0.         0.         0.         0.
  0.         0.         0.         0.         0.         0.
  0.         0.         0.         0.         0.         0.
  0.         0.         0.         0.         0.         0.
  0.         0.         0.         0.         0.         0.
  0.         0.         0.09806852 0.         0.         0.
  0.         0.         0.         0.         0.         0.
  0.         0.         0.         0.         0.         0.
  0.         0.         0.         0.         0.         0.
  0.         0.         0.         0.         0.         0.
  0.         0.         0.         0.         0.         0.
  0.         0.         0.         0.         0.         0.
  0.         0.         0.         0.         0.         0.
  0.         0.         0.         0.         0.         0.
  0.         0.         0.         0.         0.         0.
  0.         0.         0.         0.         0.         0.
  0.         0.         0.         0.         0.         0.
  0.         0.         0.         0.         0.         0.
  0.         0.         0.         0.         0.         0.06723239
  0.         0.         0.         0.         0.         0.
  0.         0.         0.         0.         0.         0.
  0.         0.         0.         0.         0.         0.
  0.         0.         0.         0.         0.         0.
  0.         0.         0.         0.         0.         0.
  0.         0.         0.         0.         0.         0.
  0.         0.         0.         0.         0.         0.
  0.         0.         0.         0.         0.         0.20904822
  0.         0.         0.         0.         0.         0.
  0.         0.         0.         0.         0.         0.
  0.         0.36539957 0.         0.         0.         0.
  0.         0.         0.         0.19438697 0.         0.
  0.         0.         0.         0.         0.         0.
  0.         0.         0.         0.         0.10071935 0.
  0.         0.         0.         0.         0.         0.
  0.         0.         0.         0.         0.         0.
  0.         0.         0.         0.         0.         0.
  0.         0.         0.         0.         0.         0.
  0.         0.         0.         0.         0.         0.
  0.         0.         0.         0.         0.         0.
  0.         0.         0.         0.         0.         0.
  0.06723239 0.         0.         0.         0.         0.
  0.         0.06723239 0.         0.         0.         0.
  0.         0.         0.         0.         0.         0.
  0.         0.20789674 0.         0.         0.         0.
  0.         0.         0.         0.         0.         0.
  0.         0.         0.         0.         0.         0.
  0.         0.         0.         0.         0.         0.
  0.         0.         0.         0.         0.         0.
  0.         0.         0.         0.         0.         0.
  0.         0.         0.         0.         0.         0.
  0.         0.         0.         0.         0.         0.
  0.         0.36539957 0.         0.24642667 0.         0.
  0.         0.         0.         0.         0.         0.8
  0.         0.         0.         0.         0.         0.
  0.         0.         0.         0.         0.         0.
  0.         0.36539957 0.         0.         0.         0.
  0.         0.         0.         0.         0.         0.
  0.         0.         0.         0.         0.         0.
  0.         0.         0.20257189 0.         0.         0.10888067
  0.         0.         0.         0.         0.         0.
  0.         0.         0.         0.         0.         0.
  0.        ]]"
"[[0.         0.         0.         0.         0.         0.
  0.         0.         0.         0.         0.         0.
  0.         0.         0.         0.         0.         0.
  0.         0.         0.         0.         0.         0.
  0.21333333 0.256      0.         0.         0.         0.
  0.         0.         0.8        0.         0.         0.
  0.         0.         0.         0.         0.         0.
  0.         0.         0.         0.         0.         0.
  0.         0.         0.         0.29866667 0.         0.
  0.         0.         0.         0.29866667 0.         0.
  0.         0.         0.         0.12515556 0.29866667 0.
  0.         0.         0.         0.         1.         0.
  0.29866667 0.         0.         0.29866667 0.         0.
  0.29866667 0.         0.         0.         0.         0.
  0.29866667 0.29866667 0.         0.         0.         0.
  0.         0.         0.         0.         0.         0.29866667
  0.         0.29866667 0.         0.         0.         0.
  0.         0.         0.         0.29866667 0.         0.
  0.         0.         0.         0.         0.         0.
  0.         0.29866667 0.         0.         0.         0.
  0.         0.         0.         0.         0.         0.
  0.         0.         0.         0.256      0.         0.
  0.         0.         0.         0.         0.         0.
  0.         0.         0.         0.         0.         0.
  0.         0.         0.         0.         0.         0.
  0.         0.         0.         0.         0.         0.
  0.         0.         0.         0.         0.         0.
  0.         0.         0.         0.         0.         0.
  0.         0.         0.         0.         0.         0.
  0.         0.         0.         0.         0.29866667 0.
  0.         0.         0.         0.         0.         0.
  0.         0.         0.         0.         0.         0.
  0.         0.29866667 0.         0.         0.         0.
  0.         0.256      0.         0.         0.         0.
  0.         0.12515556 0.         0.         0.         0.
  0.         0.         0.         0.29866667 0.         0.
  0.         0.15644444 0.         0.         0.         0.10666667
  0.         0.         0.         0.         0.         0.
  0.         0.         0.12515556 0.         0.         0.15644444
  0.         0.         0.         0.29866667 0.         0.
  0.         0.         0.         0.         0.         0.
  0.         0.         0.         0.         0.         0.
  0.         0.         0.         0.         0.         0.
  0.         0.         0.         0.         0.         0.
  0.         0.         0.         0.         0.         0.29866667
  0.         0.         0.         0.         0.12515556 0.
  0.         0.         0.         0.29866667 0.         0.
  0.         0.         0.         0.         0.         0.
  0.         0.         0.29866667 0.         0.         0.
  0.15644444 0.         0.         0.         0.         0.27022222
  0.         0.         0.         0.29866667 0.         0.
  0.         0.         0.         0.         0.29866667 0.
  0.         0.         0.         0.         0.         0.
  0.         0.         0.         0.         0.         0.
  0.         0.         0.         0.         0.8        0.
  0.         0.         0.         0.         0.15644444 0.
  0.         0.         0.         0.         0.         0.
  0.         0.         0.         0.29866667 0.         0.
  0.         0.         0.         0.         0.         0.
  0.         0.         0.         0.         0.         0.
  0.         0.         0.29866667 0.         0.29866667 0.
  0.         0.         0.29866667 0.         0.         0.
  0.         0.         0.         0.         0.         0.
  0.         0.         0.         0.         0.         0.
  0.         0.29866667 0.         0.12515556 0.         0.
  0.         0.         0.         0.         0.         0.29866667
  0.         0.         0.         0.         0.         0.
  0.         0.         0.         0.12515556 0.         0.29866667
  0.         0.         0.         0.         0.         0.
  0.         0.         0.         0.         0.         0.
  0.         0.         0.         0.         0.         0.
  0.         0.         0.         0.29866667 0.         0.
  0.         0.         0.         0.29866667 0.         0.
  0.         0.         0.         0.         0.         0.
  0.29866667 0.29866667 0.21333333 0.         0.         0.
  0.         0.         0.         0.         0.         0.
  0.         0.         0.         0.         0.29866667 0.
  0.         0.29866667 0.12515556 0.29866667 0.         0.
  0.        ]]"
"[[0.         0.         0.         0.         0.         0.
  0.         0.         0.         0.         0.         0.
  0.         0.         0.         0.256      0.         0.09014012
  0.         0.         0.         0.         0.         0.
  0.         0.         0.256      0.256      0.         0.
  0.256      0.         0.         0.         0.         0.
  0.         0.         0.         0.256      0.         0.
  0.         0.256      0.         0.         0.         0.
  0.         0.         0.256      0.         0.         0.
  0.         0.64       0.         0.         0.         0.
  0.64       0.34253503 0.256      0.         0.         0.
  0.         0.         0.         0.         0.         1.
  0.         0.         0.256      0.         0.         0.
  0.         0.         0.         0.         0.         0.
  0.         0.         0.         0.         0.         0.
  0.         0.64       0.         0.         0.         0.
  0.         0.         0.64       0.         0.         0.
  0.         0.09551002 0.         0.         0.8        0.
  0.         0.         0.         0.09551002 0.04868355 0.
  0.04868355 0.         0.         0.06248139 0.         0.06248139
  0.         0.         0.         0.         0.         0.64
  0.         0.256      0.         0.         0.         0.
  0.         0.         0.         0.         0.         0.8
  0.64       0.         0.         0.         0.         0.
  0.64       0.         0.         0.256      0.         0.
  0.         0.09014012 0.         0.         0.         0.09551002
  0.256      0.         0.         0.64       0.         0.
  0.         0.         0.04868355 0.         0.         0.
  0.256      0.         0.09014012 0.256      0.         0.
  0.         0.         0.         0.         0.         0.
  0.         0.64       0.         0.         0.         0.
  0.72       0.         0.256      0.         0.         0.
  0.         0.         0.256      0.         0.         0.
  0.64       0.         0.         0.         0.         0.8
  0.         0.         0.         0.         0.         0.
  0.         0.         0.         0.         0.         0.
  0.64       0.         0.         0.09551002 0.         0.
  0.         0.64       0.09551002 0.32       0.         0.
  0.64       0.         0.         0.         0.         0.
  0.         0.8        0.64       0.         0.         0.256
  0.         0.256      0.         0.64       0.09551002 0.
  0.         0.         0.         0.         0.         0.24338004
  0.         0.256      0.         0.         0.         0.34253503
  0.8        0.         0.         0.256      0.03183667 0.
  0.         0.         0.         0.256      0.256      0.
  0.         0.         0.         0.         0.         0.
  0.         0.         0.         0.         0.         0.
  0.         0.         0.8        0.         0.         0.64
  0.256      0.09551002 0.         0.         0.         0.8
  0.         0.         0.         0.         0.         0.
  0.256      0.         0.         0.         0.         0.02645056
  0.         0.03295268 0.         0.         0.         0.
  0.         0.         0.256      0.         0.8        0.256
  0.         0.         0.256      0.05392717 0.256      0.
  0.         0.         0.256      0.         0.         0.
  0.         0.         0.64       0.         0.         0.
  0.64       0.         0.         0.09551002 0.64       0.
  0.         0.09551002 0.         0.         0.         0.
  0.04868355 0.         0.         0.         0.8        0.64
  0.256      0.         0.64       0.         0.64       0.256
  0.64       0.         0.         0.         0.         0.09551002
  0.64       0.         0.         0.         0.         0.8
  0.         0.         0.8        0.256      0.64       0.64
  0.         0.         0.64       0.09551002 0.         0.09551002
  0.         0.         0.8        0.         0.04408427 0.
  0.09551002 0.         0.03295268 0.03295268 0.         0.
  0.         0.         0.         0.256      0.         0.
  0.         0.         0.36507006 0.         0.09551002 0.
  0.         0.         0.         0.         0.         0.
  0.         0.256      0.         0.09551002 0.09551002 0.
  0.         0.256      0.         0.         0.         0.
  0.         0.         0.         0.         0.64       0.40788717
  0.         0.         0.         0.         0.         0.
  0.         0.256      0.256      0.         0.         0.
  0.         0.         0.         0.         0.         0.
  0.64       0.64       0.         0.         0.         0.
  0.         0.         0.         0.         0.         0.06102698
  0.256      0.         0.         0.         0.         0.
  0.        ]]"
"[[0.         0.         0.         0.         0.         0.
  0.         0.         0.         0.         0.         0.
  0.         0.         0.         0.         0.         0.
  0.         0.         0.         0.         0.         0.
  0.         0.32       0.         0.         0.         0.
  0.         0.         0.29866667 0.         0.         0.
  0.         0.         0.         0.         0.         0.
  0.         0.         0.         0.         0.         0.
  0.         0.         0.         0.8        0.         0.
  0.         0.         0.         0.256      0.         0.
  0.         0.         0.         0.17066667 0.256      0.
  0.         0.         0.         0.         0.29866667 0.
  1.         0.         0.         0.8        0.         0.
  0.256      0.         0.         0.         0.         0.
  0.256      0.256      0.         0.         0.         0.
  0.         0.         0.         0.         0.         0.256
  0.         0.8        0.         0.         0.         0.
  0.         0.         0.         0.256      0.         0.
  0.         0.         0.         0.         0.         0.
  0.         0.256      0.         0.         0.         0.
  0.         0.         0.         0.         0.         0.
  0.         0.         0.         0.32       0.         0.
  0.         0.         0.         0.         0.         0.
  0.         0.         0.         0.         0.         0.
  0.         0.         0.         0.         0.         0.
  0.         0.         0.         0.         0.         0.
  0.         0.         0.         0.         0.         0.
  0.         0.         0.         0.         0.         0.
  0.         0.         0.         0.         0.         0.
  0.         0.         0.         0.         0.256      0.
  0.         0.         0.         0.         0.         0.
  0.         0.         0.         0.         0.         0.
  0.         0.256      0.         0.         0.         0.
  0.         0.32       0.         0.         0.         0.
  0.         0.17066667 0.         0.         0.         0.
  0.         0.         0.         0.256      0.         0.
  0.         0.10666667 0.         0.         0.         0.
  0.         0.         0.         0.         0.         0.
  0.         0.         0.17066667 0.         0.         0.10666667
  0.         0.         0.         0.256      0.         0.
  0.         0.         0.         0.         0.         0.
  0.         0.         0.         0.         0.         0.
  0.         0.         0.         0.         0.         0.
  0.         0.         0.         0.         0.         0.
  0.         0.         0.         0.         0.         0.256
  0.         0.         0.         0.         0.17066667 0.
  0.         0.         0.         0.256      0.         0.
  0.         0.         0.         0.         0.         0.
  0.         0.         0.256      0.         0.         0.
  0.10666667 0.         0.         0.         0.         0.29866667
  0.         0.         0.         0.256      0.         0.
  0.         0.         0.         0.         0.256      0.
  0.         0.         0.         0.         0.         0.
  0.         0.         0.         0.         0.         0.
  0.         0.         0.         0.         0.29866667 0.
  0.         0.         0.         0.         0.10666667 0.
  0.         0.         0.         0.         0.         0.
  0.         0.         0.         0.8        0.         0.
  0.         0.         0.         0.         0.         0.
  0.         0.         0.         0.         0.         0.
  0.         0.         0.256      0.         0.8        0.
  0.         0.         0.256      0.         0.         0.
  0.         0.         0.         0.         0.         0.
  0.         0.         0.         0.         0.         0.
  0.         0.8        0.         0.17066667 0.         0.
  0.         0.         0.         0.         0.         0.256
  0.         0.         0.         0.         0.         0.
  0.         0.         0.         0.17066667 0.         0.256
  0.         0.         0.         0.         0.         0.
  0.         0.         0.         0.         0.         0.
  0.         0.         0.         0.         0.         0.
  0.         0.         0.         0.256      0.         0.
  0.         0.         0.         0.256      0.         0.
  0.         0.         0.         0.         0.         0.
  0.256      0.256      0.         0.         0.         0.
  0.         0.         0.         0.         0.         0.
  0.         0.         0.         0.         0.256      0.
  0.         0.256      0.17066667 0.8        0.         0.
  0.        ]]"
"[[0.         0.         0.         0.         0.         0.
  0.         0.         0.         0.         0.         0.
  0.         0.         0.44519629 0.         0.34109358 0.
  0.         0.         0.         0.         0.         0.30504223
  0.         0.         0.         0.         0.         0.
  0.         0.         0.         0.         0.16722223 0.19688817
  0.8        0.         0.         0.         0.         0.
  0.         0.         0.         0.         0.35217833 0.44519629
  0.49844408 0.44519629 0.         0.         0.16722223 0.31392908
  0.19688817 0.         0.21882826 0.         0.         0.27036244
  0.         0.         0.         0.         0.         0.
  0.44519629 0.         0.         0.         0.         0.
  0.         1.         0.         0.         0.8        0.30559631
  0.         0.31392908 0.         0.         0.         0.32104223
  0.         0.         0.48069482 0.         0.         0.
  0.         0.         0.         0.8        0.         0.
  0.         0.         0.         0.         0.44519629 0.19688817
  0.27244033 0.         0.         0.         0.         0.
  0.         0.         0.8        0.         0.         0.8
  0.         0.         0.35217833 0.         0.         0.
  0.26934124 0.44519629 0.         0.8        0.         0.
  0.19803805 0.         0.21273726 0.         0.         0.33661028
  0.23367679 0.19803805 0.         0.         0.         0.
  0.         0.34800769 0.30330801 0.         0.         0.44519629
  0.         0.19803805 0.25181577 0.         0.44519629 0.44519629
  0.         0.         0.22385962 0.8        0.30559631 0.
  0.         0.23221395 0.2088635  0.         0.         0.
  0.30030989 0.44519629 0.         0.         0.         0.
  0.         0.15772201 0.         0.         0.35121833 0.44519629
  0.8        0.         0.32270512 0.8        0.         0.25781531
  0.8        0.         0.33221926 0.2599427  0.8        0.
  0.         0.         0.         0.         0.         0.28911228
  0.27976745 0.         0.         0.         0.35217833 0.
  0.         0.         0.         0.19688817 0.         0.
  0.         0.         0.44519629 0.44519629 0.         0.
  0.25335758 0.8        0.44519629 0.         0.3007382  0.
  0.         0.         0.8        0.         0.         0.
  0.53988372 0.         0.         0.         0.         0.30559631
  0.         0.44519629 0.         0.16722223 0.23221395 0.
  0.19688817 0.         0.         0.         0.         0.
  0.         0.         0.         0.         0.         0.30559631
  0.         0.22204062 0.44519629 0.30330801 0.         0.
  0.8        0.         0.         0.         0.         0.
  0.         0.19688817 0.         0.         0.         0.
  0.30559631 0.         0.44519629 0.         0.         0.
  0.         0.         0.30330801 0.44519629 0.         0.
  0.30030989 0.         0.8        0.         0.26506675 0.8
  0.19688817 0.16938025 0.         0.         0.23221395 0.
  0.         0.         0.         0.8        0.         0.
  0.         0.3976032  0.         0.4551134  0.         0.
  0.         0.32104223 0.         0.         0.         0.
  0.         0.         0.44519629 0.19803805 0.         0.44519629
  0.19688817 0.18448348 0.         0.19803805 0.         0.
  0.32270512 0.         0.         0.         0.         0.26945262
  0.23880605 0.         0.         0.8        0.         0.
  0.         0.         0.         0.         0.         0.23221395
  0.         0.         0.         0.         0.         0.38318432
  0.         0.         0.         0.         0.23220332 0.
  0.         0.         0.         0.26890513 0.         0.
  0.         0.         0.         0.27976745 0.         0.
  0.         0.         0.         0.         0.         0.
  0.         0.         0.         0.8        0.         0.
  0.44519629 0.44519629 0.         0.         0.         0.
  0.         0.27067282 0.         0.         0.         0.
  0.         0.         0.         0.         0.         0.44519629
  0.         0.         0.         0.         0.         0.
  0.         0.         0.         0.         0.         0.
  0.31138062 0.         0.         0.         0.         0.
  0.19803805 0.         0.2509652  0.         0.         0.22037888
  0.30330801 0.         0.         0.         0.         0.
  0.         0.         0.         0.44519629 0.53988372 0.
  0.19803805 0.30504223 0.         0.         0.         0.
  0.8        0.         0.         0.         0.         0.
  0.30330801 0.         0.         0.19688817 0.         0.
  0.         0.         0.         0.         0.8        0.49844408
  0.         0.         0.         0.8        0.8        0.
  0.8        0.         0.44519629 0.         0.         0.
  0.         0.         0.         0.         0.         0.
  0.        ]]"
"[[0.         0.         0.         0.         0.         0.
  0.         0.         0.         0.         0.         0.
  0.         0.         0.         0.8        0.         0.08533333
  0.         0.         0.         0.         0.         0.
  0.         0.         0.8        0.8        0.         0.
  0.64       0.         0.         0.         0.         0.
  0.         0.         0.         0.8        0.         0.
  0.         0.8        0.         0.         0.         0.
  0.         0.         0.64       0.         0.         0.
  0.         0.256      0.         0.         0.         0.
  0.256      0.128      0.8        0.         0.         0.
  0.         0.         0.         0.         0.         0.256
  0.         0.         1.         0.         0.         0.
  0.         0.         0.         0.         0.         0.
  0.         0.         0.         0.         0.         0.
  0.         0.256      0.         0.         0.         0.
  0.         0.         0.256      0.         0.         0.
  0.         0.192      0.         0.         0.256      0.
  0.         0.         0.         0.21333333 0.07893333 0.
  0.07893333 0.         0.         0.128      0.         0.128
  0.         0.         0.         0.         0.         0.256
  0.         0.64       0.         0.         0.         0.
  0.         0.         0.         0.         0.         0.256
  0.256      0.         0.         0.         0.         0.
  0.256      0.         0.         0.8        0.         0.
  0.         0.08533333 0.         0.         0.         0.21333333
  0.64       0.         0.         0.256      0.         0.
  0.         0.         0.07893333 0.         0.         0.
  0.8        0.         0.08533333 0.8        0.         0.
  0.         0.         0.         0.         0.         0.
  0.         0.256      0.         0.         0.         0.
  0.256      0.         0.8        0.         0.         0.
  0.         0.         0.64       0.         0.         0.
  0.256      0.         0.         0.         0.         0.256
  0.         0.         0.         0.         0.         0.
  0.         0.         0.         0.         0.         0.
  0.256      0.         0.         0.21333333 0.         0.
  0.         0.256      0.17066667 0.128      0.         0.
  0.256      0.         0.         0.         0.         0.
  0.         0.256      0.256      0.         0.         0.64
  0.         0.8        0.         0.256      0.17066667 0.
  0.         0.         0.         0.         0.         0.11377778
  0.         0.8        0.         0.         0.         0.128
  0.256      0.         0.         0.8        0.05688889 0.
  0.         0.         0.         0.8        0.64       0.
  0.         0.         0.         0.         0.         0.
  0.         0.         0.         0.         0.         0.
  0.         0.         0.256      0.         0.         0.256
  0.64       0.18488889 0.         0.         0.         0.256
  0.         0.         0.         0.         0.         0.
  0.64       0.         0.         0.         0.         0.03754667
  0.         0.03413333 0.         0.         0.         0.
  0.         0.         0.8        0.         0.256      0.8
  0.         0.         0.64       0.09386667 0.64       0.
  0.         0.         0.8        0.         0.         0.
  0.         0.         0.256      0.         0.         0.
  0.256      0.         0.         0.21333333 0.256      0.
  0.         0.21333333 0.         0.         0.         0.
  0.07893333 0.         0.         0.         0.256      0.256
  0.8        0.         0.256      0.         0.256      0.8
  0.256      0.         0.         0.         0.         0.21333333
  0.256      0.         0.         0.         0.         0.256
  0.         0.         0.256      0.8        0.256      0.256
  0.         0.         0.256      0.21333333 0.         0.192
  0.         0.         0.256      0.         0.06257778 0.
  0.21333333 0.         0.03413333 0.03413333 0.         0.
  0.         0.         0.         0.72       0.         0.
  0.         0.         0.17066667 0.         0.192      0.
  0.         0.         0.         0.         0.         0.
  0.         0.64       0.         0.21333333 0.17066667 0.
  0.         0.8        0.         0.         0.         0.
  0.         0.         0.         0.         0.256      0.15847619
  0.         0.         0.         0.         0.         0.
  0.         0.8        0.8        0.         0.         0.
  0.         0.         0.         0.         0.         0.
  0.256      0.256      0.         0.         0.         0.
  0.         0.         0.         0.         0.         0.1152
  0.64       0.         0.         0.         0.         0.
  0.        ]]"
"[[0.         0.         0.         0.         0.         0.
  0.         0.         0.         0.         0.         0.
  0.         0.         0.         0.         0.         0.
  0.         0.         0.         0.         0.         0.
  0.         0.32       0.         0.         0.         0.
  0.         0.         0.29866667 0.         0.         0.
  0.         0.         0.         0.         0.         0.
  0.         0.         0.         0.         0.         0.
  0.         0.         0.         0.8        0.         0.
  0.         0.         0.         0.256      0.         0.
  0.         0.         0.         0.17066667 0.256      0.
  0.         0.         0.         0.         0.29866667 0.
  0.8        0.         0.         1.         0.         0.
  0.256      0.         0.         0.         0.         0.
  0.256      0.256      0.         0.         0.         0.
  0.         0.         0.         0.         0.         0.256
  0.         0.8        0.         0.         0.         0.
  0.         0.         0.         0.256      0.         0.
  0.         0.         0.         0.         0.         0.
  0.         0.256      0.         0.         0.         0.
  0.         0.         0.         0.         0.         0.
  0.         0.         0.         0.32       0.         0.
  0.         0.         0.         0.         0.         0.
  0.         0.         0.         0.         0.         0.
  0.         0.         0.         0.         0.         0.
  0.         0.         0.         0.         0.         0.
  0.         0.         0.         0.         0.         0.
  0.         0.         0.         0.         0.         0.
  0.         0.         0.         0.         0.         0.
  0.         0.         0.         0.         0.256      0.
  0.         0.         0.         0.         0.         0.
  0.         0.         0.         0.         0.         0.
  0.         0.256      0.         0.         0.         0.
  0.         0.32       0.         0.         0.         0.
  0.         0.17066667 0.         0.         0.         0.
  0.         0.         0.         0.256      0.         0.
  0.         0.10666667 0.         0.         0.         0.
  0.         0.         0.         0.         0.         0.
  0.         0.         0.17066667 0.         0.         0.10666667
  0.         0.         0.         0.256      0.         0.
  0.         0.         0.         0.         0.         0.
  0.         0.         0.         0.         0.         0.
  0.         0.         0.         0.         0.         0.
  0.         0.         0.         0.         0.         0.
  0.         0.         0.         0.         0.         0.256
  0.         0.         0.         0.         0.17066667 0.
  0.         0.         0.         0.256      0.         0.
  0.         0.         0.         0.         0.         0.
  0.         0.         0.256      0.         0.         0.
  0.10666667 0.         0.         0.         0.         0.29866667
  0.         0.         0.         0.256      0.         0.
  0.         0.         0.         0.         0.256      0.
  0.         0.         0.         0.         0.         0.
  0.         0.         0.         0.         0.         0.
  0.         0.         0.         0.         0.29866667 0.
  0.         0.         0.         0.         0.10666667 0.
  0.         0.         0.         0.         0.         0.
  0.         0.         0.         0.8        0.         0.
  0.         0.         0.         0.         0.         0.
  0.         0.         0.         0.         0.         0.
  0.         0.         0.256      0.         0.8        0.
  0.         0.         0.256      0.         0.         0.
  0.         0.         0.         0.         0.         0.
  0.         0.         0.         0.         0.         0.
  0.         0.8        0.         0.17066667 0.         0.
  0.         0.         0.         0.         0.         0.256
  0.         0.         0.         0.         0.         0.
  0.         0.         0.         0.17066667 0.         0.256
  0.         0.         0.         0.         0.         0.
  0.         0.         0.         0.         0.         0.
  0.         0.         0.         0.         0.         0.
  0.         0.         0.         0.256      0.         0.
  0.         0.         0.         0.256      0.         0.
  0.         0.         0.         0.         0.         0.
  0.256      0.256      0.         0.         0.         0.
  0.         0.         0.         0.         0.         0.
  0.         0.         0.         0.         0.256      0.
  0.         0.256      0.17066667 0.8        0.         0.
  0.        ]]"
"[[0.         0.         0.         0.         0.         0.
  0.         0.         0.         0.         0.         0.
  0.         0.         0.44519629 0.         0.34109358 0.
  0.         0.         0.         0.         0.         0.30504223
  0.         0.         0.         0.         0.         0.
  0.         0.         0.         0.         0.16722223 0.19688817
  0.8        0.         0.         0.         0.         0.
  0.         0.         0.         0.         0.35217833 0.44519629
  0.49844408 0.44519629 0.         0.         0.16722223 0.31392908
  0.19688817 0.         0.21882826 0.         0.         0.27036244
  0.         0.         0.         0.         0.         0.
  0.44519629 0.         0.         0.         0.         0.
  0.         0.8        0.         0.         1.         0.30559631
  0.         0.31392908 0.         0.         0.         0.32104223
  0.         0.         0.48069482 0.         0.         0.
  0.         0.         0.         0.8        0.         0.
  0.         0.         0.         0.         0.44519629 0.19688817
  0.27244033 0.         0.         0.         0.         0.
  0.         0.         0.8        0.         0.         0.8
  0.         0.         0.35217833 0.         0.         0.
  0.26934124 0.44519629 0.         0.8        0.         0.
  0.19803805 0.         0.21273726 0.         0.         0.33661028
  0.23367679 0.19803805 0.         0.         0.         0.
  0.         0.34800769 0.30330801 0.         0.         0.44519629
  0.         0.19803805 0.25181577 0.         0.44519629 0.44519629
  0.         0.         0.22385962 0.8        0.30559631 0.
  0.         0.23221395 0.2088635  0.         0.         0.
  0.30030989 0.44519629 0.         0.         0.         0.
  0.         0.15772201 0.         0.         0.35121833 0.44519629
  0.8        0.         0.32270512 0.8        0.         0.25781531
  0.8        0.         0.33221926 0.2599427  0.8        0.
  0.         0.         0.         0.         0.         0.28911228
  0.27976745 0.         0.         0.         0.35217833 0.
  0.         0.         0.         0.19688817 0.         0.
  0.         0.         0.44519629 0.44519629 0.         0.
  0.25335758 0.8        0.44519629 0.         0.3007382  0.
  0.         0.         0.8        0.         0.         0.
  0.53988372 0.         0.         0.         0.         0.30559631
  0.         0.44519629 0.         0.16722223 0.23221395 0.
  0.19688817 0.         0.         0.         0.         0.
  0.         0.         0.         0.         0.         0.30559631
  0.         0.22204062 0.44519629 0.30330801 0.         0.
  0.8        0.         0.         0.         0.         0.
  0.         0.19688817 0.         0.         0.         0.
  0.30559631 0.         0.44519629 0.         0.         0.
  0.         0.         0.30330801 0.44519629 0.         0.
  0.30030989 0.         0.8        0.         0.26506675 0.8
  0.19688817 0.16938025 0.         0.         0.23221395 0.
  0.         0.         0.         0.8        0.         0.
  0.         0.3976032  0.         0.4551134  0.         0.
  0.         0.32104223 0.         0.         0.         0.
  0.         0.         0.44519629 0.19803805 0.         0.44519629
  0.19688817 0.18448348 0.         0.19803805 0.         0.
  0.32270512 0.         0.         0.         0.         0.26945262
  0.23880605 0.         0.         0.8        0.         0.
  0.         0.         0.         0.         0.         0.23221395
  0.         0.         0.         0.         0.         0.38318432
  0.         0.         0.         0.         0.23220332 0.
  0.         0.         0.         0.26890513 0.         0.
  0.         0.         0.         0.27976745 0.         0.
  0.         0.         0.         0.         0.         0.
  0.         0.         0.         0.8        0.         0.
  0.44519629 0.44519629 0.         0.         0.         0.
  0.         0.27067282 0.         0.         0.         0.
  0.         0.         0.         0.         0.         0.44519629
  0.         0.         0.         0.         0.         0.
  0.         0.         0.         0.         0.         0.
  0.31138062 0.         0.         0.         0.         0.
  0.19803805 0.         0.2509652  0.         0.         0.22037888
  0.30330801 0.         0.         0.         0.         0.
  0.         0.         0.         0.44519629 0.53988372 0.
  0.19803805 0.30504223 0.         0.         0.         0.
  0.8        0.         0.         0.         0.         0.
  0.30330801 0.         0.         0.19688817 0.         0.
  0.         0.         0.         0.         0.8        0.49844408
  0.         0.         0.         0.8        0.8        0.
  0.8        0.         0.44519629 0.         0.         0.
  0.         0.         0.         0.         0.         0.
  0.        ]]"
"[[0.         0.         0.         0.         0.         0.
  0.         0.         0.         0.         0.         0.
  0.         0.         0.35958374 0.         0.33926714 0.
  0.         0.         0.         0.         0.         0.29710884
  0.         0.         0.         0.         0.         0.
  0.         0.         0.         0.         0.17208581 0.17063393
  0.30559631 0.         0.         0.         0.         0.
  0.         0.         0.         0.         0.28599258 0.35958374
  0.23811512 0.35958374 0.         0.         0.17208581 0.40797885
  0.17063393 0.         0.19636338 0.         0.         0.24101567
  0.         0.         0.         0.         0.         0.
  0.35958374 0.         0.         0.         0.         0.
  0.         0.30559631 0.         0.         0.30559631 1.
  0.         0.40797885 0.         0.         0.         0.26510884
  0.         0.         0.27860466 0.         0.         0.
  0.         0.         0.         0.30559631 0.         0.
  0.         0.         0.         0.         0.35958374 0.17063393
  0.22370217 0.         0.         0.         0.         0.
  0.         0.         0.30559631 0.         0.         0.30559631
  0.         0.         0.28599258 0.         0.         0.
  0.23995    0.35958374 0.         0.30559631 0.         0.
  0.17635228 0.         0.19455173 0.         0.         0.27555071
  0.20424631 0.17635228 0.         0.         0.         0.
  0.         0.28345615 0.26595026 0.         0.         0.35958374
  0.         0.17635228 0.25186727 0.         0.35958374 0.35958374
  0.         0.         0.19330586 0.30559631 0.8        0.
  0.         0.26239101 0.18258472 0.         0.         0.
  0.38371421 0.35958374 0.         0.         0.         0.
  0.         0.15372301 0.         0.         0.28535258 0.35958374
  0.30559631 0.         0.34298738 0.30559631 0.         0.21398058
  0.30559631 0.         0.45445036 0.20753212 0.30559631 0.
  0.         0.         0.         0.         0.         0.40407763
  0.26395853 0.         0.         0.         0.28599258 0.
  0.         0.         0.         0.17063393 0.         0.
  0.         0.         0.35958374 0.35958374 0.         0.
  0.20504341 0.30559631 0.35958374 0.         0.36689079 0.
  0.         0.         0.30559631 0.         0.         0.
  0.28477742 0.         0.         0.         0.         0.8
  0.         0.35958374 0.         0.17208581 0.26239101 0.
  0.17063393 0.         0.         0.         0.         0.
  0.         0.         0.         0.         0.         0.8
  0.         0.2093391  0.35958374 0.26595026 0.         0.
  0.30559631 0.         0.         0.         0.         0.
  0.         0.17063393 0.         0.         0.         0.
  0.8        0.         0.35958374 0.         0.         0.
  0.         0.         0.26595026 0.35958374 0.         0.
  0.38371421 0.         0.30559631 0.         0.25383871 0.30559631
  0.17063393 0.14038758 0.         0.         0.26239101 0.
  0.         0.         0.         0.30559631 0.         0.
  0.         0.21309942 0.         0.27501933 0.         0.
  0.         0.26510884 0.         0.         0.         0.
  0.         0.         0.35958374 0.17635228 0.         0.35958374
  0.17063393 0.15844308 0.         0.17635228 0.         0.
  0.34298738 0.         0.         0.         0.         0.21384464
  0.20671603 0.         0.         0.30559631 0.         0.
  0.         0.         0.         0.         0.         0.26239101
  0.         0.         0.         0.         0.         0.31052297
  0.         0.         0.         0.         0.20180077 0.
  0.         0.         0.         0.53119551 0.         0.
  0.         0.         0.         0.26395853 0.         0.
  0.         0.         0.         0.         0.         0.
  0.         0.         0.         0.30559631 0.         0.
  0.35958374 0.35958374 0.         0.         0.         0.
  0.         0.24312856 0.         0.         0.         0.
  0.         0.         0.         0.         0.         0.35958374
  0.         0.         0.         0.         0.         0.
  0.         0.         0.         0.         0.         0.
  0.25453898 0.         0.         0.         0.         0.
  0.17635228 0.         0.21787139 0.         0.         0.19318937
  0.26595026 0.         0.         0.         0.         0.
  0.         0.         0.         0.35958374 0.28477742 0.
  0.17635228 0.29710884 0.         0.         0.         0.
  0.30559631 0.         0.         0.         0.         0.
  0.26595026 0.         0.         0.17063393 0.         0.
  0.         0.         0.         0.         0.30559631 0.23811512
  0.         0.         0.         0.30559631 0.30559631 0.
  0.30559631 0.         0.35958374 0.         0.         0.
  0.         0.         0.         0.         0.         0.
  0.        ]]"
"[[0.         0.         0.         0.         0.         0.
  0.         0.         0.         0.         0.         0.
  0.         0.         0.         0.         0.         0.
  0.         0.         0.         0.         0.         0.
  0.         0.128      0.         0.         0.         0.
  0.         0.         0.29866667 0.         0.         0.
  0.         0.         0.         0.         0.         0.
  0.         0.         0.         0.         0.         0.
  0.         0.         0.         0.256      0.         0.
  0.         0.         0.         0.64       0.         0.
  0.         0.         0.         0.2048     0.8        0.
  0.         0.         0.         0.         0.29866667 0.
  0.256      0.         0.         0.256      0.         0.
  1.         0.         0.         0.         0.         0.
  0.64       0.8        0.         0.         0.         0.
  0.         0.         0.         0.         0.         0.8
  0.         0.256      0.         0.         0.         0.
  0.         0.         0.         0.64       0.         0.
  0.         0.         0.         0.         0.         0.
  0.         0.8        0.         0.         0.         0.
  0.         0.         0.         0.         0.         0.
  0.         0.         0.         0.128      0.         0.
  0.         0.         0.         0.         0.         0.
  0.         0.         0.         0.         0.         0.
  0.         0.         0.         0.         0.         0.
  0.         0.         0.         0.         0.         0.
  0.         0.         0.         0.         0.         0.
  0.         0.         0.         0.         0.         0.
  0.         0.         0.         0.         0.         0.
  0.         0.         0.         0.         0.64       0.
  0.         0.         0.         0.         0.         0.
  0.         0.         0.         0.         0.         0.
  0.         0.64       0.         0.         0.         0.
  0.         0.128      0.         0.         0.         0.
  0.         0.2048     0.         0.         0.         0.
  0.         0.         0.         0.8        0.         0.
  0.         0.04266667 0.         0.         0.         0.
  0.         0.         0.         0.         0.         0.
  0.         0.         0.2048     0.         0.         0.04266667
  0.         0.         0.         0.64       0.         0.
  0.         0.         0.         0.         0.         0.
  0.         0.         0.         0.         0.         0.
  0.         0.         0.         0.         0.         0.
  0.         0.         0.         0.         0.         0.
  0.         0.         0.         0.         0.         0.64
  0.         0.         0.         0.         0.2048     0.
  0.         0.         0.         0.8        0.         0.
  0.         0.         0.         0.         0.         0.
  0.         0.         0.64       0.         0.         0.
  0.04266667 0.         0.         0.         0.         0.29866667
  0.         0.         0.         0.64       0.         0.
  0.         0.         0.         0.         0.64       0.
  0.         0.         0.         0.         0.         0.
  0.         0.         0.         0.         0.         0.
  0.         0.         0.         0.         0.29866667 0.
  0.         0.         0.         0.         0.04266667 0.
  0.         0.         0.         0.         0.         0.
  0.         0.         0.         0.256      0.         0.
  0.         0.         0.         0.         0.         0.
  0.         0.         0.         0.         0.         0.
  0.         0.         0.64       0.         0.256      0.
  0.         0.         0.64       0.         0.         0.
  0.         0.         0.         0.         0.         0.
  0.         0.         0.         0.         0.         0.
  0.         0.256      0.         0.2048     0.         0.
  0.         0.         0.         0.         0.         0.64
  0.         0.         0.         0.         0.         0.
  0.         0.         0.         0.2048     0.         0.64
  0.         0.         0.         0.         0.         0.
  0.         0.         0.         0.         0.         0.
  0.         0.         0.         0.         0.         0.
  0.         0.         0.         0.8        0.         0.
  0.         0.         0.         0.64       0.         0.
  0.         0.         0.         0.         0.         0.
  0.64       0.64       0.         0.         0.         0.
  0.         0.         0.         0.         0.         0.
  0.         0.         0.         0.         0.64       0.
  0.         0.64       0.2048     0.256      0.         0.
  0.        ]]"
"[[0.         0.         0.         0.         0.         0.
  0.         0.         0.         0.         0.         0.
  0.         0.         0.35113562 0.         0.40498706 0.
  0.         0.         0.         0.         0.         0.36471278
  0.         0.         0.         0.         0.         0.
  0.         0.         0.         0.         0.16751548 0.27588993
  0.31392908 0.         0.         0.         0.         0.
  0.         0.         0.         0.         0.29819684 0.35113562
  0.29490951 0.35113562 0.         0.         0.16751548 0.39609071
  0.27588993 0.         0.33270174 0.         0.         0.27707978
  0.         0.         0.         0.         0.         0.
  0.35113562 0.         0.         0.         0.         0.
  0.         0.31392908 0.         0.         0.31392908 0.40797885
  0.         1.         0.         0.         0.         0.31351278
  0.         0.         0.31365154 0.         0.         0.
  0.         0.         0.         0.31392908 0.         0.
  0.         0.         0.         0.         0.35113562 0.30788993
  0.26639901 0.         0.         0.         0.         0.
  0.         0.         0.31392908 0.         0.         0.31392908
  0.         0.         0.29819684 0.         0.         0.
  0.27705245 0.35113562 0.         0.31392908 0.         0.
  0.2054654  0.         0.20834953 0.         0.         0.30585481
  0.26422231 0.2054654  0.         0.         0.         0.
  0.         0.29591428 0.26939131 0.         0.         0.35113562
  0.         0.2054654  0.27833932 0.         0.35113562 0.35113562
  0.         0.         0.27752109 0.31392908 0.40797885 0.
  0.         0.26339751 0.24954622 0.         0.         0.
  0.37397518 0.35113562 0.         0.         0.         0.
  0.         0.15851563 0.         0.         0.31436093 0.35113562
  0.31392908 0.         0.35846656 0.31392908 0.         0.24237397
  0.31392908 0.         0.40573501 0.25943617 0.31392908 0.
  0.         0.         0.         0.         0.         0.38172949
  0.24716421 0.         0.         0.         0.29819684 0.
  0.         0.         0.         0.27588993 0.         0.
  0.         0.         0.35113562 0.35113562 0.         0.
  0.25946592 0.31392908 0.35113562 0.         0.35903463 0.
  0.         0.         0.31392908 0.         0.         0.
  0.28054665 0.         0.         0.         0.         0.40797885
  0.         0.35113562 0.         0.16751548 0.26339751 0.
  0.27588993 0.         0.         0.         0.         0.
  0.         0.         0.         0.         0.         0.40797885
  0.         0.2134457  0.35113562 0.26939131 0.         0.
  0.31392908 0.         0.         0.         0.         0.
  0.         0.27588993 0.         0.         0.         0.
  0.40797885 0.         0.35113562 0.         0.         0.
  0.         0.         0.26939131 0.35113562 0.         0.
  0.37397518 0.         0.31392908 0.         0.28584354 0.31392908
  0.27588993 0.21206237 0.         0.         0.26339751 0.
  0.         0.         0.         0.31392908 0.         0.
  0.         0.26969238 0.         0.28173977 0.         0.
  0.         0.31351278 0.         0.         0.         0.
  0.         0.         0.35113562 0.2054654  0.         0.35113562
  0.27588993 0.23575582 0.         0.2054654  0.         0.
  0.35846656 0.         0.         0.         0.         0.26440855
  0.27659845 0.         0.         0.31392908 0.         0.
  0.         0.         0.         0.         0.         0.26339751
  0.         0.         0.         0.         0.         0.3158431
  0.         0.         0.         0.         0.26274641 0.
  0.         0.         0.         0.33568818 0.         0.
  0.         0.         0.         0.24716421 0.         0.
  0.         0.         0.         0.         0.         0.
  0.         0.         0.         0.31392908 0.         0.
  0.35113562 0.35113562 0.         0.         0.         0.
  0.         0.28294708 0.         0.         0.         0.
  0.         0.         0.         0.         0.         0.35113562
  0.         0.         0.         0.         0.         0.
  0.         0.         0.         0.         0.         0.
  0.28392139 0.         0.         0.         0.         0.
  0.2054654  0.         0.29470135 0.         0.         0.26055158
  0.26939131 0.         0.         0.         0.         0.
  0.         0.         0.         0.35113562 0.28054665 0.
  0.2054654  0.38071278 0.         0.         0.         0.
  0.31392908 0.         0.         0.         0.         0.
  0.26939131 0.         0.         0.30788993 0.         0.
  0.         0.         0.         0.         0.31392908 0.29490951
  0.         0.         0.         0.31392908 0.31392908 0.
  0.31392908 0.         0.35113562 0.         0.         0.
  0.         0.         0.         0.         0.         0.
  0.        ]]"
"[[0.         0.         0.         0.         0.         0.
  0.         0.         0.         0.         0.         0.
  0.         0.         0.         0.         0.         0.
  0.8        0.         0.         0.8        0.         0.
  0.         0.         0.         0.         0.18027303 0.
  0.         0.1714402  0.         0.         0.         0.
  0.         0.8        0.         0.         0.8        0.
  0.         0.         0.08535929 0.         0.         0.
  0.         0.         0.         0.         0.         0.
  0.         0.         0.         0.         0.12027214 0.
  0.         0.         0.         0.         0.         0.8
  0.         0.         0.         0.         0.         0.
  0.         0.         0.         0.         0.         0.
  0.         0.         1.         0.8        0.12856171 0.
  0.         0.         0.         0.16985201 0.         0.8
  0.         0.         0.         0.         0.         0.
  0.8        0.         0.         0.8        0.         0.
  0.         0.         0.         0.         0.         0.
  0.8        0.8        0.         0.         0.         0.
  0.         0.         0.         0.         0.         0.
  0.         0.         0.08526979 0.         0.         0.
  0.         0.         0.         0.         0.8        0.
  0.         0.         0.         0.         0.         0.
  0.         0.         0.         0.11346386 0.8        0.
  0.         0.         0.         0.         0.         0.
  0.         0.         0.         0.         0.         0.
  0.         0.         0.         0.         0.         0.8
  0.         0.         0.         0.         0.         0.8
  0.         0.         0.         0.         0.         0.
  0.         0.8        0.         0.         0.         0.
  0.         0.         0.         0.         0.         0.08535929
  0.         0.         0.         0.07191812 0.         0.
  0.         0.         0.         0.         0.         0.
  0.         0.         0.         0.         0.         0.
  0.8        0.         0.         0.         0.8        0.8
  0.         0.         0.         0.         0.         0.
  0.         0.         0.         0.         0.         0.
  0.         0.         0.         0.         0.         0.
  0.         0.         0.         0.         0.         0.
  0.         0.         0.         0.         0.         0.
  0.         0.         0.06428085 0.         0.         0.
  0.8        0.         0.         0.         0.8        0.
  0.         0.         0.12869422 0.         0.11497495 0.
  0.         0.         0.         0.         0.         0.
  0.         0.         0.         0.         0.         0.
  0.         0.         0.         0.         0.         0.
  0.         0.         0.         0.         0.         0.
  0.         0.         0.         0.         0.         0.
  0.         0.         0.         0.         0.8        0.
  0.         0.         0.         0.         0.         0.
  0.         0.         0.8        0.         0.08719264 0.
  0.8        0.         0.         0.         0.         0.
  0.         0.         0.         0.         0.         0.
  0.         0.         0.         0.         0.         0.
  0.         0.         0.         0.         0.         0.
  0.18027303 0.8        0.         0.         0.         0.
  0.         0.8        0.8        0.         0.         0.
  0.         0.         0.         0.         0.         0.
  0.         0.         0.8        0.         0.         0.
  0.         0.8        0.         0.         0.         0.
  0.         0.         0.         0.8        0.         0.
  0.         0.         0.         0.         0.         0.
  0.         0.         0.         0.         0.         0.
  0.08297931 0.         0.         0.         0.         0.
  0.         0.         0.         0.         0.         0.
  0.         0.8        0.         0.         0.         0.
  0.08630174 0.         0.         0.         0.8        0.8
  0.         0.         0.         0.         0.         0.
  0.         0.         0.         0.         0.         0.
  0.         0.         0.8        0.         0.         0.
  0.         0.         0.1714402  0.         0.         0.8
  0.         0.         0.8        0.         0.         0.
  0.         0.         0.09648754 0.         0.8        0.
  0.         0.         0.         0.         0.09648754 0.
  0.         0.         0.         0.         0.         0.
  0.         0.         0.         0.         0.         0.
  0.         0.09958583 0.         0.8        0.         0.
  0.         0.         0.         0.         0.11027147 0.
  0.        ]]"
"[[0.         0.         0.         0.         0.         0.
  0.         0.         0.         0.         0.         0.
  0.         0.         0.         0.         0.         0.
  0.8        0.         0.         0.8        0.         0.
  0.         0.         0.         0.         0.18027303 0.
  0.         0.1714402  0.         0.         0.         0.
  0.         0.8        0.         0.         0.8        0.
  0.         0.         0.08535929 0.         0.         0.
  0.         0.         0.         0.         0.         0.
  0.         0.         0.         0.         0.12027214 0.
  0.         0.         0.         0.         0.         0.8
  0.         0.         0.         0.         0.         0.
  0.         0.         0.         0.         0.         0.
  0.         0.         0.8        1.         0.12856171 0.
  0.         0.         0.         0.16985201 0.         0.8
  0.         0.         0.         0.         0.         0.
  0.8        0.         0.         0.8        0.         0.
  0.         0.         0.         0.         0.         0.
  0.8        0.8        0.         0.         0.         0.
  0.         0.         0.         0.         0.         0.
  0.         0.         0.08526979 0.         0.         0.
  0.         0.         0.         0.         0.8        0.
  0.         0.         0.         0.         0.         0.
  0.         0.         0.         0.11346386 0.8        0.
  0.         0.         0.         0.         0.         0.
  0.         0.         0.         0.         0.         0.
  0.         0.         0.         0.         0.         0.8
  0.         0.         0.         0.         0.         0.8
  0.         0.         0.         0.         0.         0.
  0.         0.8        0.         0.         0.         0.
  0.         0.         0.         0.         0.         0.08535929
  0.         0.         0.         0.07191812 0.         0.
  0.         0.         0.         0.         0.         0.
  0.         0.         0.         0.         0.         0.
  0.8        0.         0.         0.         0.8        0.8
  0.         0.         0.         0.         0.         0.
  0.         0.         0.         0.         0.         0.
  0.         0.         0.         0.         0.         0.
  0.         0.         0.         0.         0.         0.
  0.         0.         0.         0.         0.         0.
  0.         0.         0.06428085 0.         0.         0.
  0.8        0.         0.         0.         0.8        0.
  0.         0.         0.12869422 0.         0.11497495 0.
  0.         0.         0.         0.         0.         0.
  0.         0.         0.         0.         0.         0.
  0.         0.         0.         0.         0.         0.
  0.         0.         0.         0.         0.         0.
  0.         0.         0.         0.         0.         0.
  0.         0.         0.         0.         0.8        0.
  0.         0.         0.         0.         0.         0.
  0.         0.         0.8        0.         0.08719264 0.
  0.8        0.         0.         0.         0.         0.
  0.         0.         0.         0.         0.         0.
  0.         0.         0.         0.         0.         0.
  0.         0.         0.         0.         0.         0.
  0.18027303 0.8        0.         0.         0.         0.
  0.         0.8        0.8        0.         0.         0.
  0.         0.         0.         0.         0.         0.
  0.         0.         0.8        0.         0.         0.
  0.         0.8        0.         0.         0.         0.
  0.         0.         0.         0.8        0.         0.
  0.         0.         0.         0.         0.         0.
  0.         0.         0.         0.         0.         0.
  0.08297931 0.         0.         0.         0.         0.
  0.         0.         0.         0.         0.         0.
  0.         0.8        0.         0.         0.         0.
  0.08630174 0.         0.         0.         0.8        0.8
  0.         0.         0.         0.         0.         0.
  0.         0.         0.         0.         0.         0.
  0.         0.         0.8        0.         0.         0.
  0.         0.         0.1714402  0.         0.         0.8
  0.         0.         0.8        0.         0.         0.
  0.         0.         0.09648754 0.         0.8        0.
  0.         0.         0.         0.         0.09648754 0.
  0.         0.         0.         0.         0.         0.
  0.         0.         0.         0.         0.         0.
  0.         0.09958583 0.         0.8        0.         0.
  0.         0.         0.         0.         0.11027147 0.
  0.        ]]"
"[[0.         0.         0.         0.         0.         0.
  0.         0.         0.         0.         0.         0.
  0.         0.         0.         0.         0.         0.
  0.12856171 0.         0.         0.12856171 0.         0.
  0.         0.         0.         0.         0.13142448 0.
  0.         0.12318494 0.         0.         0.         0.
  0.         0.12856171 0.         0.         0.12856171 0.
  0.         0.         0.2035507  0.         0.         0.
  0.         0.         0.         0.         0.         0.
  0.         0.         0.         0.         0.24770872 0.
  0.         0.         0.         0.         0.         0.12856171
  0.         0.         0.         0.         0.         0.
  0.         0.         0.         0.         0.         0.
  0.         0.         0.12856171 0.12856171 1.         0.
  0.         0.         0.         0.15007181 0.         0.12856171
  0.         0.         0.         0.         0.         0.
  0.12856171 0.         0.         0.12856171 0.         0.
  0.         0.         0.         0.         0.         0.
  0.12856171 0.12856171 0.         0.         0.         0.
  0.         0.         0.         0.         0.         0.
  0.         0.         0.1437083  0.         0.         0.
  0.         0.         0.         0.         0.12856171 0.
  0.         0.         0.         0.         0.         0.
  0.         0.         0.         0.14582947 0.12856171 0.
  0.         0.         0.         0.         0.         0.
  0.         0.         0.         0.         0.         0.
  0.         0.         0.         0.         0.         0.12856171
  0.         0.         0.         0.         0.         0.12856171
  0.         0.         0.         0.         0.         0.
  0.         0.12856171 0.         0.         0.         0.
  0.         0.         0.         0.         0.         0.2035507
  0.         0.         0.         0.20807863 0.         0.
  0.         0.         0.         0.         0.         0.
  0.         0.         0.         0.         0.         0.
  0.12856171 0.         0.         0.         0.12856171 0.12856171
  0.         0.         0.         0.         0.         0.
  0.         0.         0.         0.         0.         0.
  0.         0.         0.         0.         0.         0.
  0.         0.         0.         0.         0.         0.
  0.         0.         0.         0.         0.         0.
  0.         0.         0.24684162 0.         0.         0.
  0.12856171 0.         0.         0.         0.12856171 0.
  0.         0.         0.13464844 0.         0.12950731 0.
  0.         0.         0.         0.         0.         0.
  0.         0.         0.         0.         0.         0.
  0.         0.         0.         0.         0.         0.
  0.         0.         0.         0.         0.         0.
  0.         0.         0.         0.         0.         0.
  0.         0.         0.         0.         0.12856171 0.
  0.         0.         0.         0.         0.         0.
  0.         0.         0.12856171 0.         0.05055267 0.
  0.12856171 0.         0.         0.         0.         0.
  0.         0.         0.         0.         0.         0.
  0.         0.         0.         0.         0.         0.
  0.         0.         0.         0.         0.         0.
  0.13142448 0.12856171 0.         0.         0.         0.
  0.         0.12856171 0.12856171 0.         0.         0.
  0.         0.         0.         0.         0.         0.
  0.         0.         0.12856171 0.         0.         0.
  0.         0.12856171 0.         0.         0.         0.
  0.         0.         0.         0.12856171 0.         0.
  0.         0.         0.         0.         0.         0.
  0.         0.         0.         0.         0.         0.
  0.20223433 0.         0.         0.         0.         0.
  0.         0.         0.         0.         0.         0.
  0.         0.12856171 0.         0.         0.         0.
  0.24969436 0.         0.         0.         0.12856171 0.12856171
  0.         0.         0.         0.         0.         0.
  0.         0.         0.         0.         0.         0.
  0.         0.         0.12856171 0.         0.         0.
  0.         0.         0.12318494 0.         0.         0.12856171
  0.         0.         0.12856171 0.         0.         0.
  0.         0.         0.19074503 0.         0.12856171 0.
  0.         0.         0.         0.         0.19074503 0.
  0.         0.         0.         0.16       0.         0.
  0.         0.         0.         0.         0.         0.
  0.         0.23747581 0.         0.12856171 0.         0.
  0.         0.         0.         0.         0.21799432 0.
  0.        ]]"
"[[0.         0.         0.         0.         0.         0.
  0.         0.         0.         0.         0.         0.
  0.         0.         0.39644119 0.         0.35377452 0.
  0.         0.         0.         0.         0.         0.40444119
  0.         0.         0.         0.         0.         0.
  0.         0.         0.         0.         0.16799476 0.39644119
  0.32104223 0.         0.         0.         0.         0.
  0.         0.         0.         0.         0.33481149 0.39644119
  0.35874171 0.39644119 0.         0.         0.16799476 0.31351278
  0.47644119 0.         0.31878633 0.         0.         0.31250411
  0.         0.         0.         0.         0.         0.
  0.47644119 0.         0.         0.         0.         0.
  0.         0.32104223 0.         0.         0.32104223 0.26510884
  0.         0.31351278 0.         0.         0.         1.
  0.         0.         0.39797487 0.         0.         0.
  0.         0.         0.         0.32104223 0.         0.
  0.         0.         0.         0.         0.39644119 0.39644119
  0.31534651 0.         0.         0.         0.         0.
  0.         0.         0.32104223 0.         0.         0.32104223
  0.         0.         0.33481149 0.         0.         0.
  0.31350593 0.39644119 0.         0.32104223 0.         0.
  0.22040051 0.         0.21074849 0.         0.         0.40562634
  0.32803705 0.22040051 0.         0.         0.         0.
  0.         0.34017797 0.26291713 0.         0.         0.47644119
  0.         0.22040051 0.29787847 0.         0.39644119 0.39644119
  0.         0.         0.38182663 0.32104223 0.26510884 0.
  0.         0.23246047 0.32045347 0.         0.         0.
  0.30000406 0.39644119 0.         0.         0.         0.
  0.         0.16099482 0.         0.         0.41634171 0.39644119
  0.32104223 0.         0.28245083 0.32104223 0.         0.26822189
  0.32104223 0.         0.3316081  0.31199504 0.32104223 0.
  0.         0.         0.         0.         0.         0.30878067
  0.23569531 0.         0.         0.         0.33481149 0.
  0.         0.         0.         0.47644119 0.         0.
  0.         0.         0.39644119 0.39644119 0.         0.
  0.31544908 0.32104223 0.39644119 0.         0.29470593 0.
  0.         0.         0.32104223 0.         0.         0.
  0.27836877 0.         0.         0.         0.         0.26510884
  0.         0.39644119 0.         0.16799476 0.23246047 0.
  0.39644119 0.         0.         0.         0.         0.
  0.         0.         0.         0.         0.         0.26510884
  0.         0.21135318 0.39644119 0.26291713 0.         0.
  0.32104223 0.         0.         0.         0.         0.
  0.         0.47644119 0.         0.         0.         0.
  0.26510884 0.         0.39644119 0.         0.         0.
  0.         0.         0.26291713 0.39644119 0.         0.
  0.30000406 0.         0.32104223 0.         0.31995662 0.32104223
  0.47644119 0.27813929 0.         0.         0.23246047 0.
  0.         0.         0.         0.32104223 0.         0.
  0.         0.32728205 0.         0.29088699 0.         0.
  0.         0.47644119 0.         0.         0.         0.
  0.         0.         0.39644119 0.22040051 0.         0.39644119
  0.47644119 0.31521522 0.         0.22040051 0.         0.
  0.28245083 0.         0.         0.         0.         0.31545694
  0.35135276 0.         0.         0.32104223 0.         0.
  0.         0.         0.         0.         0.         0.23246047
  0.         0.         0.         0.         0.         0.38202139
  0.         0.         0.         0.         0.326442   0.
  0.         0.         0.         0.24878466 0.         0.
  0.         0.         0.         0.23569531 0.         0.
  0.         0.         0.         0.         0.         0.
  0.         0.         0.         0.32104223 0.         0.
  0.39644119 0.39644119 0.         0.         0.         0.
  0.         0.32085247 0.         0.         0.         0.
  0.         0.         0.         0.         0.         0.39644119
  0.         0.         0.         0.         0.         0.
  0.         0.         0.         0.         0.         0.
  0.35357034 0.         0.         0.         0.         0.
  0.22040051 0.         0.40044119 0.         0.         0.33411011
  0.26291713 0.         0.         0.         0.         0.
  0.         0.         0.         0.39644119 0.27836877 0.
  0.22040051 0.36444119 0.         0.         0.         0.
  0.32104223 0.         0.         0.         0.         0.
  0.26291713 0.         0.         0.39644119 0.         0.
  0.         0.         0.         0.         0.32104223 0.35874171
  0.         0.         0.         0.32104223 0.32104223 0.
  0.32104223 0.         0.39644119 0.         0.         0.
  0.         0.         0.         0.         0.         0.
  0.        ]]"
"[[0.         0.         0.         0.         0.         0.
  0.         0.         0.         0.         0.         0.
  0.         0.         0.         0.         0.         0.
  0.         0.         0.         0.         0.         0.
  0.         0.128      0.         0.         0.         0.
  0.         0.         0.29866667 0.         0.         0.
  0.         0.         0.         0.         0.         0.
  0.         0.         0.         0.         0.         0.
  0.         0.         0.         0.256      0.         0.
  0.         0.         0.         0.8        0.         0.
  0.         0.         0.         0.2048     0.64       0.
  0.         0.         0.         0.         0.29866667 0.
  0.256      0.         0.         0.256      0.         0.
  0.64       0.         0.         0.         0.         0.
  1.         0.64       0.         0.         0.         0.
  0.         0.         0.         0.         0.         0.64
  0.         0.256      0.         0.         0.         0.
  0.         0.         0.         0.8        0.         0.
  0.         0.         0.         0.         0.         0.
  0.         0.64       0.         0.         0.         0.
  0.         0.         0.         0.         0.         0.
  0.         0.         0.         0.128      0.         0.
  0.         0.         0.         0.         0.         0.
  0.         0.         0.         0.         0.         0.
  0.         0.         0.         0.         0.         0.
  0.         0.         0.         0.         0.         0.
  0.         0.         0.         0.         0.         0.
  0.         0.         0.         0.         0.         0.
  0.         0.         0.         0.         0.         0.
  0.         0.         0.         0.         0.8        0.
  0.         0.         0.         0.         0.         0.
  0.         0.         0.         0.         0.         0.
  0.         0.8        0.         0.         0.         0.
  0.         0.128      0.         0.         0.         0.
  0.         0.2048     0.         0.         0.         0.
  0.         0.         0.         0.64       0.         0.
  0.         0.04266667 0.         0.         0.         0.
  0.         0.         0.         0.         0.         0.
  0.         0.         0.2048     0.         0.         0.04266667
  0.         0.         0.         0.8        0.         0.
  0.         0.         0.         0.         0.         0.
  0.         0.         0.         0.         0.         0.
  0.         0.         0.         0.         0.         0.
  0.         0.         0.         0.         0.         0.
  0.         0.         0.         0.         0.         0.8
  0.         0.         0.         0.         0.2048     0.
  0.         0.         0.         0.64       0.         0.
  0.         0.         0.         0.         0.         0.
  0.         0.         0.8        0.         0.         0.
  0.04266667 0.         0.         0.         0.         0.29866667
  0.         0.         0.         0.8        0.         0.
  0.         0.         0.         0.         0.8        0.
  0.         0.         0.         0.         0.         0.
  0.         0.         0.         0.         0.         0.
  0.         0.         0.         0.         0.29866667 0.
  0.         0.         0.         0.         0.04266667 0.
  0.         0.         0.         0.         0.         0.
  0.         0.         0.         0.256      0.         0.
  0.         0.         0.         0.         0.         0.
  0.         0.         0.         0.         0.         0.
  0.         0.         0.8        0.         0.256      0.
  0.         0.         0.8        0.         0.         0.
  0.         0.         0.         0.         0.         0.
  0.         0.         0.         0.         0.         0.
  0.         0.256      0.         0.2048     0.         0.
  0.         0.         0.         0.         0.         0.8
  0.         0.         0.         0.         0.         0.
  0.         0.         0.         0.2048     0.         0.8
  0.         0.         0.         0.         0.         0.
  0.         0.         0.         0.         0.         0.
  0.         0.         0.         0.         0.         0.
  0.         0.         0.         0.64       0.         0.
  0.         0.         0.         0.8        0.         0.
  0.         0.         0.         0.         0.         0.
  0.8        0.8        0.         0.         0.         0.
  0.         0.         0.         0.         0.         0.
  0.         0.         0.         0.         0.8        0.
  0.         0.8        0.2048     0.256      0.         0.
  0.        ]]"
"[[0.         0.         0.         0.         0.         0.
  0.         0.         0.         0.         0.         0.
  0.         0.         0.         0.         0.         0.
  0.         0.         0.         0.         0.         0.
  0.         0.128      0.         0.         0.         0.
  0.         0.         0.29866667 0.         0.         0.
  0.         0.         0.         0.         0.         0.
  0.         0.         0.         0.         0.         0.
  0.         0.         0.         0.256      0.         0.
  0.         0.         0.         0.64       0.         0.
  0.         0.         0.         0.2048     0.8        0.
  0.         0.         0.         0.         0.29866667 0.
  0.256      0.         0.         0.256      0.         0.
  0.8        0.         0.         0.         0.         0.
  0.64       1.         0.         0.         0.         0.
  0.         0.         0.         0.         0.         0.8
  0.         0.256      0.         0.         0.         0.
  0.         0.         0.         0.64       0.         0.
  0.         0.         0.         0.         0.         0.
  0.         0.8        0.         0.         0.         0.
  0.         0.         0.         0.         0.         0.
  0.         0.         0.         0.128      0.         0.
  0.         0.         0.         0.         0.         0.
  0.         0.         0.         0.         0.         0.
  0.         0.         0.         0.         0.         0.
  0.         0.         0.         0.         0.         0.
  0.         0.         0.         0.         0.         0.
  0.         0.         0.         0.         0.         0.
  0.         0.         0.         0.         0.         0.
  0.         0.         0.         0.         0.64       0.
  0.         0.         0.         0.         0.         0.
  0.         0.         0.         0.         0.         0.
  0.         0.64       0.         0.         0.         0.
  0.         0.128      0.         0.         0.         0.
  0.         0.2048     0.         0.         0.         0.
  0.         0.         0.         0.8        0.         0.
  0.         0.04266667 0.         0.         0.         0.
  0.         0.         0.         0.         0.         0.
  0.         0.         0.2048     0.         0.         0.04266667
  0.         0.         0.         0.64       0.         0.
  0.         0.         0.         0.         0.         0.
  0.         0.         0.         0.         0.         0.
  0.         0.         0.         0.         0.         0.
  0.         0.         0.         0.         0.         0.
  0.         0.         0.         0.         0.         0.64
  0.         0.         0.         0.         0.2048     0.
  0.         0.         0.         0.8        0.         0.
  0.         0.         0.         0.         0.         0.
  0.         0.         0.64       0.         0.         0.
  0.04266667 0.         0.         0.         0.         0.29866667
  0.         0.         0.         0.64       0.         0.
  0.         0.         0.         0.         0.64       0.
  0.         0.         0.         0.         0.         0.
  0.         0.         0.         0.         0.         0.
  0.         0.         0.         0.         0.29866667 0.
  0.         0.         0.         0.         0.04266667 0.
  0.         0.         0.         0.         0.         0.
  0.         0.         0.         0.256      0.         0.
  0.         0.         0.         0.         0.         0.
  0.         0.         0.         0.         0.         0.
  0.         0.         0.64       0.         0.256      0.
  0.         0.         0.64       0.         0.         0.
  0.         0.         0.         0.         0.         0.
  0.         0.         0.         0.         0.         0.
  0.         0.256      0.         0.2048     0.         0.
  0.         0.         0.         0.         0.         0.64
  0.         0.         0.         0.         0.         0.
  0.         0.         0.         0.2048     0.         0.64
  0.         0.         0.         0.         0.         0.
  0.         0.         0.         0.         0.         0.
  0.         0.         0.         0.         0.         0.
  0.         0.         0.         0.8        0.         0.
  0.         0.         0.         0.64       0.         0.
  0.         0.         0.         0.         0.         0.
  0.64       0.64       0.         0.         0.         0.
  0.         0.         0.         0.         0.         0.
  0.         0.         0.         0.         0.64       0.
  0.         0.64       0.2048     0.256      0.         0.
  0.        ]]"
"[[0.         0.         0.         0.         0.         0.
  0.         0.         0.         0.         0.         0.
  0.         0.         0.46602622 0.         0.34954754 0.
  0.         0.         0.         0.         0.         0.3713082
  0.         0.         0.         0.         0.         0.
  0.         0.         0.         0.         0.16773725 0.32992352
  0.48069482 0.         0.         0.         0.         0.
  0.         0.         0.         0.         0.34060044 0.46602622
  0.40530917 0.46602622 0.         0.         0.16773725 0.31365154
  0.38325685 0.         0.28546697 0.         0.         0.29845689
  0.         0.         0.         0.         0.         0.
  0.41269289 0.         0.         0.         0.         0.
  0.         0.48069482 0.         0.         0.48069482 0.27860466
  0.         0.31365154 0.         0.         0.         0.39797487
  0.         0.         1.         0.         0.         0.
  0.         0.         0.         0.48069482 0.         0.
  0.         0.         0.         0.         0.46602622 0.32992352
  0.30301976 0.         0.         0.         0.         0.
  0.         0.         0.48069482 0.         0.         0.48069482
  0.         0.         0.34060044 0.         0.         0.
  0.29878437 0.46602622 0.         0.48069482 0.         0.
  0.21294636 0.         0.21141141 0.         0.         0.36928765
  0.29658363 0.21294636 0.         0.         0.         0.
  0.         0.33389899 0.27638076 0.         0.         0.41269289
  0.         0.21294636 0.28252424 0.         0.46602622 0.46602622
  0.         0.         0.32917096 0.48069482 0.27860466 0.
  0.         0.2323783  0.28325681 0.         0.         0.
  0.300106   0.46602622 0.         0.         0.         0.
  0.         0.15990389 0.         0.         0.38130058 0.46602622
  0.48069482 0.         0.29586893 0.48069482 0.         0.26475303
  0.48069482 0.         0.33181182 0.29464426 0.48069482 0.
  0.         0.         0.         0.         0.         0.30222454
  0.25038602 0.         0.         0.         0.34060044 0.
  0.         0.         0.         0.38325685 0.         0.
  0.         0.         0.46602622 0.41269289 0.         0.
  0.29475191 0.48069482 0.46602622 0.         0.29671668 0.
  0.         0.         0.48069482 0.         0.         0.
  0.36554042 0.         0.         0.         0.         0.27860466
  0.         0.46602622 0.         0.16773725 0.2323783  0.
  0.32992352 0.         0.         0.         0.         0.
  0.         0.         0.         0.         0.         0.27860466
  0.         0.21491566 0.46602622 0.27638076 0.         0.
  0.48069482 0.         0.         0.         0.         0.
  0.         0.38325685 0.         0.         0.         0.
  0.27860466 0.         0.41269289 0.         0.         0.
  0.         0.         0.27638076 0.46602622 0.         0.
  0.300106   0.         0.48069482 0.         0.29952666 0.48069482
  0.38325685 0.24188628 0.         0.         0.2323783  0.
  0.         0.         0.         0.48069482 0.         0.
  0.         0.35072243 0.         0.34562913 0.         0.
  0.         0.39797487 0.         0.         0.         0.
  0.         0.         0.46602622 0.21294636 0.         0.46602622
  0.38325685 0.27163797 0.         0.21294636 0.         0.
  0.29586893 0.         0.         0.         0.         0.30012217
  0.31383719 0.         0.         0.48069482 0.         0.
  0.         0.         0.         0.         0.         0.2323783
  0.         0.         0.         0.         0.         0.36463126
  0.         0.         0.         0.         0.2950291  0.
  0.         0.         0.         0.25549148 0.         0.
  0.         0.         0.         0.25038602 0.         0.
  0.         0.         0.         0.         0.         0.
  0.         0.         0.         0.48069482 0.         0.
  0.46602622 0.46602622 0.         0.         0.         0.
  0.         0.29745926 0.         0.         0.         0.
  0.         0.         0.         0.         0.         0.46602622
  0.         0.         0.         0.         0.         0.
  0.         0.         0.         0.         0.         0.
  0.33188805 0.         0.         0.         0.         0.
  0.21294636 0.         0.35061586 0.         0.         0.2961997
  0.27638076 0.         0.         0.         0.         0.
  0.         0.         0.         0.41269289 0.36554042 0.
  0.21294636 0.34464154 0.         0.         0.         0.
  0.48069482 0.         0.         0.         0.         0.
  0.27638076 0.         0.         0.32992352 0.         0.
  0.         0.         0.         0.         0.48069482 0.40530917
  0.         0.         0.         0.48069482 0.48069482 0.
  0.48069482 0.         0.46602622 0.         0.         0.
  0.         0.         0.         0.         0.         0.
  0.        ]]"
"[[0.         0.         0.         0.         0.         0.
  0.         0.         0.         0.         0.         0.
  0.         0.         0.         0.         0.         0.
  0.16985201 0.         0.         0.16985201 0.         0.
  0.         0.         0.         0.         0.23975004 0.
  0.         0.18164833 0.         0.         0.         0.
  0.         0.16985201 0.         0.         0.16985201 0.
  0.         0.         0.17743377 0.         0.         0.
  0.         0.         0.         0.         0.         0.
  0.         0.         0.         0.         0.24074729 0.
  0.         0.         0.         0.         0.         0.16985201
  0.         0.         0.         0.         0.         0.
  0.         0.         0.         0.         0.         0.
  0.         0.         0.16985201 0.16985201 0.15007181 0.
  0.         0.         0.         1.         0.         0.16985201
  0.         0.         0.         0.         0.         0.
  0.16985201 0.         0.         0.16985201 0.         0.
  0.         0.         0.         0.         0.         0.
  0.16985201 0.16985201 0.         0.         0.         0.
  0.         0.         0.         0.         0.         0.
  0.         0.         0.0709464  0.         0.         0.
  0.         0.         0.         0.         0.16985201 0.
  0.         0.         0.         0.         0.         0.
  0.         0.         0.         0.31396427 0.16985201 0.
  0.         0.         0.         0.         0.         0.
  0.         0.         0.         0.         0.         0.
  0.         0.         0.         0.         0.         0.16985201
  0.         0.         0.         0.         0.         0.16985201
  0.         0.         0.         0.         0.         0.
  0.         0.16985201 0.         0.         0.         0.
  0.         0.         0.         0.         0.         0.17743377
  0.         0.         0.         0.06728941 0.         0.
  0.         0.         0.         0.         0.         0.
  0.         0.         0.         0.         0.         0.
  0.16985201 0.         0.         0.         0.16985201 0.16985201
  0.         0.         0.         0.         0.         0.
  0.         0.         0.         0.         0.         0.
  0.         0.         0.         0.         0.         0.
  0.         0.         0.         0.         0.         0.
  0.         0.         0.         0.         0.         0.
  0.         0.         0.07503591 0.         0.         0.
  0.16985201 0.         0.         0.         0.16985201 0.
  0.         0.         0.26137141 0.         0.08182855 0.
  0.         0.         0.         0.         0.         0.
  0.         0.         0.         0.         0.         0.
  0.         0.         0.         0.         0.         0.
  0.         0.         0.         0.         0.         0.
  0.         0.         0.         0.         0.         0.
  0.         0.         0.         0.         0.16985201 0.
  0.         0.         0.         0.         0.         0.
  0.         0.         0.16985201 0.         0.05179642 0.
  0.16985201 0.         0.         0.         0.         0.
  0.         0.         0.         0.         0.         0.
  0.         0.         0.         0.         0.         0.
  0.         0.         0.         0.         0.         0.
  0.23975004 0.16985201 0.         0.         0.         0.
  0.         0.16985201 0.16985201 0.         0.         0.
  0.         0.         0.         0.         0.         0.
  0.         0.         0.16985201 0.         0.         0.
  0.         0.16985201 0.         0.         0.         0.
  0.         0.         0.         0.16985201 0.         0.
  0.         0.         0.         0.         0.         0.
  0.         0.         0.         0.         0.         0.
  0.21499523 0.         0.         0.         0.         0.
  0.         0.         0.         0.         0.         0.
  0.         0.16985201 0.         0.         0.         0.
  0.08074729 0.         0.         0.         0.16985201 0.16985201
  0.         0.         0.         0.         0.         0.
  0.         0.         0.         0.         0.         0.
  0.         0.         0.16985201 0.         0.         0.
  0.         0.         0.18164833 0.         0.         0.16985201
  0.         0.         0.16985201 0.         0.         0.
  0.         0.         0.16820366 0.         0.16985201 0.
  0.         0.         0.         0.         0.16820366 0.
  0.         0.         0.         0.         0.         0.
  0.         0.         0.         0.         0.         0.
  0.         0.20700607 0.         0.16985201 0.         0.
  0.         0.         0.         0.         0.19223275 0.
  0.        ]]"
"[[0.         0.         0.         0.         0.         0.
  0.         0.         0.         0.         0.         0.
  0.         0.         0.         0.         0.         0.
  0.         0.         0.         0.         0.         0.
  0.         0.         0.         0.         0.         0.
  0.         0.         0.         0.         0.         0.
  0.         0.         0.         0.         0.         0.
  0.         0.         0.         0.59238025 0.         0.
  0.         0.         0.         0.         0.         0.
  0.         0.         0.         0.         0.         0.
  0.         0.         0.         0.         0.         0.
  0.         0.         0.         0.         0.         0.
  0.         0.         0.         0.         0.         0.
  0.         0.         0.         0.         0.         0.
  0.         0.         0.         0.         1.         0.
  0.         0.         0.         0.         0.         0.
  0.         0.         0.         0.         0.         0.
  0.         0.         0.         0.         0.         0.
  0.         0.         0.         0.         0.         0.
  0.         0.         0.         0.         0.         0.
  0.         0.         0.         0.         0.28099632 0.
  0.         0.         0.         0.         0.         0.
  0.         0.         0.         0.         0.         0.
  0.         0.         0.         0.         0.         0.
  0.         0.         0.         0.         0.         0.
  0.         0.         0.         0.         0.         0.
  0.         0.         0.         0.         0.         0.
  0.         0.         0.         0.         0.         0.
  0.         0.         0.         0.         0.         0.
  0.         0.         0.         0.         0.         0.
  0.         0.         0.         0.         0.         0.
  0.         0.45399755 0.         0.         0.17723216 0.
  0.         0.         0.         0.         0.         0.
  0.         0.         0.38482144 0.         0.         0.
  0.         0.         0.         0.         0.         0.
  0.         0.         0.         0.         0.         0.
  0.         0.         0.         0.         0.         0.
  0.         0.         0.         0.         0.         0.
  0.         0.         0.         0.         0.         0.
  0.         0.         0.         0.         0.         0.
  0.         0.         0.         0.         0.         0.
  0.         0.         0.         0.         0.         0.
  0.         0.         0.         0.         0.         0.
  0.         0.         0.         0.         0.         0.
  0.         0.17723216 0.         0.         0.         0.
  0.         0.         0.         0.         0.         0.
  0.         0.         0.         0.         0.         0.
  0.         0.         0.         0.         0.         0.
  0.         0.         0.         0.         0.         0.
  0.         0.         0.         0.         0.         0.
  0.         0.         0.         0.         0.         0.
  0.         0.         0.         0.         0.         0.
  0.         0.         0.         0.         0.         0.
  0.         0.         0.         0.         0.         0.
  0.         0.         0.         0.         0.         0.
  0.         0.         0.         0.         0.         0.
  0.         0.         0.         0.         0.         0.
  0.         0.         0.         0.         0.         0.8
  0.         0.         0.         0.         0.         0.
  0.         0.         0.         0.         0.         0.
  0.         0.         0.         0.         0.         0.
  0.         0.         0.         0.         0.3848062  0.
  0.         0.         0.         0.         0.         0.
  0.         0.         0.         0.         0.         0.
  0.         0.         0.         0.         0.         0.
  0.         0.         0.         0.         0.         0.
  0.         0.59238025 0.         0.         0.         0.
  0.         0.         0.         0.         0.         0.
  0.         0.         0.         0.         0.         0.
  0.         0.         0.         0.         0.         0.
  0.         0.         0.         0.         0.         0.
  0.         0.         0.         0.         0.         0.
  0.         0.         0.         0.         0.         0.
  0.         0.         0.         0.         0.         0.38476049
  0.         0.         0.         0.         0.         0.
  0.         0.         0.         0.         0.         0.
  0.         0.         0.         0.         0.         0.
  0.         0.         0.         0.         0.         0.
  0.        ]]"
"[[0.         0.         0.         0.         0.         0.
  0.         0.         0.         0.         0.         0.
  0.         0.         0.         0.         0.         0.
  0.8        0.         0.         0.8        0.         0.
  0.         0.         0.         0.         0.18027303 0.
  0.         0.1714402  0.         0.         0.         0.
  0.         0.8        0.         0.         0.8        0.
  0.         0.         0.08535929 0.         0.         0.
  0.         0.         0.         0.         0.         0.
  0.         0.         0.         0.         0.12027214 0.
  0.         0.         0.         0.         0.         0.8
  0.         0.         0.         0.         0.         0.
  0.         0.         0.         0.         0.         0.
  0.         0.         0.8        0.8        0.12856171 0.
  0.         0.         0.         0.16985201 0.         1.
  0.         0.         0.         0.         0.         0.
  0.8        0.         0.         0.8        0.         0.
  0.         0.         0.         0.         0.         0.
  0.8        0.8        0.         0.         0.         0.
  0.         0.         0.         0.         0.         0.
  0.         0.         0.08526979 0.         0.         0.
  0.         0.         0.         0.         0.8        0.
  0.         0.         0.         0.         0.         0.
  0.         0.         0.         0.11346386 0.8        0.
  0.         0.         0.         0.         0.         0.
  0.         0.         0.         0.         0.         0.
  0.         0.         0.         0.         0.         0.8
  0.         0.         0.         0.         0.         0.8
  0.         0.         0.         0.         0.         0.
  0.         0.8        0.         0.         0.         0.
  0.         0.         0.         0.         0.         0.08535929
  0.         0.         0.         0.07191812 0.         0.
  0.         0.         0.         0.         0.         0.
  0.         0.         0.         0.         0.         0.
  0.8        0.         0.         0.         0.8        0.8
  0.         0.         0.         0.         0.         0.
  0.         0.         0.         0.         0.         0.
  0.         0.         0.         0.         0.         0.
  0.         0.         0.         0.         0.         0.
  0.         0.         0.         0.         0.         0.
  0.         0.         0.06428085 0.         0.         0.
  0.8        0.         0.         0.         0.8        0.
  0.         0.         0.12869422 0.         0.11497495 0.
  0.         0.         0.         0.         0.         0.
  0.         0.         0.         0.         0.         0.
  0.         0.         0.         0.         0.         0.
  0.         0.         0.         0.         0.         0.
  0.         0.         0.         0.         0.         0.
  0.         0.         0.         0.         0.8        0.
  0.         0.         0.         0.         0.         0.
  0.         0.         0.8        0.         0.08719264 0.
  0.8        0.         0.         0.         0.         0.
  0.         0.         0.         0.         0.         0.
  0.         0.         0.         0.         0.         0.
  0.         0.         0.         0.         0.         0.
  0.18027303 0.8        0.         0.         0.         0.
  0.         0.8        0.8        0.         0.         0.
  0.         0.         0.         0.         0.         0.
  0.         0.         0.8        0.         0.         0.
  0.         0.8        0.         0.         0.         0.
  0.         0.         0.         0.8        0.         0.
  0.         0.         0.         0.         0.         0.
  0.         0.         0.         0.         0.         0.
  0.08297931 0.         0.         0.         0.         0.
  0.         0.         0.         0.         0.         0.
  0.         0.8        0.         0.         0.         0.
  0.08630174 0.         0.         0.         0.8        0.8
  0.         0.         0.         0.         0.         0.
  0.         0.         0.         0.         0.         0.
  0.         0.         0.8        0.         0.         0.
  0.         0.         0.1714402  0.         0.         0.8
  0.         0.         0.8        0.         0.         0.
  0.         0.         0.09648754 0.         0.8        0.
  0.         0.         0.         0.         0.09648754 0.
  0.         0.         0.         0.         0.         0.
  0.         0.         0.         0.         0.         0.
  0.         0.09958583 0.         0.8        0.         0.
  0.         0.         0.         0.         0.11027147 0.
  0.        ]]"
"[[0.         0.         0.         0.         0.         0.
  0.         0.         0.         0.         0.         0.
  0.         0.         0.         0.         0.         0.
  0.         0.31207693 0.31082146 0.         0.31326315 0.
  0.         0.         0.         0.         0.         0.
  0.         0.         0.         0.27901722 0.         0.
  0.         0.         0.         0.         0.         0.20901703
  0.14219937 0.         0.         0.         0.         0.
  0.         0.         0.         0.         0.         0.
  0.         0.         0.         0.         0.         0.
  0.         0.         0.         0.         0.         0.
  0.         0.         0.35979975 0.         0.         0.
  0.         0.         0.         0.         0.         0.
  0.         0.         0.         0.         0.         0.
  0.         0.         0.         0.         0.         0.
  1.         0.         0.14235448 0.         0.21065485 0.
  0.         0.         0.         0.         0.         0.
  0.         0.         0.         0.         0.         0.35854428
  0.         0.         0.         0.         0.         0.
  0.         0.         0.         0.         0.         0.
  0.         0.         0.         0.         0.         0.
  0.         0.         0.         0.         0.         0.
  0.         0.         0.         0.37931956 0.         0.
  0.         0.         0.         0.         0.         0.
  0.         0.         0.         0.         0.         0.
  0.14354491 0.         0.         0.         0.         0.
  0.         0.         0.         0.         0.         0.
  0.         0.         0.         0.35974245 0.         0.
  0.         0.         0.         0.         0.         0.
  0.         0.         0.         0.         0.         0.
  0.         0.         0.         0.         0.         0.
  0.         0.         0.         0.         0.         0.
  0.         0.         0.         0.         0.         0.
  0.         0.         0.         0.         0.14064661 0.
  0.         0.         0.         0.         0.         0.
  0.         0.         0.         0.         0.         0.
  0.         0.         0.         0.         0.         0.
  0.         0.         0.         0.         0.         0.
  0.         0.         0.         0.         0.         0.
  0.         0.         0.         0.         0.         0.
  0.         0.         0.         0.         0.         0.
  0.         0.         0.         0.         0.         0.
  0.         0.         0.         0.         0.         0.
  0.         0.         0.         0.         0.         0.
  0.         0.         0.         0.         0.         0.
  0.         0.13950828 0.         0.         0.         0.14275642
  0.         0.         0.         0.         0.         0.
  0.         0.         0.         0.         0.         0.
  0.         0.         0.         0.         0.         0.
  0.         0.         0.         0.         0.         0.
  0.         0.         0.         0.         0.         0.
  0.         0.         0.         0.         0.         0.
  0.         0.         0.         0.         0.         0.
  0.         0.14289169 0.         0.         0.         0.
  0.         0.14240658 0.         0.         0.         0.14317475
  0.         0.         0.         0.         0.         0.
  0.         0.         0.         0.         0.         0.
  0.         0.         0.         0.         0.         0.
  0.         0.         0.         0.         0.         0.
  0.         0.         0.         0.         0.         0.
  0.         0.         0.         0.         0.         0.
  0.         0.31682183 0.         0.         0.         0.
  0.         0.         0.         0.         0.         0.
  0.         0.         0.         0.         0.         0.
  0.14069839 0.         0.         0.         0.         0.
  0.         0.         0.         0.         0.         0.
  0.         0.         0.         0.         0.         0.
  0.         0.         0.         0.         0.         0.
  0.         0.         0.         0.         0.         0.
  0.         0.         0.         0.         0.         0.
  0.37931956 0.         0.         0.         0.         0.
  0.         0.         0.         0.         0.         0.
  0.         0.         0.         0.         0.         0.14609137
  0.         0.         0.         0.         0.         0.
  0.         0.         0.         0.         0.         0.
  0.         0.         0.         0.         0.         0.
  0.         0.         0.         0.         0.         0.
  0.         0.         0.         0.         0.         0.
  0.        ]]"
"[[0.         0.         0.         0.         0.         0.
  0.         0.         0.         0.         0.         0.
  0.         0.         0.         0.256      0.         0.09014012
  0.         0.         0.         0.         0.         0.
  0.         0.         0.256      0.256      0.         0.
  0.256      0.         0.         0.         0.         0.
  0.         0.         0.         0.256      0.         0.
  0.         0.256      0.         0.         0.         0.
  0.         0.         0.256      0.         0.         0.
  0.         0.8        0.         0.         0.         0.
  0.8        0.34253503 0.256      0.         0.         0.
  0.         0.         0.         0.         0.         0.64
  0.         0.         0.256      0.         0.         0.
  0.         0.         0.         0.         0.         0.
  0.         0.         0.         0.         0.         0.
  0.         1.         0.         0.         0.         0.
  0.         0.         0.8        0.         0.         0.
  0.         0.09551002 0.         0.         0.64       0.
  0.         0.         0.         0.09551002 0.04868355 0.
  0.04868355 0.         0.         0.06248139 0.         0.06248139
  0.         0.         0.         0.         0.         0.8
  0.         0.256      0.         0.         0.         0.
  0.         0.         0.         0.         0.         0.64
  0.64       0.         0.         0.         0.         0.
  0.8        0.         0.         0.256      0.         0.
  0.         0.09014012 0.         0.         0.         0.09551002
  0.256      0.         0.         0.8        0.         0.
  0.         0.         0.04868355 0.         0.         0.
  0.256      0.         0.09014012 0.256      0.         0.
  0.         0.         0.         0.         0.         0.
  0.         0.64       0.         0.         0.         0.
  0.64       0.         0.256      0.         0.         0.
  0.         0.         0.256      0.         0.         0.
  0.64       0.         0.         0.         0.         0.64
  0.         0.         0.         0.         0.         0.
  0.         0.         0.         0.         0.         0.
  0.8        0.         0.         0.09551002 0.         0.
  0.         0.64       0.09551002 0.32       0.         0.
  0.8        0.         0.         0.         0.         0.
  0.         0.64       0.64       0.         0.         0.256
  0.         0.256      0.         0.64       0.09551002 0.
  0.         0.         0.         0.         0.         0.24338004
  0.         0.256      0.         0.         0.         0.34253503
  0.64       0.         0.         0.256      0.03183667 0.
  0.         0.         0.         0.256      0.256      0.
  0.         0.         0.         0.         0.         0.
  0.         0.         0.         0.         0.         0.
  0.         0.         0.64       0.         0.         0.8
  0.256      0.09551002 0.         0.         0.         0.64
  0.         0.         0.         0.         0.         0.
  0.256      0.         0.         0.         0.         0.02645056
  0.         0.03295268 0.         0.         0.         0.
  0.         0.         0.256      0.         0.64       0.256
  0.         0.         0.256      0.05392717 0.256      0.
  0.         0.         0.256      0.         0.         0.
  0.         0.         0.64       0.         0.         0.
  0.64       0.         0.         0.09551002 0.64       0.
  0.         0.09551002 0.         0.         0.         0.
  0.04868355 0.         0.         0.         0.64       0.8
  0.256      0.         0.64       0.         0.64       0.256
  0.8        0.         0.         0.         0.         0.09551002
  0.64       0.         0.         0.         0.         0.64
  0.         0.         0.64       0.256      0.8        0.64
  0.         0.         0.64       0.09551002 0.         0.09551002
  0.         0.         0.64       0.         0.04408427 0.
  0.09551002 0.         0.03295268 0.03295268 0.         0.
  0.         0.         0.         0.256      0.         0.
  0.         0.         0.44507006 0.         0.09551002 0.
  0.         0.         0.         0.         0.         0.
  0.         0.256      0.         0.09551002 0.09551002 0.
  0.         0.256      0.         0.         0.         0.
  0.         0.         0.         0.         0.64       0.40788717
  0.         0.         0.         0.         0.         0.
  0.         0.256      0.256      0.         0.         0.
  0.         0.         0.         0.         0.         0.
  0.8        0.64       0.         0.         0.         0.
  0.         0.         0.         0.         0.         0.06102698
  0.256      0.         0.         0.         0.         0.
  0.        ]]"
"[[0.         0.         0.         0.         0.         0.
  0.         0.         0.         0.         0.         0.
  0.         0.         0.         0.         0.         0.
  0.         0.1501653  0.1501653  0.         0.15983033 0.
  0.         0.         0.         0.         0.         0.
  0.         0.         0.         0.20032133 0.         0.
  0.         0.         0.         0.         0.         0.23451767
  0.27879477 0.         0.         0.         0.         0.
  0.         0.         0.         0.         0.         0.
  0.         0.         0.         0.         0.         0.
  0.         0.         0.         0.         0.         0.
  0.         0.         0.15099851 0.         0.         0.
  0.         0.         0.         0.         0.         0.
  0.         0.         0.         0.         0.         0.
  0.         0.         0.         0.         0.         0.
  0.14235448 0.         1.         0.         0.23681314 0.
  0.         0.         0.         0.         0.         0.
  0.         0.         0.         0.         0.         0.15099851
  0.         0.         0.         0.         0.         0.
  0.         0.         0.         0.         0.         0.
  0.         0.         0.         0.         0.         0.
  0.         0.         0.         0.         0.         0.
  0.         0.         0.         0.11642238 0.         0.
  0.         0.         0.         0.         0.         0.
  0.         0.         0.         0.         0.         0.
  0.2855312  0.         0.         0.         0.         0.
  0.         0.         0.         0.         0.         0.
  0.         0.         0.         0.14055673 0.         0.
  0.         0.         0.         0.         0.         0.
  0.         0.         0.         0.         0.         0.
  0.         0.         0.         0.         0.         0.
  0.         0.         0.         0.         0.         0.
  0.         0.         0.         0.         0.         0.
  0.         0.         0.         0.         0.27761526 0.
  0.         0.         0.         0.         0.         0.
  0.         0.         0.         0.         0.         0.
  0.         0.         0.         0.         0.         0.
  0.         0.         0.         0.         0.         0.
  0.         0.         0.         0.         0.         0.
  0.         0.         0.         0.         0.         0.
  0.         0.         0.         0.         0.         0.
  0.         0.         0.         0.         0.         0.
  0.         0.         0.         0.         0.         0.
  0.         0.         0.         0.         0.         0.
  0.         0.         0.         0.         0.         0.
  0.         0.2653219  0.         0.         0.         0.27295215
  0.         0.         0.         0.         0.         0.
  0.         0.         0.         0.         0.         0.
  0.         0.         0.         0.         0.         0.
  0.         0.         0.         0.         0.         0.
  0.         0.         0.         0.         0.         0.
  0.         0.         0.         0.         0.         0.
  0.         0.         0.         0.         0.         0.
  0.         0.29074394 0.         0.         0.         0.
  0.         0.27323784 0.         0.         0.         0.28393513
  0.         0.         0.         0.         0.         0.
  0.         0.         0.         0.         0.         0.
  0.         0.         0.         0.         0.         0.
  0.         0.         0.         0.         0.         0.
  0.         0.         0.         0.         0.         0.
  0.         0.         0.         0.         0.         0.
  0.         0.18882545 0.         0.         0.         0.
  0.         0.         0.         0.         0.         0.
  0.         0.         0.         0.         0.         0.
  0.27554305 0.         0.         0.         0.         0.
  0.         0.         0.         0.         0.         0.
  0.         0.         0.         0.         0.         0.
  0.         0.         0.         0.         0.         0.
  0.         0.         0.         0.         0.         0.
  0.         0.         0.         0.         0.         0.
  0.11642238 0.         0.         0.         0.         0.
  0.         0.         0.         0.         0.         0.
  0.         0.         0.         0.         0.         0.2829346
  0.         0.         0.         0.         0.         0.
  0.         0.         0.         0.         0.         0.
  0.         0.         0.         0.         0.         0.
  0.         0.         0.         0.         0.         0.
  0.         0.         0.         0.         0.         0.
  0.        ]]"
"[[0.         0.         0.         0.         0.         0.
  0.         0.         0.         0.         0.         0.
  0.         0.         0.44519629 0.         0.34109358 0.
  0.         0.         0.         0.         0.         0.30504223
  0.         0.         0.         0.         0.         0.
  0.         0.         0.         0.         0.16722223 0.19688817
  0.8        0.         0.         0.         0.         0.
  0.         0.         0.         0.         0.35217833 0.44519629
  0.49844408 0.44519629 0.         0.         0.16722223 0.31392908
  0.19688817 0.         0.21882826 0.         0.         0.27036244
  0.         0.         0.         0.         0.         0.
  0.44519629 0.         0.         0.         0.         0.
  0.         0.8        0.         0.         0.8        0.30559631
  0.         0.31392908 0.         0.         0.         0.32104223
  0.         0.         0.48069482 0.         0.         0.
  0.         0.         0.         1.         0.         0.
  0.         0.         0.         0.         0.44519629 0.19688817
  0.27244033 0.         0.         0.         0.         0.
  0.         0.         0.8        0.         0.         0.8
  0.         0.         0.35217833 0.         0.         0.
  0.26934124 0.44519629 0.         0.8        0.         0.
  0.19803805 0.         0.21273726 0.         0.         0.33661028
  0.23367679 0.19803805 0.         0.         0.         0.
  0.         0.34800769 0.30330801 0.         0.         0.44519629
  0.         0.19803805 0.25181577 0.         0.44519629 0.44519629
  0.         0.         0.22385962 0.8        0.30559631 0.
  0.         0.23221395 0.2088635  0.         0.         0.
  0.30030989 0.44519629 0.         0.         0.         0.
  0.         0.15772201 0.         0.         0.35121833 0.44519629
  0.8        0.         0.32270512 0.8        0.         0.25781531
  0.8        0.         0.33221926 0.2599427  0.8        0.
  0.         0.         0.         0.         0.         0.28911228
  0.27976745 0.         0.         0.         0.35217833 0.
  0.         0.         0.         0.19688817 0.         0.
  0.         0.         0.44519629 0.44519629 0.         0.
  0.25335758 0.8        0.44519629 0.         0.3007382  0.
  0.         0.         0.8        0.         0.         0.
  0.53988372 0.         0.         0.         0.         0.30559631
  0.         0.44519629 0.         0.16722223 0.23221395 0.
  0.19688817 0.         0.         0.         0.         0.
  0.         0.         0.         0.         0.         0.30559631
  0.         0.22204062 0.44519629 0.30330801 0.         0.
  0.8        0.         0.         0.         0.         0.
  0.         0.19688817 0.         0.         0.         0.
  0.30559631 0.         0.44519629 0.         0.         0.
  0.         0.         0.30330801 0.44519629 0.         0.
  0.30030989 0.         0.8        0.         0.26506675 0.8
  0.19688817 0.16938025 0.         0.         0.23221395 0.
  0.         0.         0.         0.8        0.         0.
  0.         0.3976032  0.         0.4551134  0.         0.
  0.         0.32104223 0.         0.         0.         0.
  0.         0.         0.44519629 0.19803805 0.         0.44519629
  0.19688817 0.18448348 0.         0.19803805 0.         0.
  0.32270512 0.         0.         0.         0.         0.26945262
  0.23880605 0.         0.         0.8        0.         0.
  0.         0.         0.         0.         0.         0.23221395
  0.         0.         0.         0.         0.         0.38318432
  0.         0.         0.         0.         0.23220332 0.
  0.         0.         0.         0.26890513 0.         0.
  0.         0.         0.         0.27976745 0.         0.
  0.         0.         0.         0.         0.         0.
  0.         0.         0.         0.8        0.         0.
  0.44519629 0.44519629 0.         0.         0.         0.
  0.         0.27067282 0.         0.         0.         0.
  0.         0.         0.         0.         0.         0.44519629
  0.         0.         0.         0.         0.         0.
  0.         0.         0.         0.         0.         0.
  0.31138062 0.         0.         0.         0.         0.
  0.19803805 0.         0.2509652  0.         0.         0.22037888
  0.30330801 0.         0.         0.         0.         0.
  0.         0.         0.         0.44519629 0.53988372 0.
  0.19803805 0.30504223 0.         0.         0.         0.
  0.8        0.         0.         0.         0.         0.
  0.30330801 0.         0.         0.19688817 0.         0.
  0.         0.         0.         0.         0.8        0.49844408
  0.         0.         0.         0.8        0.8        0.
  0.8        0.         0.44519629 0.         0.         0.
  0.         0.         0.         0.         0.         0.
  0.        ]]"
"[[0.         0.         0.         0.         0.         0.
  0.         0.         0.         0.         0.         0.
  0.         0.         0.         0.         0.         0.
  0.         0.19995277 0.19956647 0.         0.20692297 0.
  0.         0.         0.         0.         0.         0.
  0.         0.         0.         0.22239506 0.         0.
  0.         0.         0.         0.         0.         0.22983695
  0.23713803 0.         0.         0.         0.         0.
  0.         0.         0.         0.         0.         0.
  0.         0.         0.         0.         0.         0.
  0.         0.         0.         0.         0.         0.
  0.         0.         0.21510211 0.         0.         0.
  0.         0.         0.         0.         0.         0.
  0.         0.         0.         0.         0.         0.
  0.         0.         0.         0.         0.         0.
  0.21065485 0.         0.23681314 0.         1.         0.
  0.         0.         0.         0.         0.         0.
  0.         0.         0.         0.         0.         0.21471581
  0.         0.         0.         0.         0.         0.
  0.         0.         0.         0.         0.         0.
  0.         0.         0.         0.         0.         0.
  0.         0.         0.         0.         0.         0.
  0.         0.         0.         0.1973131  0.         0.
  0.         0.         0.         0.         0.         0.
  0.         0.         0.         0.         0.         0.
  0.23670666 0.         0.         0.         0.         0.
  0.         0.         0.         0.         0.         0.
  0.         0.         0.         0.2078729  0.         0.
  0.         0.         0.         0.         0.         0.
  0.         0.         0.         0.         0.         0.
  0.         0.         0.         0.         0.         0.
  0.         0.         0.         0.         0.         0.
  0.         0.         0.         0.         0.         0.
  0.         0.         0.         0.         0.2382376  0.
  0.         0.         0.         0.         0.         0.
  0.         0.         0.         0.         0.         0.
  0.         0.         0.         0.         0.         0.
  0.         0.         0.         0.         0.         0.
  0.         0.         0.         0.         0.         0.
  0.         0.         0.         0.         0.         0.
  0.         0.         0.         0.         0.         0.
  0.         0.         0.         0.         0.         0.
  0.         0.         0.         0.         0.         0.
  0.         0.         0.         0.         0.         0.
  0.         0.         0.         0.         0.         0.
  0.         0.23800075 0.         0.         0.         0.23640461
  0.         0.         0.         0.         0.         0.
  0.         0.         0.         0.         0.         0.
  0.         0.         0.         0.         0.         0.
  0.         0.         0.         0.         0.         0.
  0.         0.         0.         0.         0.         0.
  0.         0.         0.         0.         0.         0.
  0.         0.         0.         0.         0.         0.
  0.         0.23927129 0.         0.         0.         0.
  0.         0.23646981 0.         0.         0.         0.23560991
  0.         0.         0.         0.         0.         0.
  0.         0.         0.         0.         0.         0.
  0.         0.         0.         0.         0.         0.
  0.         0.         0.         0.         0.         0.
  0.         0.         0.         0.         0.         0.
  0.         0.         0.         0.         0.         0.
  0.         0.2278336  0.         0.         0.         0.
  0.         0.         0.         0.         0.         0.
  0.         0.         0.         0.         0.         0.
  0.2386147  0.         0.         0.         0.         0.
  0.         0.         0.         0.         0.         0.
  0.         0.         0.         0.         0.         0.
  0.         0.         0.         0.         0.         0.
  0.         0.         0.         0.         0.         0.
  0.         0.         0.         0.         0.         0.
  0.1973131  0.         0.         0.         0.         0.
  0.         0.         0.         0.         0.         0.
  0.         0.         0.         0.         0.         0.2360764
  0.         0.         0.         0.         0.         0.
  0.         0.         0.         0.         0.         0.
  0.         0.         0.         0.         0.         0.
  0.         0.         0.         0.         0.         0.
  0.         0.         0.         0.         0.         0.
  0.        ]]"
"[[0.         0.         0.         0.         0.         0.
  0.         0.         0.         0.         0.         0.
  0.         0.         0.         0.         0.         0.
  0.         0.         0.         0.         0.         0.
  0.         0.128      0.         0.         0.         0.
  0.         0.         0.29866667 0.         0.         0.
  0.         0.         0.         0.         0.         0.
  0.         0.         0.         0.         0.         0.
  0.         0.         0.         0.256      0.         0.
  0.         0.         0.         0.64       0.         0.
  0.         0.         0.         0.2048     0.8        0.
  0.         0.         0.         0.         0.29866667 0.
  0.256      0.         0.         0.256      0.         0.
  0.8        0.         0.         0.         0.         0.
  0.64       0.8        0.         0.         0.         0.
  0.         0.         0.         0.         0.         1.
  0.         0.256      0.         0.         0.         0.
  0.         0.         0.         0.64       0.         0.
  0.         0.         0.         0.         0.         0.
  0.         0.8        0.         0.         0.         0.
  0.         0.         0.         0.         0.         0.
  0.         0.         0.         0.128      0.         0.
  0.         0.         0.         0.         0.         0.
  0.         0.         0.         0.         0.         0.
  0.         0.         0.         0.         0.         0.
  0.         0.         0.         0.         0.         0.
  0.         0.         0.         0.         0.         0.
  0.         0.         0.         0.         0.         0.
  0.         0.         0.         0.         0.         0.
  0.         0.         0.         0.         0.64       0.
  0.         0.         0.         0.         0.         0.
  0.         0.         0.         0.         0.         0.
  0.         0.64       0.         0.         0.         0.
  0.         0.128      0.         0.         0.         0.
  0.         0.2048     0.         0.         0.         0.
  0.         0.         0.         0.8        0.         0.
  0.         0.04266667 0.         0.         0.         0.
  0.         0.         0.         0.         0.         0.
  0.         0.         0.2048     0.         0.         0.04266667
  0.         0.         0.         0.64       0.         0.
  0.         0.         0.         0.         0.         0.
  0.         0.         0.         0.         0.         0.
  0.         0.         0.         0.         0.         0.
  0.         0.         0.         0.         0.         0.
  0.         0.         0.         0.         0.         0.64
  0.         0.         0.         0.         0.2048     0.
  0.         0.         0.         0.8        0.         0.
  0.         0.         0.         0.         0.         0.
  0.         0.         0.64       0.         0.         0.
  0.04266667 0.         0.         0.         0.         0.29866667
  0.         0.         0.         0.64       0.         0.
  0.         0.         0.         0.         0.64       0.
  0.         0.         0.         0.         0.         0.
  0.         0.         0.         0.         0.         0.
  0.         0.         0.         0.         0.29866667 0.
  0.         0.         0.         0.         0.04266667 0.
  0.         0.         0.         0.         0.         0.
  0.         0.         0.         0.256      0.         0.
  0.         0.         0.         0.         0.         0.
  0.         0.         0.         0.         0.         0.
  0.         0.         0.64       0.         0.256      0.
  0.         0.         0.64       0.         0.         0.
  0.         0.         0.         0.         0.         0.
  0.         0.         0.         0.         0.         0.
  0.         0.256      0.         0.2048     0.         0.
  0.         0.         0.         0.         0.         0.64
  0.         0.         0.         0.         0.         0.
  0.         0.         0.         0.2048     0.         0.64
  0.         0.         0.         0.         0.         0.
  0.         0.         0.         0.         0.         0.
  0.         0.         0.         0.         0.         0.
  0.         0.         0.         0.8        0.         0.
  0.         0.         0.         0.64       0.         0.
  0.         0.         0.         0.         0.         0.
  0.64       0.64       0.         0.         0.         0.
  0.         0.         0.         0.         0.         0.
  0.         0.         0.         0.         0.64       0.
  0.         0.64       0.2048     0.256      0.         0.
  0.        ]]"
"[[0.         0.         0.         0.         0.         0.
  0.         0.         0.         0.         0.         0.
  0.         0.         0.         0.         0.         0.
  0.8        0.         0.         0.8        0.         0.
  0.         0.         0.         0.         0.18027303 0.
  0.         0.1714402  0.         0.         0.         0.
  0.         0.8        0.         0.         0.8        0.
  0.         0.         0.08535929 0.         0.         0.
  0.         0.         0.         0.         0.         0.
  0.         0.         0.         0.         0.12027214 0.
  0.         0.         0.         0.         0.         0.8
  0.         0.         0.         0.         0.         0.
  0.         0.         0.         0.         0.         0.
  0.         0.         0.8        0.8        0.12856171 0.
  0.         0.         0.         0.16985201 0.         0.8
  0.         0.         0.         0.         0.         0.
  1.         0.         0.         0.8        0.         0.
  0.         0.         0.         0.         0.         0.
  0.8        0.8        0.         0.         0.         0.
  0.         0.         0.         0.         0.         0.
  0.         0.         0.08526979 0.         0.         0.
  0.         0.         0.         0.         0.8        0.
  0.         0.         0.         0.         0.         0.
  0.         0.         0.         0.11346386 0.8        0.
  0.         0.         0.         0.         0.         0.
  0.         0.         0.         0.         0.         0.
  0.         0.         0.         0.         0.         0.8
  0.         0.         0.         0.         0.         0.8
  0.         0.         0.         0.         0.         0.
  0.         0.8        0.         0.         0.         0.
  0.         0.         0.         0.         0.         0.08535929
  0.         0.         0.         0.07191812 0.         0.
  0.         0.         0.         0.         0.         0.
  0.         0.         0.         0.         0.         0.
  0.8        0.         0.         0.         0.8        0.8
  0.         0.         0.         0.         0.         0.
  0.         0.         0.         0.         0.         0.
  0.         0.         0.         0.         0.         0.
  0.         0.         0.         0.         0.         0.
  0.         0.         0.         0.         0.         0.
  0.         0.         0.06428085 0.         0.         0.
  0.8        0.         0.         0.         0.8        0.
  0.         0.         0.12869422 0.         0.11497495 0.
  0.         0.         0.         0.         0.         0.
  0.         0.         0.         0.         0.         0.
  0.         0.         0.         0.         0.         0.
  0.         0.         0.         0.         0.         0.
  0.         0.         0.         0.         0.         0.
  0.         0.         0.         0.         0.8        0.
  0.         0.         0.         0.         0.         0.
  0.         0.         0.8        0.         0.08719264 0.
  0.8        0.         0.         0.         0.         0.
  0.         0.         0.         0.         0.         0.
  0.         0.         0.         0.         0.         0.
  0.         0.         0.         0.         0.         0.
  0.18027303 0.8        0.         0.         0.         0.
  0.         0.8        0.8        0.         0.         0.
  0.         0.         0.         0.         0.         0.
  0.         0.         0.8        0.         0.         0.
  0.         0.8        0.         0.         0.         0.
  0.         0.         0.         0.8        0.         0.
  0.         0.         0.         0.         0.         0.
  0.         0.         0.         0.         0.         0.
  0.08297931 0.         0.         0.         0.         0.
  0.         0.         0.         0.         0.         0.
  0.         0.8        0.         0.         0.         0.
  0.08630174 0.         0.         0.         0.8        0.8
  0.         0.         0.         0.         0.         0.
  0.         0.         0.         0.         0.         0.
  0.         0.         0.8        0.         0.         0.
  0.         0.         0.1714402  0.         0.         0.8
  0.         0.         0.8        0.         0.         0.
  0.         0.         0.09648754 0.         0.8        0.
  0.         0.         0.         0.         0.09648754 0.
  0.         0.         0.         0.         0.         0.
  0.         0.         0.         0.         0.         0.
  0.         0.09958583 0.         0.8        0.         0.
  0.         0.         0.         0.         0.11027147 0.
  0.        ]]"
"[[0.         0.         0.         0.         0.         0.
  0.         0.         0.         0.         0.         0.
  0.         0.         0.         0.         0.         0.
  0.         0.         0.         0.         0.         0.
  0.         0.32       0.         0.         0.         0.
  0.         0.         0.29866667 0.         0.         0.
  0.         0.         0.         0.         0.         0.
  0.         0.         0.         0.         0.         0.
  0.         0.         0.         0.8        0.         0.
  0.         0.         0.         0.256      0.         0.
  0.         0.         0.         0.17066667 0.256      0.
  0.         0.         0.         0.         0.29866667 0.
  0.8        0.         0.         0.8        0.         0.
  0.256      0.         0.         0.         0.         0.
  0.256      0.256      0.         0.         0.         0.
  0.         0.         0.         0.         0.         0.256
  0.         1.         0.         0.         0.         0.
  0.         0.         0.         0.256      0.         0.
  0.         0.         0.         0.         0.         0.
  0.         0.256      0.         0.         0.         0.
  0.         0.         0.         0.         0.         0.
  0.         0.         0.         0.32       0.         0.
  0.         0.         0.         0.         0.         0.
  0.         0.         0.         0.         0.         0.
  0.         0.         0.         0.         0.         0.
  0.         0.         0.         0.         0.         0.
  0.         0.         0.         0.         0.         0.
  0.         0.         0.         0.         0.         0.
  0.         0.         0.         0.         0.         0.
  0.         0.         0.         0.         0.256      0.
  0.         0.         0.         0.         0.         0.
  0.         0.         0.         0.         0.         0.
  0.         0.256      0.         0.         0.         0.
  0.         0.32       0.         0.         0.         0.
  0.         0.17066667 0.         0.         0.         0.
  0.         0.         0.         0.256      0.         0.
  0.         0.10666667 0.         0.         0.         0.
  0.         0.         0.         0.         0.         0.
  0.         0.         0.17066667 0.         0.         0.10666667
  0.         0.         0.         0.256      0.         0.
  0.         0.         0.         0.         0.         0.
  0.         0.         0.         0.         0.         0.
  0.         0.         0.         0.         0.         0.
  0.         0.         0.         0.         0.         0.
  0.         0.         0.         0.         0.         0.256
  0.         0.         0.         0.         0.17066667 0.
  0.         0.         0.         0.256      0.         0.
  0.         0.         0.         0.         0.         0.
  0.         0.         0.256      0.         0.         0.
  0.10666667 0.         0.         0.         0.         0.29866667
  0.         0.         0.         0.256      0.         0.
  0.         0.         0.         0.         0.256      0.
  0.         0.         0.         0.         0.         0.
  0.         0.         0.         0.         0.         0.
  0.         0.         0.         0.         0.29866667 0.
  0.         0.         0.         0.         0.10666667 0.
  0.         0.         0.         0.         0.         0.
  0.         0.         0.         0.8        0.         0.
  0.         0.         0.         0.         0.         0.
  0.         0.         0.         0.         0.         0.
  0.         0.         0.256      0.         0.8        0.
  0.         0.         0.256      0.         0.         0.
  0.         0.         0.         0.         0.         0.
  0.         0.         0.         0.         0.         0.
  0.         0.8        0.         0.17066667 0.         0.
  0.         0.         0.         0.         0.         0.256
  0.         0.         0.         0.         0.         0.
  0.         0.         0.         0.17066667 0.         0.256
  0.         0.         0.         0.         0.         0.
  0.         0.         0.         0.         0.         0.
  0.         0.         0.         0.         0.         0.
  0.         0.         0.         0.256      0.         0.
  0.         0.         0.         0.256      0.         0.
  0.         0.         0.         0.         0.         0.
  0.256      0.256      0.         0.         0.         0.
  0.         0.         0.         0.         0.         0.
  0.         0.         0.         0.         0.256      0.
  0.         0.256      0.17066667 0.8        0.         0.
  0.        ]]"
"[[0.         0.         0.         0.         0.         0.
  0.         0.         0.         0.         0.         0.
  0.         0.         0.         0.256      0.         0.09014012
  0.         0.         0.         0.         0.         0.
  0.         0.         0.256      0.256      0.         0.
  0.256      0.         0.         0.         0.         0.
  0.         0.         0.         0.256      0.         0.
  0.         0.256      0.         0.         0.         0.
  0.         0.         0.256      0.         0.         0.
  0.         0.8        0.         0.         0.         0.
  0.8        0.34253503 0.256      0.         0.         0.
  0.         0.         0.         0.         0.         0.64
  0.         0.         0.256      0.         0.         0.
  0.         0.         0.         0.         0.         0.
  0.         0.         0.         0.         0.         0.
  0.         0.8        0.         0.         0.         0.
  0.         0.         1.         0.         0.         0.
  0.         0.09551002 0.         0.         0.64       0.
  0.         0.         0.         0.09551002 0.04868355 0.
  0.04868355 0.         0.         0.06248139 0.         0.06248139
  0.         0.         0.         0.         0.         0.8
  0.         0.256      0.         0.         0.         0.
  0.         0.         0.         0.         0.         0.64
  0.64       0.         0.         0.         0.         0.
  0.8        0.         0.         0.256      0.         0.
  0.         0.09014012 0.         0.         0.         0.09551002
  0.256      0.         0.         0.8        0.         0.
  0.         0.         0.04868355 0.         0.         0.
  0.256      0.         0.09014012 0.256      0.         0.
  0.         0.         0.         0.         0.         0.
  0.         0.64       0.         0.         0.         0.
  0.64       0.         0.256      0.         0.         0.
  0.         0.         0.256      0.         0.         0.
  0.64       0.         0.         0.         0.         0.64
  0.         0.         0.         0.         0.         0.
  0.         0.         0.         0.         0.         0.
  0.8        0.         0.         0.09551002 0.         0.
  0.         0.64       0.09551002 0.32       0.         0.
  0.8        0.         0.         0.         0.         0.
  0.         0.64       0.64       0.         0.         0.256
  0.         0.256      0.         0.64       0.09551002 0.
  0.         0.         0.         0.         0.         0.24338004
  0.         0.256      0.         0.         0.         0.34253503
  0.64       0.         0.         0.256      0.03183667 0.
  0.         0.         0.         0.256      0.256      0.
  0.         0.         0.         0.         0.         0.
  0.         0.         0.         0.         0.         0.
  0.         0.         0.64       0.         0.         0.8
  0.256      0.09551002 0.         0.         0.         0.64
  0.         0.         0.         0.         0.         0.
  0.256      0.         0.         0.         0.         0.02645056
  0.         0.03295268 0.         0.         0.         0.
  0.         0.         0.256      0.         0.64       0.256
  0.         0.         0.256      0.05392717 0.256      0.
  0.         0.         0.256      0.         0.         0.
  0.         0.         0.64       0.         0.         0.
  0.64       0.         0.         0.09551002 0.64       0.
  0.         0.09551002 0.         0.         0.         0.
  0.04868355 0.         0.         0.         0.64       0.8
  0.256      0.         0.64       0.         0.64       0.256
  0.8        0.         0.         0.         0.         0.09551002
  0.64       0.         0.         0.         0.         0.64
  0.         0.         0.64       0.256      0.8        0.64
  0.         0.         0.64       0.09551002 0.         0.09551002
  0.         0.         0.64       0.         0.04408427 0.
  0.09551002 0.         0.03295268 0.03295268 0.         0.
  0.         0.         0.         0.256      0.         0.
  0.         0.         0.44507006 0.         0.09551002 0.
  0.         0.         0.         0.         0.         0.
  0.         0.256      0.         0.09551002 0.09551002 0.
  0.         0.256      0.         0.         0.         0.
  0.         0.         0.         0.         0.64       0.40788717
  0.         0.         0.         0.         0.         0.
  0.         0.256      0.256      0.         0.         0.
  0.         0.         0.         0.         0.         0.
  0.8        0.64       0.         0.         0.         0.
  0.         0.         0.         0.         0.         0.06102698
  0.256      0.         0.         0.         0.         0.
  0.        ]]"
"[[0.         0.         0.         0.         0.         0.
  0.         0.         0.         0.         0.         0.
  0.         0.         0.         0.         0.         0.
  0.8        0.         0.         0.8        0.         0.
  0.         0.         0.         0.         0.18027303 0.
  0.         0.1714402  0.         0.         0.         0.
  0.         0.8        0.         0.         0.8        0.
  0.         0.         0.08535929 0.         0.         0.
  0.         0.         0.         0.         0.         0.
  0.         0.         0.         0.         0.12027214 0.
  0.         0.         0.         0.         0.         0.8
  0.         0.         0.         0.         0.         0.
  0.         0.         0.         0.         0.         0.
  0.         0.         0.8        0.8        0.12856171 0.
  0.         0.         0.         0.16985201 0.         0.8
  0.         0.         0.         0.         0.         0.
  0.8        0.         0.         1.         0.         0.
  0.         0.         0.         0.         0.         0.
  0.8        0.8        0.         0.         0.         0.
  0.         0.         0.         0.         0.         0.
  0.         0.         0.08526979 0.         0.         0.
  0.         0.         0.         0.         0.8        0.
  0.         0.         0.         0.         0.         0.
  0.         0.         0.         0.11346386 0.8        0.
  0.         0.         0.         0.         0.         0.
  0.         0.         0.         0.         0.         0.
  0.         0.         0.         0.         0.         0.8
  0.         0.         0.         0.         0.         0.8
  0.         0.         0.         0.         0.         0.
  0.         0.8        0.         0.         0.         0.
  0.         0.         0.         0.         0.         0.08535929
  0.         0.         0.         0.07191812 0.         0.
  0.         0.         0.         0.         0.         0.
  0.         0.         0.         0.         0.         0.
  0.8        0.         0.         0.         0.8        0.8
  0.         0.         0.         0.         0.         0.
  0.         0.         0.         0.         0.         0.
  0.         0.         0.         0.         0.         0.
  0.         0.         0.         0.         0.         0.
  0.         0.         0.         0.         0.         0.
  0.         0.         0.06428085 0.         0.         0.
  0.8        0.         0.         0.         0.8        0.
  0.         0.         0.12869422 0.         0.11497495 0.
  0.         0.         0.         0.         0.         0.
  0.         0.         0.         0.         0.         0.
  0.         0.         0.         0.         0.         0.
  0.         0.         0.         0.         0.         0.
  0.         0.         0.         0.         0.         0.
  0.         0.         0.         0.         0.8        0.
  0.         0.         0.         0.         0.         0.
  0.         0.         0.8        0.         0.08719264 0.
  0.8        0.         0.         0.         0.         0.
  0.         0.         0.         0.         0.         0.
  0.         0.         0.         0.         0.         0.
  0.         0.         0.         0.         0.         0.
  0.18027303 0.8        0.         0.         0.         0.
  0.         0.8        0.8        0.         0.         0.
  0.         0.         0.         0.         0.         0.
  0.         0.         0.8        0.         0.         0.
  0.         0.8        0.         0.         0.         0.
  0.         0.         0.         0.8        0.         0.
  0.         0.         0.         0.         0.         0.
  0.         0.         0.         0.         0.         0.
  0.08297931 0.         0.         0.         0.         0.
  0.         0.         0.         0.         0.         0.
  0.         0.8        0.         0.         0.         0.
  0.08630174 0.         0.         0.         0.8        0.8
  0.         0.         0.         0.         0.         0.
  0.         0.         0.         0.         0.         0.
  0.         0.         0.8        0.         0.         0.
  0.         0.         0.1714402  0.         0.         0.8
  0.         0.         0.8        0.         0.         0.
  0.         0.         0.09648754 0.         0.8        0.
  0.         0.         0.         0.         0.09648754 0.
  0.         0.         0.         0.         0.         0.
  0.         0.         0.         0.         0.         0.
  0.         0.09958583 0.         0.8        0.         0.
  0.         0.         0.         0.         0.11027147 0.
  0.        ]]"
"[[0.         0.         0.         0.         0.         0.
  0.         0.         0.         0.         0.         0.
  0.         0.         0.8        0.         0.39229413 0.
  0.         0.         0.         0.         0.         0.33244119
  0.         0.         0.         0.         0.         0.
  0.         0.         0.         0.         0.17043872 0.15288238
  0.44519629 0.         0.         0.         0.         0.
  0.         0.         0.         0.         0.45409874 0.8
  0.29903933 0.8        0.         0.         0.17043872 0.35113562
  0.15288238 0.         0.18604718 0.         0.         0.27974558
  0.         0.         0.         0.         0.         0.
  0.64       0.         0.         0.         0.         0.
  0.         0.44519629 0.         0.         0.44519629 0.35958374
  0.         0.35113562 0.         0.         0.         0.39644119
  0.         0.         0.46602622 0.         0.         0.
  0.         0.         0.         0.44519629 0.         0.
  0.         0.         0.         0.         1.         0.15288238
  0.27302556 0.         0.         0.         0.         0.
  0.         0.         0.44519629 0.         0.         0.44519629
  0.         0.         0.45409874 0.         0.         0.
  0.27743458 0.8        0.         0.44519629 0.         0.
  0.16524586 0.         0.20305623 0.         0.         0.42526996
  0.22394201 0.16524586 0.         0.         0.         0.
  0.         0.4415524  0.34433176 0.         0.         0.64
  0.         0.16524586 0.25945255 0.         0.8        0.8
  0.         0.         0.20029674 0.44519629 0.35958374 0.
  0.         0.21680308 0.18548975 0.         0.         0.
  0.32874686 0.8        0.         0.         0.         0.
  0.         0.14873826 0.         0.         0.45281874 0.8
  0.44519629 0.         0.36440154 0.44519629 0.         0.27181922
  0.44519629 0.         0.38411653 0.23334155 0.44519629 0.
  0.         0.         0.         0.         0.         0.31091953
  0.3418325  0.         0.         0.         0.45409874 0.
  0.         0.         0.         0.15288238 0.         0.
  0.         0.         0.8        0.64       0.         0.
  0.2284161  0.44519629 0.8        0.         0.33097328 0.
  0.         0.         0.44519629 0.         0.         0.
  0.39351439 0.         0.         0.         0.         0.35958374
  0.         0.8        0.         0.17043872 0.21680308 0.
  0.15288238 0.         0.         0.         0.         0.
  0.         0.         0.         0.         0.         0.35958374
  0.         0.23079213 0.8        0.34433176 0.         0.
  0.44519629 0.         0.         0.         0.         0.
  0.         0.15288238 0.         0.         0.         0.
  0.35958374 0.         0.64       0.         0.         0.
  0.         0.         0.34433176 0.8        0.         0.
  0.32874686 0.         0.44519629 0.         0.2815388  0.44519629
  0.15288238 0.12566528 0.         0.         0.21680308 0.
  0.         0.         0.         0.44519629 0.         0.
  0.         0.25487425 0.         0.36805328 0.         0.
  0.         0.39644119 0.         0.         0.         0.
  0.         0.         0.8        0.16524586 0.         0.8
  0.15288238 0.14292334 0.         0.16524586 0.         0.
  0.36440154 0.         0.         0.         0.         0.24508734
  0.22752403 0.         0.         0.44519629 0.         0.
  0.         0.         0.         0.         0.         0.21680308
  0.         0.         0.         0.         0.         0.51606583
  0.         0.         0.         0.         0.21967129 0.
  0.         0.         0.         0.28819341 0.         0.
  0.         0.         0.         0.3418325  0.         0.
  0.         0.         0.         0.         0.         0.
  0.         0.         0.         0.44519629 0.         0.
  0.8        0.8        0.         0.         0.         0.
  0.         0.29723816 0.         0.         0.         0.
  0.         0.         0.         0.         0.         0.8
  0.         0.         0.         0.         0.         0.
  0.         0.         0.         0.         0.         0.
  0.37473012 0.         0.         0.         0.         0.
  0.16524586 0.         0.24266179 0.         0.         0.2049482
  0.34433176 0.         0.         0.         0.         0.
  0.         0.         0.         0.64       0.39351439 0.
  0.16524586 0.33244119 0.         0.         0.         0.
  0.44519629 0.         0.         0.         0.         0.
  0.34433176 0.         0.         0.15288238 0.         0.
  0.         0.         0.         0.         0.44519629 0.29903933
  0.         0.         0.         0.44519629 0.44519629 0.
  0.44519629 0.         0.8        0.         0.         0.
  0.         0.         0.         0.         0.         0.
  0.        ]]"
"[[0.         0.         0.         0.         0.         0.
  0.         0.         0.         0.         0.         0.
  0.         0.         0.15288238 0.         0.36858825 0.
  0.         0.         0.         0.         0.         0.39644119
  0.         0.         0.         0.         0.         0.
  0.         0.         0.         0.         0.16555081 0.64
  0.19688817 0.         0.         0.         0.         0.
  0.         0.         0.         0.         0.21552425 0.15288238
  0.41844408 0.15288238 0.         0.         0.16555081 0.30788993
  0.64       0.         0.53152548 0.         0.         0.34526265
  0.         0.         0.         0.         0.         0.
  0.15288238 0.         0.         0.         0.         0.
  0.         0.19688817 0.         0.         0.19688817 0.17063393
  0.         0.30788993 0.         0.         0.         0.39644119
  0.         0.         0.32992352 0.         0.         0.
  0.         0.         0.         0.19688817 0.         0.
  0.         0.         0.         0.         0.15288238 1.
  0.35766745 0.         0.         0.         0.         0.
  0.         0.         0.19688817 0.         0.         0.19688817
  0.         0.         0.21552425 0.         0.         0.
  0.34957728 0.15288238 0.         0.19688817 0.         0.
  0.27555516 0.         0.21844076 0.         0.         0.30598272
  0.43213208 0.27555516 0.         0.         0.         0.
  0.         0.21213688 0.18150249 0.         0.         0.15288238
  0.         0.27555516 0.33630438 0.         0.15288238 0.15288238
  0.         0.         0.54049938 0.19688817 0.17063393 0.
  0.         0.24811786 0.45541719 0.         0.         0.
  0.29792792 0.15288238 0.         0.         0.         0.
  0.         0.17325139 0.         0.         0.29986468 0.15288238
  0.19688817 0.         0.20050012 0.19688817 0.         0.26462456
  0.19688817 0.         0.31909967 0.39064853 0.19688817 0.
  0.         0.         0.         0.         0.         0.34664182
  0.12955812 0.         0.         0.         0.21552425 0.
  0.         0.         0.         0.64       0.         0.
  0.         0.         0.15288238 0.15288238 0.         0.
  0.40248207 0.19688817 0.15288238 0.         0.28129572 0.
  0.         0.         0.19688817 0.         0.         0.
  0.16322314 0.         0.         0.         0.         0.17063393
  0.         0.15288238 0.         0.16555081 0.24811786 0.
  0.64       0.         0.         0.         0.         0.
  0.         0.         0.         0.         0.         0.17063393
  0.         0.19191423 0.15288238 0.18150249 0.         0.
  0.19688817 0.         0.         0.         0.         0.
  0.         0.64       0.         0.         0.         0.
  0.17063393 0.         0.15288238 0.         0.         0.
  0.         0.         0.18150249 0.15288238 0.         0.
  0.29792792 0.         0.19688817 0.         0.35197444 0.19688817
  0.64       0.4306133  0.         0.         0.24811786 0.
  0.         0.         0.         0.19688817 0.         0.
  0.         0.39968985 0.         0.21372071 0.         0.
  0.         0.39644119 0.         0.         0.         0.
  0.         0.         0.15288238 0.27555516 0.         0.15288238
  0.64       0.4875071  0.         0.27555516 0.         0.
  0.20050012 0.         0.         0.         0.         0.38582654
  0.47518149 0.         0.         0.19688817 0.         0.
  0.         0.         0.         0.         0.         0.24811786
  0.         0.         0.         0.         0.         0.19464363
  0.         0.         0.         0.         0.4332127  0.
  0.         0.         0.         0.2093759  0.         0.
  0.         0.         0.         0.12955812 0.         0.
  0.         0.         0.         0.         0.         0.
  0.         0.         0.         0.19688817 0.         0.
  0.15288238 0.15288238 0.         0.         0.         0.
  0.         0.32446679 0.         0.         0.         0.
  0.         0.         0.         0.         0.         0.15288238
  0.         0.         0.         0.         0.         0.
  0.         0.         0.         0.         0.         0.
  0.28669628 0.         0.         0.         0.         0.
  0.27555516 0.         0.5182206  0.         0.         0.46327201
  0.18150249 0.         0.         0.         0.         0.
  0.         0.         0.         0.15288238 0.16322314 0.
  0.27555516 0.47644119 0.         0.         0.         0.
  0.19688817 0.         0.         0.         0.         0.
  0.18150249 0.         0.         0.8        0.         0.
  0.         0.         0.         0.         0.19688817 0.41844408
  0.         0.         0.         0.19688817 0.19688817 0.
  0.19688817 0.         0.15288238 0.         0.         0.
  0.         0.         0.         0.         0.         0.
  0.        ]]"
"[[0.         0.         0.         0.         0.         0.
  0.         0.         0.         0.         0.         0.
  0.         0.         0.27302556 0.         0.29001977 0.
  0.         0.         0.         0.         0.         0.30989465
  0.         0.         0.         0.         0.         0.
  0.         0.         0.         0.         0.19280432 0.36359338
  0.27244033 0.         0.         0.         0.         0.
  0.         0.         0.         0.         0.27054691 0.27302556
  0.31505389 0.27302556 0.         0.         0.19280432 0.26639901
  0.36359338 0.         0.2979505  0.         0.         0.28047929
  0.         0.         0.         0.         0.         0.
  0.26709964 0.         0.         0.         0.         0.
  0.         0.27244033 0.         0.         0.27244033 0.22370217
  0.         0.26639901 0.         0.         0.         0.31534651
  0.         0.         0.30301976 0.         0.         0.
  0.         0.         0.         0.27244033 0.         0.
  0.         0.         0.         0.         0.27302556 0.35766745
  1.         0.         0.         0.         0.         0.
  0.         0.         0.27244033 0.         0.         0.27244033
  0.         0.         0.27054691 0.         0.         0.
  0.28174747 0.27302556 0.         0.27244033 0.         0.
  0.23192342 0.         0.23685407 0.         0.         0.29294671
  0.30026196 0.23192342 0.         0.         0.         0.
  0.         0.2600847  0.22761531 0.         0.         0.26709964
  0.         0.23192342 0.27264555 0.         0.27302556 0.27302556
  0.         0.         0.33490136 0.27244033 0.22370217 0.
  0.         0.24683543 0.30144981 0.         0.         0.
  0.26313841 0.27302556 0.         0.         0.         0.
  0.         0.16529771 0.         0.         0.29151707 0.27302556
  0.27244033 0.         0.25151568 0.27244033 0.         0.24713656
  0.27244033 0.         0.27344037 0.29269432 0.27244033 0.
  0.         0.         0.         0.         0.         0.26894978
  0.19579505 0.         0.         0.         0.27054691 0.
  0.         0.         0.         0.36359338 0.         0.
  0.         0.         0.27302556 0.27302556 0.         0.
  0.29413994 0.27244033 0.27302556 0.         0.25806368 0.
  0.         0.         0.27244033 0.         0.         0.
  0.23411769 0.         0.         0.         0.         0.22370217
  0.         0.27302556 0.         0.19280432 0.24683543 0.
  0.35766745 0.         0.         0.         0.         0.
  0.         0.         0.         0.         0.         0.22370217
  0.         0.22364305 0.27302556 0.22761531 0.         0.
  0.27244033 0.         0.         0.         0.         0.
  0.         0.36359338 0.         0.         0.         0.
  0.22370217 0.         0.27302556 0.         0.         0.
  0.         0.         0.22761531 0.27302556 0.         0.
  0.26313841 0.         0.27244033 0.         0.27877144 0.27244033
  0.36359338 0.27057104 0.         0.         0.24683543 0.
  0.         0.         0.         0.27244033 0.         0.
  0.         0.30304466 0.         0.25193865 0.         0.
  0.         0.31534651 0.         0.         0.         0.
  0.         0.         0.27302556 0.23192342 0.         0.27302556
  0.36359338 0.30605767 0.         0.23192342 0.         0.
  0.25151568 0.         0.         0.         0.         0.29510333
  0.31856395 0.         0.         0.27244033 0.         0.
  0.         0.         0.         0.         0.         0.24683543
  0.         0.         0.         0.         0.         0.26939782
  0.         0.         0.         0.         0.30501318 0.
  0.         0.         0.         0.2352688  0.         0.
  0.         0.         0.         0.19579505 0.         0.
  0.         0.         0.         0.         0.         0.
  0.         0.         0.         0.27244033 0.         0.
  0.27302556 0.27302556 0.         0.         0.         0.
  0.         0.27547306 0.         0.         0.         0.
  0.         0.         0.         0.         0.         0.27302556
  0.         0.         0.         0.         0.         0.
  0.         0.         0.         0.         0.         0.
  0.27548709 0.         0.         0.         0.         0.
  0.23192342 0.         0.33960089 0.         0.         0.30169518
  0.22761531 0.         0.         0.         0.         0.
  0.         0.         0.         0.27302556 0.23411769 0.
  0.23192342 0.30693169 0.         0.         0.         0.
  0.27244033 0.         0.         0.         0.         0.
  0.22761531 0.         0.         0.35766745 0.         0.
  0.         0.         0.         0.         0.27244033 0.31801685
  0.         0.         0.         0.27244033 0.27244033 0.
  0.27244033 0.         0.27302556 0.         0.         0.
  0.         0.         0.         0.         0.         0.
  0.        ]]"
"[[0.         0.         0.         0.         0.         0.
  0.         0.         0.         0.         0.         0.
  0.         0.         0.         0.192      0.         0.05941528
  0.         0.         0.         0.         0.         0.
  0.         0.         0.192      0.192      0.         0.07880267
  0.192      0.         0.         0.         0.         0.
  0.         0.         0.         0.192      0.         0.
  0.         0.192      0.         0.         0.         0.
  0.         0.         0.192      0.         0.         0.
  0.         0.09551002 0.         0.         0.         0.
  0.09551002 0.07871438 0.192      0.         0.         0.
  0.         0.         0.         0.         0.         0.09551002
  0.         0.         0.192      0.         0.         0.
  0.         0.         0.         0.         0.         0.
  0.         0.         0.         0.         0.         0.
  0.         0.09551002 0.         0.         0.         0.
  0.         0.         0.09551002 0.         0.         0.
  0.         1.         0.07880267 0.         0.09551002 0.
  0.         0.         0.         0.43878689 0.05457738 0.
  0.05457738 0.         0.         0.07331213 0.         0.07331213
  0.         0.         0.         0.         0.         0.09551002
  0.         0.192      0.         0.         0.         0.
  0.         0.         0.         0.         0.         0.09551002
  0.09551002 0.         0.         0.         0.         0.
  0.09551002 0.         0.         0.192      0.         0.
  0.         0.05941528 0.         0.         0.         0.43878689
  0.192      0.         0.         0.09551002 0.         0.
  0.         0.         0.05457738 0.         0.05333333 0.
  0.192      0.         0.05941528 0.192      0.         0.
  0.         0.         0.         0.         0.         0.
  0.         0.09551002 0.         0.         0.         0.
  0.09551002 0.         0.192      0.         0.         0.
  0.         0.         0.192      0.         0.         0.10666667
  0.09551002 0.         0.         0.         0.         0.09551002
  0.         0.         0.         0.         0.         0.
  0.         0.         0.         0.         0.         0.
  0.09551002 0.         0.         0.43878689 0.07880267 0.
  0.         0.09551002 0.35878689 0.04775501 0.         0.
  0.09551002 0.         0.         0.         0.         0.
  0.         0.09551002 0.09551002 0.         0.         0.192
  0.         0.192      0.         0.09551002 0.35878689 0.
  0.         0.         0.         0.         0.         0.05164177
  0.         0.192      0.         0.         0.         0.07871438
  0.09551002 0.         0.         0.192      0.15515118 0.
  0.         0.         0.         0.192      0.192      0.
  0.         0.         0.         0.         0.         0.
  0.         0.         0.         0.         0.         0.
  0.         0.         0.09551002 0.         0.         0.09551002
  0.192      0.41212022 0.         0.         0.         0.09551002
  0.         0.         0.         0.         0.         0.
  0.192      0.         0.         0.         0.         0.05033281
  0.         0.03747614 0.         0.         0.         0.
  0.         0.         0.192      0.         0.09551002 0.192
  0.         0.         0.192      0.06027779 0.192      0.
  0.         0.         0.192      0.         0.         0.
  0.         0.         0.09551002 0.         0.         0.
  0.09551002 0.         0.         0.43878689 0.09551002 0.
  0.         0.43878689 0.         0.         0.         0.
  0.05457738 0.         0.         0.         0.09551002 0.09551002
  0.192      0.         0.09551002 0.         0.09551002 0.192
  0.09551002 0.         0.         0.         0.         0.43878689
  0.09551002 0.         0.         0.         0.         0.09551002
  0.         0.         0.09551002 0.192      0.09551002 0.09551002
  0.         0.         0.09551002 0.43878689 0.         0.39878689
  0.         0.         0.09551002 0.         0.04833246 0.
  0.43878689 0.         0.03747614 0.03747614 0.07880267 0.
  0.         0.         0.         0.192      0.         0.
  0.         0.         0.07746265 0.         0.39878689 0.
  0.         0.         0.         0.         0.10666667 0.
  0.         0.192      0.         0.43878689 0.35878689 0.
  0.         0.192      0.         0.         0.         0.
  0.         0.         0.         0.         0.09551002 0.08316811
  0.         0.         0.         0.         0.         0.
  0.         0.192      0.192      0.         0.         0.
  0.         0.         0.         0.         0.         0.
  0.09551002 0.09551002 0.         0.         0.         0.
  0.         0.         0.         0.         0.         0.06761735
  0.192      0.         0.         0.         0.         0.
  0.        ]]"
"[[0.         0.         0.         0.         0.         0.
  0.         0.         0.         0.         0.         0.
  0.         0.         0.         0.         0.         0.16901401
  0.         0.         0.         0.         0.         0.
  0.         0.         0.         0.         0.         0.8
  0.         0.         0.         0.         0.         0.
  0.         0.         0.         0.         0.         0.
  0.         0.         0.         0.         0.         0.
  0.         0.         0.         0.         0.         0.
  0.         0.         0.         0.         0.         0.
  0.         0.11267601 0.         0.         0.         0.
  0.         0.         0.         0.         0.         0.
  0.         0.         0.         0.         0.         0.
  0.         0.         0.         0.         0.         0.
  0.         0.         0.         0.         0.         0.
  0.         0.         0.         0.         0.         0.
  0.         0.         0.         0.         0.         0.
  0.         0.07880267 1.         0.         0.         0.
  0.         0.         0.         0.11940134 0.03638861 0.
  0.03638861 0.         0.         0.07458022 0.         0.07458022
  0.         0.         0.         0.         0.         0.
  0.         0.         0.         0.         0.         0.
  0.         0.         0.         0.         0.         0.
  0.         0.         0.         0.         0.         0.
  0.         0.         0.         0.         0.         0.
  0.         0.16901401 0.         0.         0.         0.11940134
  0.         0.         0.         0.         0.         0.
  0.         0.         0.03638861 0.         0.16       0.
  0.         0.         0.16901401 0.         0.         0.
  0.         0.         0.         0.         0.         0.
  0.         0.         0.         0.         0.         0.
  0.         0.         0.         0.         0.         0.
  0.         0.         0.         0.         0.         0.32
  0.         0.         0.         0.         0.         0.
  0.         0.         0.         0.         0.         0.
  0.         0.         0.         0.         0.         0.
  0.         0.         0.         0.11940134 0.8        0.
  0.         0.         0.03820401 0.         0.         0.
  0.         0.         0.         0.         0.         0.
  0.         0.         0.         0.         0.         0.
  0.         0.         0.         0.         0.03820401 0.
  0.         0.         0.         0.         0.         0.056338
  0.         0.         0.         0.         0.         0.11267601
  0.         0.         0.         0.         0.11940134 0.
  0.         0.         0.         0.         0.         0.
  0.         0.         0.         0.         0.         0.
  0.         0.         0.         0.         0.         0.
  0.         0.         0.         0.         0.         0.
  0.         0.06526978 0.         0.         0.         0.
  0.         0.         0.         0.         0.         0.
  0.         0.         0.         0.         0.         0.07819484
  0.         0.02157087 0.         0.         0.         0.
  0.         0.         0.         0.         0.         0.
  0.         0.         0.         0.04132786 0.         0.
  0.         0.         0.         0.         0.         0.
  0.         0.         0.         0.         0.         0.
  0.         0.         0.         0.11940134 0.         0.
  0.         0.11940134 0.         0.         0.         0.
  0.03638861 0.         0.         0.         0.         0.
  0.         0.         0.         0.         0.         0.
  0.         0.         0.         0.         0.         0.11940134
  0.         0.         0.         0.         0.         0.
  0.         0.         0.         0.         0.         0.
  0.         0.         0.         0.11940134 0.         0.07880267
  0.         0.         0.         0.         0.02365807 0.
  0.11940134 0.         0.02157087 0.02157087 0.8        0.
  0.         0.         0.         0.         0.         0.
  0.         0.         0.08450701 0.         0.07880267 0.
  0.         0.         0.         0.         0.32       0.
  0.         0.         0.         0.11940134 0.03820401 0.
  0.         0.         0.         0.         0.         0.
  0.         0.         0.         0.         0.         0.17062372
  0.         0.         0.         0.         0.         0.
  0.         0.         0.         0.         0.         0.
  0.         0.         0.         0.         0.         0.
  0.         0.         0.         0.         0.         0.
  0.         0.         0.         0.         0.         0.04978639
  0.         0.         0.         0.         0.         0.
  0.        ]]"
"[[0.         0.         0.         0.         0.         0.
  0.         0.         0.         0.         0.         0.
  0.         0.         0.         0.         0.         0.
  0.         0.         0.         0.         0.         0.
  0.         0.128      0.         0.         0.         0.
  0.         0.         0.29866667 0.         0.         0.
  0.         0.         0.         0.         0.         0.
  0.         0.         0.         0.         0.         0.
  0.         0.         0.         0.256      0.         0.
  0.         0.         0.         0.8        0.         0.
  0.         0.         0.         0.2048     0.64       0.
  0.         0.         0.         0.         0.29866667 0.
  0.256      0.         0.         0.256      0.         0.
  0.64       0.         0.         0.         0.         0.
  0.8        0.64       0.         0.         0.         0.
  0.         0.         0.         0.         0.         0.64
  0.         0.256      0.         0.         0.         0.
  0.         0.         0.         1.         0.         0.
  0.         0.         0.         0.         0.         0.
  0.         0.64       0.         0.         0.         0.
  0.         0.         0.         0.         0.         0.
  0.         0.         0.         0.128      0.         0.
  0.         0.         0.         0.         0.         0.
  0.         0.         0.         0.         0.         0.
  0.         0.         0.         0.         0.         0.
  0.         0.         0.         0.         0.         0.
  0.         0.         0.         0.         0.         0.
  0.         0.         0.         0.         0.         0.
  0.         0.         0.         0.         0.         0.
  0.         0.         0.         0.         0.8        0.
  0.         0.         0.         0.         0.         0.
  0.         0.         0.         0.         0.         0.
  0.         0.8        0.         0.         0.         0.
  0.         0.128      0.         0.         0.         0.
  0.         0.2048     0.         0.         0.         0.
  0.         0.         0.         0.64       0.         0.
  0.         0.04266667 0.         0.         0.         0.
  0.         0.         0.         0.         0.         0.
  0.         0.         0.2048     0.         0.         0.04266667
  0.         0.         0.         0.8        0.         0.
  0.         0.         0.         0.         0.         0.
  0.         0.         0.         0.         0.         0.
  0.         0.         0.         0.         0.         0.
  0.         0.         0.         0.         0.         0.
  0.         0.         0.         0.         0.         0.8
  0.         0.         0.         0.         0.2048     0.
  0.         0.         0.         0.64       0.         0.
  0.         0.         0.         0.         0.         0.
  0.         0.         0.8        0.         0.         0.
  0.04266667 0.         0.         0.         0.         0.29866667
  0.         0.         0.         0.8        0.         0.
  0.         0.         0.         0.         0.8        0.
  0.         0.         0.         0.         0.         0.
  0.         0.         0.         0.         0.         0.
  0.         0.         0.         0.         0.29866667 0.
  0.         0.         0.         0.         0.04266667 0.
  0.         0.         0.         0.         0.         0.
  0.         0.         0.         0.256      0.         0.
  0.         0.         0.         0.         0.         0.
  0.         0.         0.         0.         0.         0.
  0.         0.         0.8        0.         0.256      0.
  0.         0.         0.8        0.         0.         0.
  0.         0.         0.         0.         0.         0.
  0.         0.         0.         0.         0.         0.
  0.         0.256      0.         0.2048     0.         0.
  0.         0.         0.         0.         0.         0.8
  0.         0.         0.         0.         0.         0.
  0.         0.         0.         0.2048     0.         0.8
  0.         0.         0.         0.         0.         0.
  0.         0.         0.         0.         0.         0.
  0.         0.         0.         0.         0.         0.
  0.         0.         0.         0.64       0.         0.
  0.         0.         0.         0.8        0.         0.
  0.         0.         0.         0.         0.         0.
  0.8        0.8        0.         0.         0.         0.
  0.         0.         0.         0.         0.         0.
  0.         0.         0.         0.         0.8        0.
  0.         0.8        0.2048     0.256      0.         0.
  0.        ]]"
"[[0.         0.         0.         0.         0.         0.
  0.         0.         0.         0.         0.         0.
  0.         0.         0.         0.256      0.         0.09014012
  0.         0.         0.         0.         0.         0.
  0.         0.         0.256      0.256      0.         0.
  0.256      0.         0.         0.         0.         0.
  0.         0.         0.         0.256      0.         0.
  0.         0.256      0.         0.         0.         0.
  0.         0.         0.256      0.         0.         0.
  0.         0.64       0.         0.         0.         0.
  0.64       0.34253503 0.256      0.         0.         0.
  0.         0.         0.         0.         0.         0.8
  0.         0.         0.256      0.         0.         0.
  0.         0.         0.         0.         0.         0.
  0.         0.         0.         0.         0.         0.
  0.         0.64       0.         0.         0.         0.
  0.         0.         0.64       0.         0.         0.
  0.         0.09551002 0.         0.         1.         0.
  0.         0.         0.         0.09551002 0.04868355 0.
  0.04868355 0.         0.         0.06248139 0.         0.06248139
  0.         0.         0.         0.         0.         0.64
  0.         0.256      0.         0.         0.         0.
  0.         0.         0.         0.         0.         0.8
  0.64       0.         0.         0.         0.         0.
  0.64       0.         0.         0.256      0.         0.
  0.         0.09014012 0.         0.         0.         0.09551002
  0.256      0.         0.         0.64       0.         0.
  0.         0.         0.04868355 0.         0.         0.
  0.256      0.         0.09014012 0.256      0.         0.
  0.         0.         0.         0.         0.         0.
  0.         0.64       0.         0.         0.         0.
  0.72       0.         0.256      0.         0.         0.
  0.         0.         0.256      0.         0.         0.
  0.64       0.         0.         0.         0.         0.8
  0.         0.         0.         0.         0.         0.
  0.         0.         0.         0.         0.         0.
  0.64       0.         0.         0.09551002 0.         0.
  0.         0.64       0.09551002 0.32       0.         0.
  0.64       0.         0.         0.         0.         0.
  0.         0.8        0.64       0.         0.         0.256
  0.         0.256      0.         0.64       0.09551002 0.
  0.         0.         0.         0.         0.         0.24338004
  0.         0.256      0.         0.         0.         0.34253503
  0.8        0.         0.         0.256      0.03183667 0.
  0.         0.         0.         0.256      0.256      0.
  0.         0.         0.         0.         0.         0.
  0.         0.         0.         0.         0.         0.
  0.         0.         0.8        0.         0.         0.64
  0.256      0.09551002 0.         0.         0.         0.8
  0.         0.         0.         0.         0.         0.
  0.256      0.         0.         0.         0.         0.02645056
  0.         0.03295268 0.         0.         0.         0.
  0.         0.         0.256      0.         0.8        0.256
  0.         0.         0.256      0.05392717 0.256      0.
  0.         0.         0.256      0.         0.         0.
  0.         0.         0.64       0.         0.         0.
  0.64       0.         0.         0.09551002 0.64       0.
  0.         0.09551002 0.         0.         0.         0.
  0.04868355 0.         0.         0.         0.8        0.64
  0.256      0.         0.64       0.         0.64       0.256
  0.64       0.         0.         0.         0.         0.09551002
  0.64       0.         0.         0.         0.         0.8
  0.         0.         0.8        0.256      0.64       0.64
  0.         0.         0.64       0.09551002 0.         0.09551002
  0.         0.         0.8        0.         0.04408427 0.
  0.09551002 0.         0.03295268 0.03295268 0.         0.
  0.         0.         0.         0.256      0.         0.
  0.         0.         0.36507006 0.         0.09551002 0.
  0.         0.         0.         0.         0.         0.
  0.         0.256      0.         0.09551002 0.09551002 0.
  0.         0.256      0.         0.         0.         0.
  0.         0.         0.         0.         0.64       0.40788717
  0.         0.         0.         0.         0.         0.
  0.         0.256      0.256      0.         0.         0.
  0.         0.         0.         0.         0.         0.
  0.64       0.64       0.         0.         0.         0.
  0.         0.         0.         0.         0.         0.06102698
  0.256      0.         0.         0.         0.         0.
  0.        ]]"
"[[0.         0.         0.         0.         0.         0.
  0.         0.         0.         0.         0.         0.
  0.         0.         0.         0.         0.         0.
  0.         0.27655418 0.33394521 0.         0.29836971 0.
  0.         0.         0.         0.         0.         0.
  0.         0.         0.         0.30992325 0.         0.
  0.         0.         0.         0.         0.         0.22463362
  0.15079204 0.         0.         0.         0.         0.
  0.         0.         0.         0.         0.         0.
  0.         0.         0.         0.         0.         0.
  0.         0.         0.         0.         0.         0.
  0.         0.         0.33929646 0.         0.         0.
  0.         0.         0.         0.         0.         0.
  0.         0.         0.         0.         0.         0.
  0.         0.         0.         0.         0.         0.
  0.35854428 0.         0.15099851 0.         0.21471581 0.
  0.         0.         0.         0.         0.         0.
  0.         0.         0.         0.         0.         1.
  0.         0.         0.         0.         0.         0.
  0.         0.         0.         0.         0.         0.
  0.         0.         0.         0.         0.         0.
  0.         0.         0.         0.         0.         0.
  0.         0.         0.         0.41628774 0.         0.
  0.         0.         0.         0.         0.         0.
  0.         0.         0.         0.         0.         0.
  0.15267224 0.         0.         0.         0.         0.
  0.         0.         0.         0.         0.         0.
  0.         0.         0.         0.34140623 0.         0.
  0.         0.         0.         0.         0.         0.
  0.         0.         0.         0.         0.         0.
  0.         0.         0.         0.         0.         0.
  0.         0.         0.         0.         0.         0.
  0.         0.         0.         0.         0.         0.
  0.         0.         0.         0.         0.14892288 0.
  0.         0.         0.         0.         0.         0.
  0.         0.         0.         0.         0.         0.
  0.         0.         0.         0.         0.         0.
  0.         0.         0.         0.         0.         0.
  0.         0.         0.         0.         0.         0.
  0.         0.         0.         0.         0.         0.
  0.         0.         0.         0.         0.         0.
  0.         0.         0.         0.         0.         0.
  0.         0.         0.         0.         0.         0.
  0.         0.         0.         0.         0.         0.
  0.         0.         0.         0.         0.         0.
  0.         0.14703165 0.         0.         0.         0.15126938
  0.         0.         0.         0.         0.         0.
  0.         0.         0.         0.         0.         0.
  0.         0.         0.         0.         0.         0.
  0.         0.         0.         0.         0.         0.
  0.         0.         0.         0.         0.         0.
  0.         0.         0.         0.         0.         0.
  0.         0.         0.         0.         0.         0.
  0.         0.15254712 0.         0.         0.         0.
  0.         0.150781   0.         0.         0.         0.15208324
  0.         0.         0.         0.         0.         0.
  0.         0.         0.         0.         0.         0.
  0.         0.         0.         0.         0.         0.
  0.         0.         0.         0.         0.         0.
  0.         0.         0.         0.         0.         0.
  0.         0.         0.         0.         0.         0.
  0.         0.36381632 0.         0.         0.         0.
  0.         0.         0.         0.         0.         0.
  0.         0.         0.         0.         0.         0.
  0.14881206 0.         0.         0.         0.         0.
  0.         0.         0.         0.         0.         0.
  0.         0.         0.         0.         0.         0.
  0.         0.         0.         0.         0.         0.
  0.         0.         0.         0.         0.         0.
  0.         0.         0.         0.         0.         0.
  0.41628774 0.         0.         0.         0.         0.
  0.         0.         0.         0.         0.         0.
  0.         0.         0.         0.         0.         0.1560522
  0.         0.         0.         0.         0.         0.
  0.         0.         0.         0.         0.         0.
  0.         0.         0.         0.         0.         0.
  0.         0.         0.         0.         0.         0.
  0.         0.         0.         0.         0.         0.
  0.        ]]"
"[[0.         0.         0.         0.         0.         0.
  0.         0.         0.         0.         0.         0.
  0.         0.         0.         0.         0.         0.
  0.8        0.         0.         0.8        0.         0.
  0.         0.         0.         0.         0.18027303 0.
  0.         0.1714402  0.         0.         0.         0.
  0.         0.8        0.         0.         0.8        0.
  0.         0.         0.08535929 0.         0.         0.
  0.         0.         0.         0.         0.         0.
  0.         0.         0.         0.         0.12027214 0.
  0.         0.         0.         0.         0.         0.8
  0.         0.         0.         0.         0.         0.
  0.         0.         0.         0.         0.         0.
  0.         0.         0.8        0.8        0.12856171 0.
  0.         0.         0.         0.16985201 0.         0.8
  0.         0.         0.         0.         0.         0.
  0.8        0.         0.         0.8        0.         0.
  0.         0.         0.         0.         0.         0.
  1.         0.8        0.         0.         0.         0.
  0.         0.         0.         0.         0.         0.
  0.         0.         0.08526979 0.         0.         0.
  0.         0.         0.         0.         0.8        0.
  0.         0.         0.         0.         0.         0.
  0.         0.         0.         0.11346386 0.8        0.
  0.         0.         0.         0.         0.         0.
  0.         0.         0.         0.         0.         0.
  0.         0.         0.         0.         0.         0.8
  0.         0.         0.         0.         0.         0.8
  0.         0.         0.         0.         0.         0.
  0.         0.8        0.         0.         0.         0.
  0.         0.         0.         0.         0.         0.08535929
  0.         0.         0.         0.07191812 0.         0.
  0.         0.         0.         0.         0.         0.
  0.         0.         0.         0.         0.         0.
  0.8        0.         0.         0.         0.8        0.8
  0.         0.         0.         0.         0.         0.
  0.         0.         0.         0.         0.         0.
  0.         0.         0.         0.         0.         0.
  0.         0.         0.         0.         0.         0.
  0.         0.         0.         0.         0.         0.
  0.         0.         0.06428085 0.         0.         0.
  0.8        0.         0.         0.         0.8        0.
  0.         0.         0.12869422 0.         0.11497495 0.
  0.         0.         0.         0.         0.         0.
  0.         0.         0.         0.         0.         0.
  0.         0.         0.         0.         0.         0.
  0.         0.         0.         0.         0.         0.
  0.         0.         0.         0.         0.         0.
  0.         0.         0.         0.         0.8        0.
  0.         0.         0.         0.         0.         0.
  0.         0.         0.8        0.         0.08719264 0.
  0.8        0.         0.         0.         0.         0.
  0.         0.         0.         0.         0.         0.
  0.         0.         0.         0.         0.         0.
  0.         0.         0.         0.         0.         0.
  0.18027303 0.8        0.         0.         0.         0.
  0.         0.8        0.8        0.         0.         0.
  0.         0.         0.         0.         0.         0.
  0.         0.         0.8        0.         0.         0.
  0.         0.8        0.         0.         0.         0.
  0.         0.         0.         0.8        0.         0.
  0.         0.         0.         0.         0.         0.
  0.         0.         0.         0.         0.         0.
  0.08297931 0.         0.         0.         0.         0.
  0.         0.         0.         0.         0.         0.
  0.         0.8        0.         0.         0.         0.
  0.08630174 0.         0.         0.         0.8        0.8
  0.         0.         0.         0.         0.         0.
  0.         0.         0.         0.         0.         0.
  0.         0.         0.8        0.         0.         0.
  0.         0.         0.1714402  0.         0.         0.8
  0.         0.         0.8        0.         0.         0.
  0.         0.         0.09648754 0.         0.8        0.
  0.         0.         0.         0.         0.09648754 0.
  0.         0.         0.         0.         0.         0.
  0.         0.         0.         0.         0.         0.
  0.         0.09958583 0.         0.8        0.         0.
  0.         0.         0.         0.         0.11027147 0.
  0.        ]]"
"[[0.         0.         0.         0.         0.         0.
  0.         0.         0.         0.         0.         0.
  0.         0.         0.         0.         0.         0.
  0.8        0.         0.         0.8        0.         0.
  0.         0.         0.         0.         0.18027303 0.
  0.         0.1714402  0.         0.         0.         0.
  0.         0.8        0.         0.         0.8        0.
  0.         0.         0.08535929 0.         0.         0.
  0.         0.         0.         0.         0.         0.
  0.         0.         0.         0.         0.12027214 0.
  0.         0.         0.         0.         0.         0.8
  0.         0.         0.         0.         0.         0.
  0.         0.         0.         0.         0.         0.
  0.         0.         0.8        0.8        0.12856171 0.
  0.         0.         0.         0.16985201 0.         0.8
  0.         0.         0.         0.         0.         0.
  0.8        0.         0.         0.8        0.         0.
  0.         0.         0.         0.         0.         0.
  0.8        1.         0.         0.         0.         0.
  0.         0.         0.         0.         0.         0.
  0.         0.         0.08526979 0.         0.         0.
  0.         0.         0.         0.         0.8        0.
  0.         0.         0.         0.         0.         0.
  0.         0.         0.         0.11346386 0.8        0.
  0.         0.         0.         0.         0.         0.
  0.         0.         0.         0.         0.         0.
  0.         0.         0.         0.         0.         0.8
  0.         0.         0.         0.         0.         0.8
  0.         0.         0.         0.         0.         0.
  0.         0.8        0.         0.         0.         0.
  0.         0.         0.         0.         0.         0.08535929
  0.         0.         0.         0.07191812 0.         0.
  0.         0.         0.         0.         0.         0.
  0.         0.         0.         0.         0.         0.
  0.8        0.         0.         0.         0.8        0.8
  0.         0.         0.         0.         0.         0.
  0.         0.         0.         0.         0.         0.
  0.         0.         0.         0.         0.         0.
  0.         0.         0.         0.         0.         0.
  0.         0.         0.         0.         0.         0.
  0.         0.         0.06428085 0.         0.         0.
  0.8        0.         0.         0.         0.8        0.
  0.         0.         0.12869422 0.         0.11497495 0.
  0.         0.         0.         0.         0.         0.
  0.         0.         0.         0.         0.         0.
  0.         0.         0.         0.         0.         0.
  0.         0.         0.         0.         0.         0.
  0.         0.         0.         0.         0.         0.
  0.         0.         0.         0.         0.8        0.
  0.         0.         0.         0.         0.         0.
  0.         0.         0.8        0.         0.08719264 0.
  0.8        0.         0.         0.         0.         0.
  0.         0.         0.         0.         0.         0.
  0.         0.         0.         0.         0.         0.
  0.         0.         0.         0.         0.         0.
  0.18027303 0.8        0.         0.         0.         0.
  0.         0.8        0.8        0.         0.         0.
  0.         0.         0.         0.         0.         0.
  0.         0.         0.8        0.         0.         0.
  0.         0.8        0.         0.         0.         0.
  0.         0.         0.         0.8        0.         0.
  0.         0.         0.         0.         0.         0.
  0.         0.         0.         0.         0.         0.
  0.08297931 0.         0.         0.         0.         0.
  0.         0.         0.         0.         0.         0.
  0.         0.8        0.         0.         0.         0.
  0.08630174 0.         0.         0.         0.8        0.8
  0.         0.         0.         0.         0.         0.
  0.         0.         0.         0.         0.         0.
  0.         0.         0.8        0.         0.         0.
  0.         0.         0.1714402  0.         0.         0.8
  0.         0.         0.8        0.         0.         0.
  0.         0.         0.09648754 0.         0.8        0.
  0.         0.         0.         0.         0.09648754 0.
  0.         0.         0.         0.         0.         0.
  0.         0.         0.         0.         0.         0.
  0.         0.09958583 0.         0.8        0.         0.
  0.         0.         0.         0.         0.11027147 0.
  0.        ]]"
"[[0.         0.         0.         0.         0.         0.
  0.         0.         0.         0.         0.         0.
  0.         0.         0.44519629 0.         0.34109358 0.
  0.         0.         0.         0.         0.         0.30504223
  0.         0.         0.         0.         0.         0.
  0.         0.         0.         0.         0.16722223 0.19688817
  0.8        0.         0.         0.         0.         0.
  0.         0.         0.         0.         0.35217833 0.44519629
  0.49844408 0.44519629 0.         0.         0.16722223 0.31392908
  0.19688817 0.         0.21882826 0.         0.         0.27036244
  0.         0.         0.         0.         0.         0.
  0.44519629 0.         0.         0.         0.         0.
  0.         0.8        0.         0.         0.8        0.30559631
  0.         0.31392908 0.         0.         0.         0.32104223
  0.         0.         0.48069482 0.         0.         0.
  0.         0.         0.         0.8        0.         0.
  0.         0.         0.         0.         0.44519629 0.19688817
  0.27244033 0.         0.         0.         0.         0.
  0.         0.         1.         0.         0.         0.8
  0.         0.         0.35217833 0.         0.         0.
  0.26934124 0.44519629 0.         0.8        0.         0.
  0.19803805 0.         0.21273726 0.         0.         0.33661028
  0.23367679 0.19803805 0.         0.         0.         0.
  0.         0.34800769 0.30330801 0.         0.         0.44519629
  0.         0.19803805 0.25181577 0.         0.44519629 0.44519629
  0.         0.         0.22385962 0.8        0.30559631 0.
  0.         0.23221395 0.2088635  0.         0.         0.
  0.30030989 0.44519629 0.         0.         0.         0.
  0.         0.15772201 0.         0.         0.35121833 0.44519629
  0.8        0.         0.32270512 0.8        0.         0.25781531
  0.8        0.         0.33221926 0.2599427  0.8        0.
  0.         0.         0.         0.         0.         0.28911228
  0.27976745 0.         0.         0.         0.35217833 0.
  0.         0.         0.         0.19688817 0.         0.
  0.         0.         0.44519629 0.44519629 0.         0.
  0.25335758 0.8        0.44519629 0.         0.3007382  0.
  0.         0.         0.8        0.         0.         0.
  0.53988372 0.         0.         0.         0.         0.30559631
  0.         0.44519629 0.         0.16722223 0.23221395 0.
  0.19688817 0.         0.         0.         0.         0.
  0.         0.         0.         0.         0.         0.30559631
  0.         0.22204062 0.44519629 0.30330801 0.         0.
  0.8        0.         0.         0.         0.         0.
  0.         0.19688817 0.         0.         0.         0.
  0.30559631 0.         0.44519629 0.         0.         0.
  0.         0.         0.30330801 0.44519629 0.         0.
  0.30030989 0.         0.8        0.         0.26506675 0.8
  0.19688817 0.16938025 0.         0.         0.23221395 0.
  0.         0.         0.         0.8        0.         0.
  0.         0.3976032  0.         0.4551134  0.         0.
  0.         0.32104223 0.         0.         0.         0.
  0.         0.         0.44519629 0.19803805 0.         0.44519629
  0.19688817 0.18448348 0.         0.19803805 0.         0.
  0.32270512 0.         0.         0.         0.         0.26945262
  0.23880605 0.         0.         0.8        0.         0.
  0.         0.         0.         0.         0.         0.23221395
  0.         0.         0.         0.         0.         0.38318432
  0.         0.         0.         0.         0.23220332 0.
  0.         0.         0.         0.26890513 0.         0.
  0.         0.         0.         0.27976745 0.         0.
  0.         0.         0.         0.         0.         0.
  0.         0.         0.         0.8        0.         0.
  0.44519629 0.44519629 0.         0.         0.         0.
  0.         0.27067282 0.         0.         0.         0.
  0.         0.         0.         0.         0.         0.44519629
  0.         0.         0.         0.         0.         0.
  0.         0.         0.         0.         0.         0.
  0.31138062 0.         0.         0.         0.         0.
  0.19803805 0.         0.2509652  0.         0.         0.22037888
  0.30330801 0.         0.         0.         0.         0.
  0.         0.         0.         0.44519629 0.53988372 0.
  0.19803805 0.30504223 0.         0.         0.         0.
  0.8        0.         0.         0.         0.         0.
  0.30330801 0.         0.         0.19688817 0.         0.
  0.         0.         0.         0.         0.8        0.49844408
  0.         0.         0.         0.8        0.8        0.
  0.8        0.         0.44519629 0.         0.         0.
  0.         0.         0.         0.         0.         0.
  0.        ]]"
"[[0.         0.         0.         0.         0.         0.
  0.         0.         0.         0.         0.         0.
  0.         0.         0.         0.21333333 0.         0.04621189
  0.         0.         0.         0.         0.         0.
  0.         0.         0.21333333 0.21333333 0.         0.11940134
  0.21333333 0.         0.         0.         0.         0.
  0.         0.         0.         0.21333333 0.         0.
  0.         0.21333333 0.         0.         0.         0.
  0.         0.         0.21333333 0.         0.         0.
  0.         0.09551002 0.         0.         0.         0.
  0.09551002 0.09078023 0.21333333 0.         0.         0.
  0.         0.         0.         0.         0.         0.09551002
  0.         0.         0.21333333 0.         0.         0.
  0.         0.         0.         0.         0.         0.
  0.         0.         0.         0.         0.         0.
  0.         0.09551002 0.         0.         0.         0.
  0.         0.         0.09551002 0.         0.         0.
  0.         0.43878689 0.11940134 0.         0.09551002 0.
  0.         0.         0.         1.         0.05117994 0.
  0.05117994 0.         0.         0.09494043 0.         0.09494043
  0.         0.         0.         0.         0.         0.09551002
  0.         0.21333333 0.         0.         0.         0.
  0.         0.         0.         0.         0.         0.09551002
  0.09551002 0.         0.         0.         0.         0.
  0.09551002 0.         0.         0.21333333 0.         0.
  0.         0.04621189 0.         0.         0.         0.8
  0.21333333 0.         0.         0.09551002 0.         0.
  0.         0.         0.05117994 0.         0.10666667 0.
  0.21333333 0.         0.04621189 0.21333333 0.         0.
  0.         0.         0.         0.         0.         0.
  0.         0.09551002 0.         0.         0.         0.
  0.09551002 0.         0.21333333 0.         0.         0.
  0.         0.         0.21333333 0.         0.         0.21333333
  0.09551002 0.         0.         0.         0.         0.09551002
  0.         0.         0.         0.         0.         0.
  0.         0.         0.         0.         0.         0.
  0.09551002 0.         0.         0.8        0.11940134 0.
  0.         0.09551002 0.07757377 0.04775501 0.         0.
  0.09551002 0.         0.         0.         0.         0.
  0.         0.09551002 0.09551002 0.         0.         0.21333333
  0.         0.21333333 0.         0.09551002 0.07757377 0.
  0.         0.         0.         0.         0.         0.04724064
  0.         0.21333333 0.         0.         0.         0.09078023
  0.09551002 0.         0.         0.21333333 0.09696904 0.
  0.         0.         0.         0.21333333 0.21333333 0.
  0.         0.         0.         0.         0.         0.
  0.         0.         0.         0.         0.         0.
  0.         0.         0.09551002 0.         0.         0.09551002
  0.21333333 0.31838252 0.         0.         0.         0.09551002
  0.         0.         0.         0.         0.         0.
  0.21333333 0.         0.         0.         0.         0.06462253
  0.         0.0277926  0.         0.         0.         0.
  0.         0.         0.21333333 0.         0.09551002 0.21333333
  0.         0.         0.21333333 0.05897572 0.21333333 0.
  0.         0.         0.21333333 0.         0.         0.
  0.         0.         0.09551002 0.         0.         0.
  0.09551002 0.         0.         0.8        0.09551002 0.
  0.         0.8        0.         0.         0.         0.
  0.05117994 0.         0.         0.         0.09551002 0.09551002
  0.21333333 0.         0.09551002 0.         0.09551002 0.21333333
  0.09551002 0.         0.         0.         0.         0.8
  0.09551002 0.         0.         0.         0.         0.09551002
  0.         0.         0.09551002 0.21333333 0.09551002 0.09551002
  0.         0.         0.09551002 0.8        0.         0.43878689
  0.         0.         0.09551002 0.         0.03659311 0.
  0.8        0.         0.0277926  0.0277926  0.11940134 0.
  0.         0.         0.         0.21333333 0.         0.
  0.         0.         0.07086095 0.         0.43878689 0.
  0.         0.         0.         0.         0.21333333 0.
  0.         0.21333333 0.         0.8        0.07757377 0.
  0.         0.21333333 0.         0.         0.         0.
  0.         0.         0.         0.         0.09551002 0.09052911
  0.         0.         0.         0.         0.         0.
  0.         0.21333333 0.21333333 0.         0.         0.
  0.         0.         0.         0.         0.         0.
  0.09551002 0.09551002 0.         0.         0.         0.
  0.         0.         0.         0.         0.         0.07142535
  0.21333333 0.         0.         0.         0.         0.
  0.        ]]"
"[[0.         0.         0.         0.         0.         0.
  0.         0.         0.         0.         0.         0.
  0.         0.         0.         0.07893333 0.         0.03952859
  0.         0.         0.         0.         0.         0.
  0.         0.         0.07893333 0.07893333 0.         0.03638861
  0.07893333 0.         0.         0.         0.         0.
  0.         0.         0.         0.07893333 0.         0.
  0.         0.07893333 0.         0.         0.         0.
  0.         0.         0.07893333 0.         0.         0.
  0.         0.04868355 0.         0.         0.         0.
  0.04868355 0.04111598 0.07893333 0.         0.         0.
  0.         0.         0.         0.         0.         0.04868355
  0.         0.         0.07893333 0.         0.         0.
  0.         0.         0.         0.         0.         0.
  0.         0.         0.         0.         0.         0.
  0.         0.04868355 0.         0.         0.         0.
  0.         0.         0.04868355 0.         0.         0.
  0.         0.05457738 0.03638861 0.         0.04868355 0.
  0.         0.         0.         0.05117994 1.         0.
  0.37197244 0.         0.         0.30852338 0.         0.30852338
  0.         0.         0.         0.         0.         0.04868355
  0.         0.07893333 0.         0.         0.         0.
  0.         0.         0.         0.         0.         0.04868355
  0.04868355 0.         0.         0.         0.         0.
  0.04868355 0.         0.         0.07893333 0.         0.
  0.         0.03952859 0.         0.         0.         0.05117994
  0.07893333 0.         0.         0.04868355 0.         0.
  0.         0.         0.37197244 0.         0.016      0.
  0.07893333 0.         0.03952859 0.07893333 0.         0.
  0.         0.         0.         0.         0.         0.
  0.         0.04868355 0.         0.         0.         0.
  0.04868355 0.         0.07893333 0.         0.         0.
  0.         0.         0.07893333 0.         0.         0.032
  0.04868355 0.         0.         0.         0.         0.04868355
  0.         0.         0.         0.         0.         0.
  0.         0.         0.         0.         0.         0.
  0.04868355 0.         0.         0.05117994 0.03638861 0.
  0.         0.04868355 0.05797481 0.02434177 0.         0.
  0.04868355 0.         0.         0.         0.         0.
  0.         0.04868355 0.04868355 0.         0.         0.07893333
  0.         0.07893333 0.         0.04868355 0.05797481 0.
  0.         0.         0.         0.         0.         0.02940405
  0.         0.07893333 0.         0.         0.         0.04111598
  0.04868355 0.         0.         0.07893333 0.0299916  0.
  0.         0.         0.         0.07893333 0.07893333 0.
  0.         0.         0.         0.         0.         0.
  0.         0.         0.         0.         0.         0.
  0.         0.         0.04868355 0.         0.         0.04868355
  0.07893333 0.05570985 0.         0.         0.         0.04868355
  0.         0.         0.         0.         0.         0.
  0.07893333 0.         0.         0.         0.         0.24227328
  0.         0.39256486 0.         0.         0.         0.
  0.         0.         0.07893333 0.         0.04868355 0.07893333
  0.         0.         0.07893333 0.3651083  0.07893333 0.
  0.         0.         0.07893333 0.         0.         0.
  0.         0.         0.04868355 0.         0.         0.
  0.04868355 0.         0.         0.05117994 0.04868355 0.
  0.         0.05117994 0.         0.         0.         0.
  0.37197244 0.         0.         0.         0.04868355 0.04868355
  0.07893333 0.         0.04868355 0.         0.04868355 0.07893333
  0.04868355 0.         0.         0.         0.         0.05117994
  0.04868355 0.         0.         0.         0.         0.04868355
  0.         0.         0.04868355 0.07893333 0.04868355 0.04868355
  0.         0.         0.04868355 0.05117994 0.         0.05457738
  0.         0.         0.04868355 0.         0.39312213 0.
  0.05117994 0.         0.39256486 0.39256486 0.03638861 0.
  0.         0.         0.         0.07893333 0.         0.
  0.         0.         0.04410607 0.         0.05457738 0.
  0.         0.         0.         0.         0.032      0.
  0.         0.07893333 0.         0.05117994 0.05797481 0.
  0.         0.07893333 0.         0.         0.         0.
  0.         0.         0.         0.         0.04868355 0.04345711
  0.         0.         0.         0.         0.         0.
  0.         0.07893333 0.07893333 0.         0.         0.
  0.         0.         0.         0.         0.         0.
  0.04868355 0.04868355 0.         0.         0.         0.
  0.         0.         0.         0.         0.         0.34495918
  0.07893333 0.         0.         0.         0.         0.
  0.        ]]"
"[[0.         0.         0.         0.         0.         0.
  0.         0.         0.         0.         0.         0.
  0.         0.         0.44519629 0.         0.34109358 0.
  0.         0.         0.         0.         0.         0.30504223
  0.         0.         0.         0.         0.         0.
  0.         0.         0.         0.         0.16722223 0.19688817
  0.8        0.         0.         0.         0.         0.
  0.         0.         0.         0.         0.35217833 0.44519629
  0.49844408 0.44519629 0.         0.         0.16722223 0.31392908
  0.19688817 0.         0.21882826 0.         0.         0.27036244
  0.         0.         0.         0.         0.         0.
  0.44519629 0.         0.         0.         0.         0.
  0.         0.8        0.         0.         0.8        0.30559631
  0.         0.31392908 0.         0.         0.         0.32104223
  0.         0.         0.48069482 0.         0.         0.
  0.         0.         0.         0.8        0.         0.
  0.         0.         0.         0.         0.44519629 0.19688817
  0.27244033 0.         0.         0.         0.         0.
  0.         0.         0.8        0.         0.         1.
  0.         0.         0.35217833 0.         0.         0.
  0.26934124 0.44519629 0.         0.8        0.         0.
  0.19803805 0.         0.21273726 0.         0.         0.33661028
  0.23367679 0.19803805 0.         0.         0.         0.
  0.         0.34800769 0.30330801 0.         0.         0.44519629
  0.         0.19803805 0.25181577 0.         0.44519629 0.44519629
  0.         0.         0.22385962 0.8        0.30559631 0.
  0.         0.23221395 0.2088635  0.         0.         0.
  0.30030989 0.44519629 0.         0.         0.         0.
  0.         0.15772201 0.         0.         0.35121833 0.44519629
  0.8        0.         0.32270512 0.8        0.         0.25781531
  0.8        0.         0.33221926 0.2599427  0.8        0.
  0.         0.         0.         0.         0.         0.28911228
  0.27976745 0.         0.         0.         0.35217833 0.
  0.         0.         0.         0.19688817 0.         0.
  0.         0.         0.44519629 0.44519629 0.         0.
  0.25335758 0.8        0.44519629 0.         0.3007382  0.
  0.         0.         0.8        0.         0.         0.
  0.53988372 0.         0.         0.         0.         0.30559631
  0.         0.44519629 0.         0.16722223 0.23221395 0.
  0.19688817 0.         0.         0.         0.         0.
  0.         0.         0.         0.         0.         0.30559631
  0.         0.22204062 0.44519629 0.30330801 0.         0.
  0.8        0.         0.         0.         0.         0.
  0.         0.19688817 0.         0.         0.         0.
  0.30559631 0.         0.44519629 0.         0.         0.
  0.         0.         0.30330801 0.44519629 0.         0.
  0.30030989 0.         0.8        0.         0.26506675 0.8
  0.19688817 0.16938025 0.         0.         0.23221395 0.
  0.         0.         0.         0.8        0.         0.
  0.         0.3976032  0.         0.4551134  0.         0.
  0.         0.32104223 0.         0.         0.         0.
  0.         0.         0.44519629 0.19803805 0.         0.44519629
  0.19688817 0.18448348 0.         0.19803805 0.         0.
  0.32270512 0.         0.         0.         0.         0.26945262
  0.23880605 0.         0.         0.8        0.         0.
  0.         0.         0.         0.         0.         0.23221395
  0.         0.         0.         0.         0.         0.38318432
  0.         0.         0.         0.         0.23220332 0.
  0.         0.         0.         0.26890513 0.         0.
  0.         0.         0.         0.27976745 0.         0.
  0.         0.         0.         0.         0.         0.
  0.         0.         0.         0.8        0.         0.
  0.44519629 0.44519629 0.         0.         0.         0.
  0.         0.27067282 0.         0.         0.         0.
  0.         0.         0.         0.         0.         0.44519629
  0.         0.         0.         0.         0.         0.
  0.         0.         0.         0.         0.         0.
  0.31138062 0.         0.         0.         0.         0.
  0.19803805 0.         0.2509652  0.         0.         0.22037888
  0.30330801 0.         0.         0.         0.         0.
  0.         0.         0.         0.44519629 0.53988372 0.
  0.19803805 0.30504223 0.         0.         0.         0.
  0.8        0.         0.         0.         0.         0.
  0.30330801 0.         0.         0.19688817 0.         0.
  0.         0.         0.         0.         0.8        0.49844408
  0.         0.         0.         0.8        0.8        0.
  0.8        0.         0.44519629 0.         0.         0.
  0.         0.         0.         0.         0.         0.
  0.        ]]"
"[[0.         0.         0.         0.         0.         0.
  0.         0.         0.         0.         0.         0.
  0.         0.         0.         0.07893333 0.         0.03952859
  0.         0.         0.         0.         0.         0.
  0.         0.         0.07893333 0.07893333 0.         0.03638861
  0.07893333 0.         0.         0.         0.         0.
  0.         0.         0.         0.07893333 0.         0.
  0.         0.07893333 0.         0.         0.         0.
  0.         0.         0.07893333 0.         0.         0.
  0.         0.04868355 0.         0.         0.         0.
  0.04868355 0.04111598 0.07893333 0.         0.         0.
  0.         0.         0.         0.         0.         0.04868355
  0.         0.         0.07893333 0.         0.         0.
  0.         0.         0.         0.         0.         0.
  0.         0.         0.         0.         0.         0.
  0.         0.04868355 0.         0.         0.         0.
  0.         0.         0.04868355 0.         0.         0.
  0.         0.05457738 0.03638861 0.         0.04868355 0.
  0.         0.         0.         0.05117994 0.37197244 0.
  1.         0.         0.         0.30852338 0.         0.30852338
  0.         0.         0.         0.         0.         0.04868355
  0.         0.07893333 0.         0.         0.         0.
  0.         0.         0.         0.         0.         0.04868355
  0.04868355 0.         0.         0.         0.         0.
  0.04868355 0.         0.         0.07893333 0.         0.
  0.         0.03952859 0.         0.         0.         0.05117994
  0.07893333 0.         0.         0.04868355 0.         0.
  0.         0.         0.37197244 0.         0.016      0.
  0.07893333 0.         0.03952859 0.07893333 0.         0.
  0.         0.         0.         0.         0.         0.
  0.         0.04868355 0.         0.         0.         0.
  0.04868355 0.         0.07893333 0.         0.         0.
  0.         0.         0.07893333 0.         0.         0.032
  0.04868355 0.         0.         0.         0.         0.04868355
  0.         0.         0.         0.         0.         0.
  0.         0.         0.         0.         0.         0.
  0.04868355 0.         0.         0.05117994 0.03638861 0.
  0.         0.04868355 0.05797481 0.02434177 0.         0.
  0.04868355 0.         0.         0.         0.         0.
  0.         0.04868355 0.04868355 0.         0.         0.07893333
  0.         0.07893333 0.         0.04868355 0.05797481 0.
  0.         0.         0.         0.         0.         0.02940405
  0.         0.07893333 0.         0.         0.         0.04111598
  0.04868355 0.         0.         0.07893333 0.0299916  0.
  0.         0.         0.         0.07893333 0.07893333 0.
  0.         0.         0.         0.         0.         0.
  0.         0.         0.         0.         0.         0.
  0.         0.         0.04868355 0.         0.         0.04868355
  0.07893333 0.05570985 0.         0.         0.         0.04868355
  0.         0.         0.         0.         0.         0.
  0.07893333 0.         0.         0.         0.         0.24227328
  0.         0.39256486 0.         0.         0.         0.
  0.         0.         0.07893333 0.         0.04868355 0.07893333
  0.         0.         0.07893333 0.3651083  0.07893333 0.
  0.         0.         0.07893333 0.         0.         0.
  0.         0.         0.04868355 0.         0.         0.
  0.04868355 0.         0.         0.05117994 0.04868355 0.
  0.         0.05117994 0.         0.         0.         0.
  0.37197244 0.         0.         0.         0.04868355 0.04868355
  0.07893333 0.         0.04868355 0.         0.04868355 0.07893333
  0.04868355 0.         0.         0.         0.         0.05117994
  0.04868355 0.         0.         0.         0.         0.04868355
  0.         0.         0.04868355 0.07893333 0.04868355 0.04868355
  0.         0.         0.04868355 0.05117994 0.         0.05457738
  0.         0.         0.04868355 0.         0.39312213 0.
  0.05117994 0.         0.39256486 0.39256486 0.03638861 0.
  0.         0.         0.         0.07893333 0.         0.
  0.         0.         0.04410607 0.         0.05457738 0.
  0.         0.         0.         0.         0.032      0.
  0.         0.07893333 0.         0.05117994 0.05797481 0.
  0.         0.07893333 0.         0.         0.         0.
  0.         0.         0.         0.         0.04868355 0.04345711
  0.         0.         0.         0.         0.         0.
  0.         0.07893333 0.07893333 0.         0.         0.
  0.         0.         0.         0.         0.         0.
  0.04868355 0.04868355 0.         0.         0.         0.
  0.         0.         0.         0.         0.         0.34495918
  0.07893333 0.         0.         0.         0.         0.
  0.        ]]"
"[[0.         0.         0.         0.         0.         0.
  0.         0.         0.         0.         0.         0.
  0.         0.         0.         0.         0.         0.
  0.         0.         0.         0.         0.         0.
  0.         0.128      0.         0.         0.         0.
  0.         0.         0.29866667 0.         0.         0.
  0.         0.         0.         0.         0.         0.
  0.         0.         0.         0.         0.         0.
  0.         0.         0.         0.256      0.         0.
  0.         0.         0.         0.64       0.         0.
  0.         0.         0.         0.2048     0.8        0.
  0.         0.         0.         0.         0.29866667 0.
  0.256      0.         0.         0.256      0.         0.
  0.8        0.         0.         0.         0.         0.
  0.64       0.8        0.         0.         0.         0.
  0.         0.         0.         0.         0.         0.8
  0.         0.256      0.         0.         0.         0.
  0.         0.         0.         0.64       0.         0.
  0.         0.         0.         0.         0.         0.
  0.         1.         0.         0.         0.         0.
  0.         0.         0.         0.         0.         0.
  0.         0.         0.         0.128      0.         0.
  0.         0.         0.         0.         0.         0.
  0.         0.         0.         0.         0.         0.
  0.         0.         0.         0.         0.         0.
  0.         0.         0.         0.         0.         0.
  0.         0.         0.         0.         0.         0.
  0.         0.         0.         0.         0.         0.
  0.         0.         0.         0.         0.         0.
  0.         0.         0.         0.         0.64       0.
  0.         0.         0.         0.         0.         0.
  0.         0.         0.         0.         0.         0.
  0.         0.64       0.         0.         0.         0.
  0.         0.128      0.         0.         0.         0.
  0.         0.2048     0.         0.         0.         0.
  0.         0.         0.         0.8        0.         0.
  0.         0.04266667 0.         0.         0.         0.
  0.         0.         0.         0.         0.         0.
  0.         0.         0.2048     0.         0.         0.04266667
  0.         0.         0.         0.64       0.         0.
  0.         0.         0.         0.         0.         0.
  0.         0.         0.         0.         0.         0.
  0.         0.         0.         0.         0.         0.
  0.         0.         0.         0.         0.         0.
  0.         0.         0.         0.         0.         0.64
  0.         0.         0.         0.         0.2048     0.
  0.         0.         0.         0.8        0.         0.
  0.         0.         0.         0.         0.         0.
  0.         0.         0.64       0.         0.         0.
  0.04266667 0.         0.         0.         0.         0.29866667
  0.         0.         0.         0.64       0.         0.
  0.         0.         0.         0.         0.64       0.
  0.         0.         0.         0.         0.         0.
  0.         0.         0.         0.         0.         0.
  0.         0.         0.         0.         0.29866667 0.
  0.         0.         0.         0.         0.04266667 0.
  0.         0.         0.         0.         0.         0.
  0.         0.         0.         0.256      0.         0.
  0.         0.         0.         0.         0.         0.
  0.         0.         0.         0.         0.         0.
  0.         0.         0.64       0.         0.256      0.
  0.         0.         0.64       0.         0.         0.
  0.         0.         0.         0.         0.         0.
  0.         0.         0.         0.         0.         0.
  0.         0.256      0.         0.2048     0.         0.
  0.         0.         0.         0.         0.         0.64
  0.         0.         0.         0.         0.         0.
  0.         0.         0.         0.2048     0.         0.64
  0.         0.         0.         0.         0.         0.
  0.         0.         0.         0.         0.         0.
  0.         0.         0.         0.         0.         0.
  0.         0.         0.         0.8        0.         0.
  0.         0.         0.         0.64       0.         0.
  0.         0.         0.         0.         0.         0.
  0.64       0.64       0.         0.         0.         0.
  0.         0.         0.         0.         0.         0.
  0.         0.         0.         0.         0.64       0.
  0.         0.64       0.2048     0.256      0.         0.
  0.        ]]"
"[[0.         0.         0.         0.         0.         0.
  0.         0.         0.         0.         0.         0.
  0.         0.         0.45409874 0.         0.32124058 0.
  0.         0.         0.         0.         0.         0.29481149
  0.         0.         0.         0.         0.         0.
  0.         0.         0.         0.         0.16743072 0.21552425
  0.35217833 0.         0.         0.         0.         0.
  0.         0.         0.         0.         0.53409874 0.45409874
  0.28385129 0.45409874 0.         0.         0.16743072 0.29819684
  0.21552425 0.         0.22839708 0.         0.         0.27026736
  0.         0.         0.         0.         0.         0.
  0.45409874 0.         0.         0.         0.         0.
  0.         0.35217833 0.         0.         0.35217833 0.28599258
  0.         0.29819684 0.         0.         0.         0.33481149
  0.         0.         0.34060044 0.         0.         0.
  0.         0.         0.         0.35217833 0.         0.
  0.         0.         0.         0.         0.45409874 0.21552425
  0.27054691 0.         0.         0.         0.         0.
  0.         0.         0.35217833 0.         0.         0.35217833
  0.         0.         1.         0.         0.         0.
  0.26979175 0.45409874 0.         0.35217833 0.         0.
  0.23804702 0.         0.21307569 0.         0.         0.43445512
  0.23636777 0.23804702 0.         0.         0.         0.
  0.         0.41887691 0.28244938 0.         0.         0.45409874
  0.         0.23804702 0.25397098 0.         0.45409874 0.45409874
  0.         0.         0.23355851 0.35217833 0.28599258 0.
  0.         0.23259321 0.21726081 0.         0.         0.
  0.28726291 0.45409874 0.         0.         0.         0.
  0.         0.15922306 0.         0.         0.38949491 0.45409874
  0.35217833 0.         0.30334598 0.35217833 0.         0.29615247
  0.35217833 0.         0.31242858 0.23972447 0.35217833 0.
  0.         0.         0.         0.         0.         0.27922137
  0.25837138 0.         0.         0.         0.53409874 0.
  0.         0.         0.         0.21552425 0.         0.
  0.         0.         0.45409874 0.53409874 0.         0.
  0.23744837 0.35217833 0.45409874 0.         0.28657526 0.
  0.         0.         0.35217833 0.         0.         0.
  0.30527485 0.         0.         0.         0.         0.28599258
  0.         0.45409874 0.         0.16743072 0.23259321 0.
  0.21552425 0.         0.         0.         0.         0.
  0.         0.         0.         0.         0.         0.28599258
  0.         0.21962042 0.45409874 0.28244938 0.         0.
  0.35217833 0.         0.         0.         0.         0.
  0.         0.21552425 0.         0.         0.         0.
  0.28599258 0.         0.53409874 0.         0.         0.
  0.         0.         0.28244938 0.45409874 0.         0.
  0.28726291 0.         0.35217833 0.         0.26712738 0.35217833
  0.21552425 0.18318956 0.         0.         0.23259321 0.
  0.         0.         0.         0.35217833 0.         0.
  0.         0.25698002 0.         0.29493996 0.         0.
  0.         0.33481149 0.         0.         0.         0.
  0.         0.         0.45409874 0.23804702 0.         0.45409874
  0.21552425 0.19885479 0.         0.23804702 0.         0.
  0.30334598 0.         0.         0.         0.         0.24588425
  0.24316314 0.         0.         0.35217833 0.         0.
  0.         0.         0.         0.         0.         0.23259321
  0.         0.         0.         0.         0.         0.50743207
  0.         0.         0.         0.         0.23515338 0.
  0.         0.         0.         0.25929289 0.         0.
  0.         0.         0.         0.25837138 0.         0.
  0.         0.         0.         0.         0.         0.
  0.         0.         0.         0.35217833 0.         0.
  0.45409874 0.45409874 0.         0.         0.         0.
  0.         0.27015105 0.         0.         0.         0.
  0.         0.         0.         0.         0.         0.45409874
  0.         0.         0.         0.         0.         0.
  0.         0.         0.         0.         0.         0.
  0.38348333 0.         0.         0.         0.         0.
  0.23804702 0.         0.25516787 0.         0.         0.22671488
  0.28244938 0.         0.         0.         0.         0.
  0.         0.         0.         0.53409874 0.30527485 0.
  0.23804702 0.29481149 0.         0.         0.         0.
  0.35217833 0.         0.         0.         0.         0.
  0.28244938 0.         0.         0.21552425 0.         0.
  0.         0.         0.         0.         0.35217833 0.28385129
  0.         0.         0.         0.35217833 0.35217833 0.
  0.35217833 0.         0.45409874 0.         0.         0.
  0.         0.         0.         0.         0.         0.
  0.        ]]"
"[[0.         0.         0.         0.         0.         0.
  0.         0.         0.         0.         0.         0.
  0.         0.         0.         0.128      0.         0.03384039
  0.         0.         0.         0.         0.         0.
  0.         0.         0.128      0.128      0.         0.07458022
  0.128      0.         0.         0.         0.         0.
  0.         0.         0.         0.128      0.         0.
  0.         0.128      0.         0.         0.         0.
  0.         0.         0.128      0.         0.         0.
  0.         0.06248139 0.         0.         0.         0.
  0.06248139 0.05939635 0.128      0.         0.         0.
  0.         0.         0.         0.         0.         0.06248139
  0.         0.         0.128      0.         0.         0.
  0.         0.         0.         0.         0.         0.
  0.         0.         0.         0.         0.         0.
  0.         0.06248139 0.         0.         0.         0.
  0.         0.         0.06248139 0.         0.         0.
  0.         0.07331213 0.07458022 0.         0.06248139 0.
  0.         0.         0.         0.09494043 0.30852338 0.
  0.30852338 0.         0.         1.         0.         0.8
  0.         0.         0.         0.         0.         0.06248139
  0.         0.128      0.         0.         0.         0.
  0.         0.         0.         0.         0.         0.06248139
  0.06248139 0.         0.         0.         0.         0.
  0.06248139 0.         0.         0.128      0.         0.
  0.         0.03384039 0.         0.         0.         0.09494043
  0.128      0.         0.         0.06248139 0.         0.
  0.         0.         0.30852338 0.         0.064      0.
  0.128      0.         0.03384039 0.128      0.         0.
  0.         0.         0.         0.         0.         0.
  0.         0.06248139 0.         0.         0.         0.
  0.06248139 0.         0.128      0.         0.         0.
  0.         0.         0.128      0.         0.         0.128
  0.06248139 0.         0.         0.         0.         0.06248139
  0.         0.         0.         0.         0.         0.
  0.         0.         0.         0.         0.         0.
  0.06248139 0.         0.         0.09494043 0.07458022 0.
  0.         0.06248139 0.05168383 0.0312407  0.         0.
  0.06248139 0.         0.         0.         0.         0.
  0.         0.06248139 0.06248139 0.         0.         0.128
  0.         0.128      0.         0.06248139 0.05168383 0.
  0.         0.         0.         0.         0.         0.03210726
  0.         0.128      0.         0.         0.         0.05939635
  0.06248139 0.         0.         0.128      0.05989461 0.
  0.         0.         0.         0.128      0.128      0.
  0.         0.         0.         0.         0.         0.
  0.         0.         0.         0.         0.         0.
  0.         0.         0.06248139 0.         0.         0.06248139
  0.128      0.0661027  0.         0.         0.         0.06248139
  0.         0.         0.         0.         0.         0.
  0.128      0.         0.         0.         0.         0.1124187
  0.         0.18445948 0.         0.         0.         0.
  0.         0.         0.128      0.         0.06248139 0.128
  0.         0.         0.128      0.34987801 0.128      0.
  0.         0.         0.128      0.         0.         0.
  0.         0.         0.06248139 0.         0.         0.
  0.06248139 0.         0.         0.09494043 0.06248139 0.
  0.         0.09494043 0.         0.         0.         0.
  0.30852338 0.         0.         0.         0.06248139 0.06248139
  0.128      0.         0.06248139 0.         0.06248139 0.128
  0.06248139 0.         0.         0.         0.         0.09494043
  0.06248139 0.         0.         0.         0.         0.06248139
  0.         0.         0.06248139 0.128      0.06248139 0.06248139
  0.         0.         0.06248139 0.09494043 0.         0.07331213
  0.         0.         0.06248139 0.         0.14469784 0.
  0.09494043 0.         0.18445948 0.18445948 0.07458022 0.
  0.         0.         0.         0.128      0.         0.
  0.         0.         0.04816089 0.         0.07331213 0.
  0.         0.         0.         0.         0.128      0.
  0.         0.128      0.         0.09494043 0.05168383 0.
  0.         0.128      0.         0.         0.         0.
  0.         0.         0.         0.         0.06248139 0.05923678
  0.         0.         0.         0.         0.         0.
  0.         0.128      0.128      0.         0.         0.
  0.         0.         0.         0.         0.         0.
  0.06248139 0.06248139 0.         0.         0.         0.
  0.         0.         0.         0.         0.         0.44493412
  0.128      0.         0.         0.         0.         0.
  0.        ]]"
"[[0.  0.  0.  0.  0.  0.  0.  0.  0.  0.  0.  0.  0.  0.  0.  0.  0.  0.
  0.  0.  0.  0.  0.  0.  0.  0.  0.  0.  0.  0.  0.  0.  0.  0.  0.  0.
  0.  0.  0.  0.  0.  0.  0.  0.  0.  0.  0.  0.  0.  0.  0.  0.  0.  0.
  0.  0.  0.  0.  0.  0.  0.  0.  0.  0.  0.  0.  0.  0.8 0.  0.  0.  0.
  0.  0.  0.  0.  0.  0.  0.  0.  0.  0.  0.  0.  0.  0.  0.  0.  0.  0.
  0.  0.  0.  0.  0.  0.  0.  0.  0.  0.  0.  0.  0.  0.  0.  0.  0.  0.
  0.  0.  0.  0.  0.  0.  0.  0.  0.  0.  1.  0.  0.  0.  0.  0.  0.  0.
  0.  0.  0.  0.  0.  0.  0.  0.  0.  0.  0.8 0.  0.  0.  0.  0.  0.  0.
  0.  0.  0.  0.  0.  0.  0.  0.  0.  0.  0.  0.  0.  0.  0.  0.  0.  0.
  0.  0.  0.  0.  0.  0.  0.  0.  0.  0.  0.  0.  0.  0.  0.  0.  0.  0.
  0.  0.  0.  0.  0.  0.  0.  0.  0.  0.  0.  0.  0.  0.  0.  0.8 0.  0.
  0.  0.  0.  0.  0.  0.  0.  0.  0.  0.  0.  0.  0.  0.  0.  0.  0.  0.
  0.  0.  0.  0.  0.  0.  0.  0.  0.  0.  0.8 0.  0.  0.  0.  0.  0.  0.
  0.  0.  0.  0.  0.8 0.  0.8 0.  0.  0.  0.  0.  0.  0.  0.  0.  0.  0.
  0.  0.  0.  0.8 0.  0.  0.  0.  0.8 0.  0.  0.  0.  0.  0.  0.  0.  0.
  0.8 0.  0.  0.  0.  0.  0.  0.  0.  0.  0.  0.  0.  0.  0.  0.  0.  0.
  0.  0.  0.  0.  0.  0.  0.  0.  0.8 0.  0.  0.  0.  0.  0.  0.  0.  0.
  0.  0.  0.  0.  0.  0.  0.  0.  0.  0.  0.  0.  0.  0.  0.  0.  0.  0.
  0.  0.  0.  0.  0.  0.  0.  0.  0.  0.8 0.  0.  0.  0.  0.  0.  0.  0.
  0.  0.  0.8 0.  0.  0.  0.  0.  0.  0.  0.  0.  0.  0.  0.  0.  0.  0.
  0.  0.  0.  0.  0.  0.  0.  0.  0.  0.  0.  0.  0.  0.  0.  0.  0.  0.
  0.  0.  0.  0.  0.8 0.  0.  0.  0.  0.  0.  0.  0.  0.  0.  0.  0.  0.
  0.  0.  0.8 0.  0.  0.  0.  0.8 0.  0.  0.  0.  0.  0.  0.  0.  0.  0.
  0.  0.  0.  0.  0.  0.  0.  0.  0.  0.  0.  0.  0.  0.  0.  0.  0.  0.
  0.  0.  0.  0.  0.  0.  0.  0.  0.  0.  0.  0.  0.  0.  0.  0.  0.  0.
  0.  0.  0.  0.  0.  0.  0.  0.  0.  0.  0.  0.  0.  0.  0.  0.  0.  0.
  0. ]]"
"[[0.         0.         0.         0.         0.         0.
  0.         0.         0.         0.         0.         0.
  0.         0.         0.         0.128      0.         0.03384039
  0.         0.         0.         0.         0.         0.
  0.         0.         0.128      0.128      0.         0.07458022
  0.128      0.         0.         0.         0.         0.
  0.         0.         0.         0.128      0.         0.
  0.         0.128      0.         0.         0.         0.
  0.         0.         0.128      0.         0.         0.
  0.         0.06248139 0.         0.         0.         0.
  0.06248139 0.05939635 0.128      0.         0.         0.
  0.         0.         0.         0.         0.         0.06248139
  0.         0.         0.128      0.         0.         0.
  0.         0.         0.         0.         0.         0.
  0.         0.         0.         0.         0.         0.
  0.         0.06248139 0.         0.         0.         0.
  0.         0.         0.06248139 0.         0.         0.
  0.         0.07331213 0.07458022 0.         0.06248139 0.
  0.         0.         0.         0.09494043 0.30852338 0.
  0.30852338 0.         0.         0.8        0.         1.
  0.         0.         0.         0.         0.         0.06248139
  0.         0.128      0.         0.         0.         0.
  0.         0.         0.         0.         0.         0.06248139
  0.06248139 0.         0.         0.         0.         0.
  0.06248139 0.         0.         0.128      0.         0.
  0.         0.03384039 0.         0.         0.         0.09494043
  0.128      0.         0.         0.06248139 0.         0.
  0.         0.         0.30852338 0.         0.064      0.
  0.128      0.         0.03384039 0.128      0.         0.
  0.         0.         0.         0.         0.         0.
  0.         0.06248139 0.         0.         0.         0.
  0.06248139 0.         0.128      0.         0.         0.
  0.         0.         0.128      0.         0.         0.128
  0.06248139 0.         0.         0.         0.         0.06248139
  0.         0.         0.         0.         0.         0.
  0.         0.         0.         0.         0.         0.
  0.06248139 0.         0.         0.09494043 0.07458022 0.
  0.         0.06248139 0.05168383 0.0312407  0.         0.
  0.06248139 0.         0.         0.         0.         0.
  0.         0.06248139 0.06248139 0.         0.         0.128
  0.         0.128      0.         0.06248139 0.05168383 0.
  0.         0.         0.         0.         0.         0.03210726
  0.         0.128      0.         0.         0.         0.05939635
  0.06248139 0.         0.         0.128      0.05989461 0.
  0.         0.         0.         0.128      0.128      0.
  0.         0.         0.         0.         0.         0.
  0.         0.         0.         0.         0.         0.
  0.         0.         0.06248139 0.         0.         0.06248139
  0.128      0.0661027  0.         0.         0.         0.06248139
  0.         0.         0.         0.         0.         0.
  0.128      0.         0.         0.         0.         0.1124187
  0.         0.18445948 0.         0.         0.         0.
  0.         0.         0.128      0.         0.06248139 0.128
  0.         0.         0.128      0.34987801 0.128      0.
  0.         0.         0.128      0.         0.         0.
  0.         0.         0.06248139 0.         0.         0.
  0.06248139 0.         0.         0.09494043 0.06248139 0.
  0.         0.09494043 0.         0.         0.         0.
  0.30852338 0.         0.         0.         0.06248139 0.06248139
  0.128      0.         0.06248139 0.         0.06248139 0.128
  0.06248139 0.         0.         0.         0.         0.09494043
  0.06248139 0.         0.         0.         0.         0.06248139
  0.         0.         0.06248139 0.128      0.06248139 0.06248139
  0.         0.         0.06248139 0.09494043 0.         0.07331213
  0.         0.         0.06248139 0.         0.14469784 0.
  0.09494043 0.         0.18445948 0.18445948 0.07458022 0.
  0.         0.         0.         0.128      0.         0.
  0.         0.         0.04816089 0.         0.07331213 0.
  0.         0.         0.         0.         0.128      0.
  0.         0.128      0.         0.09494043 0.05168383 0.
  0.         0.128      0.         0.         0.         0.
  0.         0.         0.         0.         0.06248139 0.05923678
  0.         0.         0.         0.         0.         0.
  0.         0.128      0.128      0.         0.         0.
  0.         0.         0.         0.         0.         0.
  0.06248139 0.06248139 0.         0.         0.         0.
  0.         0.         0.         0.         0.         0.44493412
  0.128      0.         0.         0.         0.         0.
  0.        ]]"
"[[0.         0.         0.         0.         0.         0.
  0.         0.         0.         0.         0.         0.
  0.         0.         0.27743458 0.         0.29866796 0.
  0.         0.         0.         0.         0.         0.31139529
  0.         0.         0.         0.         0.         0.
  0.         0.         0.         0.         0.18192297 0.34957728
  0.26934124 0.         0.         0.         0.         0.
  0.         0.         0.         0.         0.26979175 0.27743458
  0.30945926 0.27743458 0.         0.         0.18192297 0.27705245
  0.34957728 0.         0.29944283 0.         0.         0.27821268
  0.         0.         0.         0.         0.         0.
  0.27743458 0.         0.         0.         0.         0.
  0.         0.26934124 0.         0.         0.26934124 0.23995
  0.         0.27705245 0.         0.         0.         0.31350593
  0.         0.         0.29878437 0.         0.         0.
  0.         0.         0.         0.26934124 0.         0.
  0.         0.         0.         0.         0.27743458 0.34957728
  0.28174747 0.         0.         0.         0.         0.
  0.         0.         0.26934124 0.         0.         0.26934124
  0.         0.         0.26979175 0.         0.         0.
  1.         0.27743458 0.         0.26934124 0.         0.
  0.24096231 0.         0.22868489 0.         0.         0.29164884
  0.29675421 0.24096231 0.         0.         0.         0.
  0.         0.26783664 0.24020602 0.         0.         0.27743458
  0.         0.24096231 0.27412781 0.         0.27743458 0.27743458
  0.         0.         0.32730978 0.26934124 0.23995    0.
  0.         0.24101164 0.29586924 0.         0.         0.
  0.27104565 0.27743458 0.         0.         0.         0.
  0.         0.17707137 0.         0.         0.29483608 0.27743458
  0.26934124 0.         0.25711247 0.26934124 0.         0.2579301
  0.26934124 0.         0.28398847 0.28686217 0.26934124 0.
  0.         0.         0.         0.         0.         0.27801224
  0.20872795 0.         0.         0.         0.26979175 0.
  0.         0.         0.         0.34957728 0.         0.
  0.         0.         0.27743458 0.27743458 0.         0.
  0.28878578 0.26934124 0.27743458 0.         0.26663999 0.
  0.         0.         0.26934124 0.         0.         0.
  0.23903459 0.         0.         0.         0.         0.23995
  0.         0.27743458 0.         0.18192297 0.24101164 0.
  0.34957728 0.         0.         0.         0.         0.
  0.         0.         0.         0.         0.         0.23995
  0.         0.2143726  0.27743458 0.24020602 0.         0.
  0.26934124 0.         0.         0.         0.         0.
  0.         0.34957728 0.         0.         0.         0.
  0.23995    0.         0.27743458 0.         0.         0.
  0.         0.         0.24020602 0.27743458 0.         0.
  0.27104565 0.         0.26934124 0.         0.28012396 0.26934124
  0.34957728 0.2742543  0.         0.         0.24101164 0.
  0.         0.         0.         0.26934124 0.         0.
  0.         0.29385359 0.         0.25216369 0.         0.
  0.         0.31350593 0.         0.         0.         0.
  0.         0.         0.27743458 0.24096231 0.         0.27743458
  0.34957728 0.30082639 0.         0.24096231 0.         0.
  0.25711247 0.         0.         0.         0.         0.28744654
  0.31219845 0.         0.         0.26934124 0.         0.
  0.         0.         0.         0.         0.         0.24101164
  0.         0.         0.         0.         0.         0.27233936
  0.         0.         0.         0.         0.29721007 0.
  0.         0.         0.         0.24048082 0.         0.
  0.         0.         0.         0.20872795 0.         0.
  0.         0.         0.         0.         0.         0.
  0.         0.         0.         0.26934124 0.         0.
  0.27743458 0.27743458 0.         0.         0.         0.
  0.         0.27546989 0.         0.         0.         0.
  0.         0.         0.         0.         0.         0.27743458
  0.         0.         0.         0.         0.         0.
  0.         0.         0.         0.         0.         0.
  0.27962192 0.         0.         0.         0.         0.
  0.24096231 0.         0.3294399  0.         0.         0.29893536
  0.24020602 0.         0.         0.         0.         0.
  0.         0.         0.         0.27743458 0.23903459 0.
  0.24096231 0.31139529 0.         0.         0.         0.
  0.26934124 0.         0.         0.         0.         0.
  0.24020602 0.         0.         0.34957728 0.         0.
  0.         0.         0.         0.         0.26934124 0.30945926
  0.         0.         0.         0.26934124 0.26934124 0.
  0.26934124 0.         0.27743458 0.         0.         0.
  0.         0.         0.         0.         0.         0.
  0.        ]]"
"[[0.         0.         0.         0.         0.         0.
  0.         0.         0.         0.         0.         0.
  0.         0.         0.8        0.         0.39229413 0.
  0.         0.         0.         0.         0.         0.33244119
  0.         0.         0.         0.         0.         0.
  0.         0.         0.         0.         0.17043872 0.15288238
  0.44519629 0.         0.         0.         0.         0.
  0.         0.         0.         0.         0.45409874 0.8
  0.29903933 0.8        0.         0.         0.17043872 0.35113562
  0.15288238 0.         0.18604718 0.         0.         0.27974558
  0.         0.         0.         0.         0.         0.
  0.64       0.         0.         0.         0.         0.
  0.         0.44519629 0.         0.         0.44519629 0.35958374
  0.         0.35113562 0.         0.         0.         0.39644119
  0.         0.         0.46602622 0.         0.         0.
  0.         0.         0.         0.44519629 0.         0.
  0.         0.         0.         0.         0.8        0.15288238
  0.27302556 0.         0.         0.         0.         0.
  0.         0.         0.44519629 0.         0.         0.44519629
  0.         0.         0.45409874 0.         0.         0.
  0.27743458 1.         0.         0.44519629 0.         0.
  0.16524586 0.         0.20305623 0.         0.         0.42526996
  0.22394201 0.16524586 0.         0.         0.         0.
  0.         0.4415524  0.34433176 0.         0.         0.64
  0.         0.16524586 0.25945255 0.         0.8        0.8
  0.         0.         0.20029674 0.44519629 0.35958374 0.
  0.         0.21680308 0.18548975 0.         0.         0.
  0.32874686 0.8        0.         0.         0.         0.
  0.         0.14873826 0.         0.         0.45281874 0.8
  0.44519629 0.         0.36440154 0.44519629 0.         0.27181922
  0.44519629 0.         0.38411653 0.23334155 0.44519629 0.
  0.         0.         0.         0.         0.         0.31091953
  0.3418325  0.         0.         0.         0.45409874 0.
  0.         0.         0.         0.15288238 0.         0.
  0.         0.         0.8        0.64       0.         0.
  0.2284161  0.44519629 0.8        0.         0.33097328 0.
  0.         0.         0.44519629 0.         0.         0.
  0.39351439 0.         0.         0.         0.         0.35958374
  0.         0.8        0.         0.17043872 0.21680308 0.
  0.15288238 0.         0.         0.         0.         0.
  0.         0.         0.         0.         0.         0.35958374
  0.         0.23079213 0.8        0.34433176 0.         0.
  0.44519629 0.         0.         0.         0.         0.
  0.         0.15288238 0.         0.         0.         0.
  0.35958374 0.         0.64       0.         0.         0.
  0.         0.         0.34433176 0.8        0.         0.
  0.32874686 0.         0.44519629 0.         0.2815388  0.44519629
  0.15288238 0.12566528 0.         0.         0.21680308 0.
  0.         0.         0.         0.44519629 0.         0.
  0.         0.25487425 0.         0.36805328 0.         0.
  0.         0.39644119 0.         0.         0.         0.
  0.         0.         0.8        0.16524586 0.         0.8
  0.15288238 0.14292334 0.         0.16524586 0.         0.
  0.36440154 0.         0.         0.         0.         0.24508734
  0.22752403 0.         0.         0.44519629 0.         0.
  0.         0.         0.         0.         0.         0.21680308
  0.         0.         0.         0.         0.         0.51606583
  0.         0.         0.         0.         0.21967129 0.
  0.         0.         0.         0.28819341 0.         0.
  0.         0.         0.         0.3418325  0.         0.
  0.         0.         0.         0.         0.         0.
  0.         0.         0.         0.44519629 0.         0.
  0.8        0.8        0.         0.         0.         0.
  0.         0.29723816 0.         0.         0.         0.
  0.         0.         0.         0.         0.         0.8
  0.         0.         0.         0.         0.         0.
  0.         0.         0.         0.         0.         0.
  0.37473012 0.         0.         0.         0.         0.
  0.16524586 0.         0.24266179 0.         0.         0.2049482
  0.34433176 0.         0.         0.         0.         0.
  0.         0.         0.         0.64       0.39351439 0.
  0.16524586 0.33244119 0.         0.         0.         0.
  0.44519629 0.         0.         0.         0.         0.
  0.34433176 0.         0.         0.15288238 0.         0.
  0.         0.         0.         0.         0.44519629 0.29903933
  0.         0.         0.         0.44519629 0.44519629 0.
  0.44519629 0.         0.8        0.         0.         0.
  0.         0.         0.         0.         0.         0.
  0.        ]]"
"[[0.         0.         0.         0.         0.         0.
  0.         0.         0.         0.         0.         0.
  0.         0.         0.         0.         0.         0.
  0.08526979 0.         0.         0.08526979 0.         0.
  0.         0.         0.         0.         0.06219112 0.
  0.         0.07355846 0.         0.         0.         0.
  0.         0.08526979 0.         0.         0.08526979 0.
  0.         0.         0.21119471 0.         0.         0.
  0.         0.         0.         0.         0.         0.
  0.         0.         0.         0.         0.15548822 0.
  0.         0.         0.         0.         0.         0.08526979
  0.         0.         0.         0.         0.         0.
  0.         0.         0.         0.         0.         0.
  0.         0.         0.08526979 0.08526979 0.1437083  0.
  0.         0.         0.         0.0709464  0.         0.08526979
  0.         0.         0.         0.         0.         0.
  0.08526979 0.         0.         0.08526979 0.         0.
  0.         0.         0.         0.         0.         0.
  0.08526979 0.08526979 0.         0.         0.         0.
  0.         0.         0.         0.         0.         0.
  0.         0.         1.         0.         0.         0.
  0.         0.         0.         0.         0.08526979 0.
  0.         0.         0.         0.         0.         0.
  0.         0.         0.         0.29031547 0.08526979 0.
  0.         0.         0.         0.         0.         0.
  0.         0.         0.         0.         0.         0.
  0.         0.         0.         0.         0.         0.08526979
  0.         0.         0.         0.         0.         0.08526979
  0.         0.         0.         0.         0.         0.
  0.         0.08526979 0.         0.         0.         0.
  0.         0.         0.         0.         0.         0.21119471
  0.         0.         0.         0.18441578 0.         0.
  0.         0.         0.         0.         0.         0.
  0.         0.         0.         0.         0.         0.
  0.08526979 0.         0.         0.         0.08526979 0.08526979
  0.         0.         0.         0.         0.         0.
  0.         0.         0.         0.         0.         0.
  0.         0.         0.         0.         0.         0.
  0.         0.         0.         0.         0.         0.
  0.         0.         0.         0.         0.         0.
  0.         0.         0.15185415 0.         0.         0.
  0.08526979 0.         0.         0.         0.08526979 0.
  0.         0.         0.24250612 0.         0.2996927  0.
  0.         0.         0.         0.         0.         0.
  0.         0.         0.         0.         0.         0.
  0.         0.         0.         0.         0.         0.
  0.         0.         0.         0.         0.         0.
  0.         0.         0.         0.         0.         0.
  0.         0.         0.         0.         0.08526979 0.
  0.         0.         0.         0.         0.         0.
  0.         0.         0.08526979 0.         0.04953905 0.
  0.08526979 0.         0.         0.         0.         0.
  0.         0.         0.         0.         0.         0.
  0.         0.         0.         0.         0.         0.
  0.         0.         0.         0.         0.         0.
  0.06219112 0.08526979 0.         0.         0.         0.
  0.         0.08526979 0.08526979 0.         0.         0.
  0.         0.         0.         0.         0.         0.
  0.         0.         0.08526979 0.         0.         0.
  0.         0.08526979 0.         0.         0.         0.
  0.         0.         0.         0.08526979 0.         0.
  0.         0.         0.         0.         0.         0.
  0.         0.         0.         0.         0.         0.
  0.27903497 0.         0.         0.         0.         0.
  0.         0.         0.         0.         0.         0.
  0.         0.08526979 0.         0.         0.         0.
  0.22129894 0.         0.         0.         0.08526979 0.08526979
  0.         0.         0.         0.         0.         0.
  0.         0.         0.         0.         0.         0.
  0.         0.         0.08526979 0.         0.         0.
  0.         0.         0.07355846 0.         0.         0.08526979
  0.         0.         0.08526979 0.         0.         0.
  0.         0.         0.19718014 0.         0.08526979 0.
  0.         0.         0.         0.         0.19718014 0.
  0.         0.         0.         0.4        0.         0.
  0.         0.         0.         0.         0.         0.
  0.         0.24639383 0.         0.08526979 0.         0.
  0.         0.         0.         0.         0.22534873 0.
  0.        ]]"
"[[0.         0.         0.         0.         0.         0.
  0.         0.         0.         0.         0.         0.
  0.         0.         0.44519629 0.         0.34109358 0.
  0.         0.         0.         0.         0.         0.30504223
  0.         0.         0.         0.         0.         0.
  0.         0.         0.         0.         0.16722223 0.19688817
  0.8        0.         0.         0.         0.         0.
  0.         0.         0.         0.         0.35217833 0.44519629
  0.49844408 0.44519629 0.         0.         0.16722223 0.31392908
  0.19688817 0.         0.21882826 0.         0.         0.27036244
  0.         0.         0.         0.         0.         0.
  0.44519629 0.         0.         0.         0.         0.
  0.         0.8        0.         0.         0.8        0.30559631
  0.         0.31392908 0.         0.         0.         0.32104223
  0.         0.         0.48069482 0.         0.         0.
  0.         0.         0.         0.8        0.         0.
  0.         0.         0.         0.         0.44519629 0.19688817
  0.27244033 0.         0.         0.         0.         0.
  0.         0.         0.8        0.         0.         0.8
  0.         0.         0.35217833 0.         0.         0.
  0.26934124 0.44519629 0.         1.         0.         0.
  0.19803805 0.         0.21273726 0.         0.         0.33661028
  0.23367679 0.19803805 0.         0.         0.         0.
  0.         0.34800769 0.30330801 0.         0.         0.44519629
  0.         0.19803805 0.25181577 0.         0.44519629 0.44519629
  0.         0.         0.22385962 0.8        0.30559631 0.
  0.         0.23221395 0.2088635  0.         0.         0.
  0.30030989 0.44519629 0.         0.         0.         0.
  0.         0.15772201 0.         0.         0.35121833 0.44519629
  0.8        0.         0.32270512 0.8        0.         0.25781531
  0.8        0.         0.33221926 0.2599427  0.8        0.
  0.         0.         0.         0.         0.         0.28911228
  0.27976745 0.         0.         0.         0.35217833 0.
  0.         0.         0.         0.19688817 0.         0.
  0.         0.         0.44519629 0.44519629 0.         0.
  0.25335758 0.8        0.44519629 0.         0.3007382  0.
  0.         0.         0.8        0.         0.         0.
  0.53988372 0.         0.         0.         0.         0.30559631
  0.         0.44519629 0.         0.16722223 0.23221395 0.
  0.19688817 0.         0.         0.         0.         0.
  0.         0.         0.         0.         0.         0.30559631
  0.         0.22204062 0.44519629 0.30330801 0.         0.
  0.8        0.         0.         0.         0.         0.
  0.         0.19688817 0.         0.         0.         0.
  0.30559631 0.         0.44519629 0.         0.         0.
  0.         0.         0.30330801 0.44519629 0.         0.
  0.30030989 0.         0.8        0.         0.26506675 0.8
  0.19688817 0.16938025 0.         0.         0.23221395 0.
  0.         0.         0.         0.8        0.         0.
  0.         0.3976032  0.         0.4551134  0.         0.
  0.         0.32104223 0.         0.         0.         0.
  0.         0.         0.44519629 0.19803805 0.         0.44519629
  0.19688817 0.18448348 0.         0.19803805 0.         0.
  0.32270512 0.         0.         0.         0.         0.26945262
  0.23880605 0.         0.         0.8        0.         0.
  0.         0.         0.         0.         0.         0.23221395
  0.         0.         0.         0.         0.         0.38318432
  0.         0.         0.         0.         0.23220332 0.
  0.         0.         0.         0.26890513 0.         0.
  0.         0.         0.         0.27976745 0.         0.
  0.         0.         0.         0.         0.         0.
  0.         0.         0.         0.8        0.         0.
  0.44519629 0.44519629 0.         0.         0.         0.
  0.         0.27067282 0.         0.         0.         0.
  0.         0.         0.         0.         0.         0.44519629
  0.         0.         0.         0.         0.         0.
  0.         0.         0.         0.         0.         0.
  0.31138062 0.         0.         0.         0.         0.
  0.19803805 0.         0.2509652  0.         0.         0.22037888
  0.30330801 0.         0.         0.         0.         0.
  0.         0.         0.         0.44519629 0.53988372 0.
  0.19803805 0.30504223 0.         0.         0.         0.
  0.8        0.         0.         0.         0.         0.
  0.30330801 0.         0.         0.19688817 0.         0.
  0.         0.         0.         0.         0.8        0.49844408
  0.         0.         0.         0.8        0.8        0.
  0.8        0.         0.44519629 0.         0.         0.
  0.         0.         0.         0.         0.         0.
  0.        ]]"
"[[0.         0.         0.         0.         0.         0.
  0.         0.         0.         0.         0.         0.
  0.         0.         0.         0.         0.         0.
  0.         0.         0.         0.         0.         0.
  0.         0.         0.         0.         0.         0.
  0.         0.         0.         0.         0.         0.
  0.         0.         0.         0.         0.         0.
  0.         0.         0.         0.40943792 0.         0.
  0.         0.         0.         0.         0.         0.
  0.         0.         0.         0.         0.         0.
  0.         0.         0.         0.         0.         0.
  0.         0.         0.         0.         0.         0.
  0.         0.         0.         0.         0.         0.
  0.         0.         0.         0.         0.         0.
  0.         0.         0.         0.         0.28099632 0.
  0.         0.         0.         0.         0.         0.
  0.         0.         0.         0.         0.         0.
  0.         0.         0.         0.         0.         0.
  0.         0.         0.         0.         0.         0.
  0.         0.         0.         0.         0.         0.
  0.         0.         0.         0.         1.         0.
  0.         0.         0.         0.         0.         0.
  0.         0.         0.         0.         0.         0.
  0.         0.         0.         0.         0.         0.
  0.         0.         0.         0.         0.         0.
  0.         0.         0.         0.         0.         0.
  0.         0.         0.         0.         0.         0.
  0.         0.         0.         0.         0.         0.
  0.         0.         0.         0.         0.         0.
  0.         0.         0.         0.         0.         0.
  0.         0.         0.         0.         0.         0.
  0.         0.39772057 0.         0.         0.53787951 0.
  0.         0.         0.         0.         0.         0.
  0.         0.         0.39772057 0.         0.         0.
  0.         0.         0.         0.         0.         0.
  0.         0.         0.         0.         0.         0.
  0.         0.         0.         0.         0.         0.
  0.         0.         0.         0.         0.         0.
  0.         0.         0.         0.         0.         0.
  0.         0.         0.         0.         0.         0.
  0.         0.         0.         0.         0.         0.
  0.         0.         0.         0.         0.         0.
  0.         0.         0.         0.         0.         0.
  0.         0.         0.         0.         0.         0.
  0.         0.53787951 0.         0.         0.         0.
  0.         0.         0.         0.         0.         0.
  0.         0.         0.         0.         0.         0.
  0.         0.         0.         0.         0.         0.
  0.         0.         0.         0.         0.         0.
  0.         0.         0.         0.         0.         0.
  0.         0.         0.         0.         0.         0.
  0.         0.         0.         0.         0.         0.
  0.         0.         0.         0.         0.         0.
  0.         0.         0.         0.         0.         0.
  0.         0.         0.         0.         0.         0.
  0.         0.         0.         0.         0.         0.
  0.         0.         0.         0.         0.         0.
  0.         0.         0.         0.         0.         0.28099632
  0.         0.         0.         0.         0.         0.
  0.         0.         0.         0.         0.         0.
  0.         0.         0.         0.         0.         0.
  0.         0.         0.         0.         0.43276031 0.
  0.         0.         0.         0.         0.         0.
  0.         0.         0.         0.         0.         0.
  0.         0.         0.         0.         0.         0.
  0.         0.         0.         0.         0.         0.
  0.         0.40943792 0.         0.         0.         0.
  0.         0.         0.         0.         0.         0.
  0.         0.         0.         0.         0.         0.
  0.         0.         0.         0.         0.         0.
  0.         0.         0.         0.         0.         0.
  0.         0.         0.         0.         0.         0.
  0.         0.         0.         0.         0.         0.
  0.         0.         0.         0.         0.         0.53787951
  0.         0.         0.         0.         0.         0.
  0.         0.         0.         0.         0.         0.
  0.         0.         0.         0.         0.         0.
  0.         0.         0.         0.         0.         0.
  0.        ]]"
"[[0.         0.         0.         0.         0.         0.
  0.         0.         0.         0.         0.         0.
  0.         0.         0.         0.256      0.         0.09014012
  0.         0.         0.         0.         0.         0.
  0.         0.         0.256      0.256      0.         0.
  0.256      0.         0.         0.         0.         0.
  0.         0.         0.         0.256      0.         0.
  0.         0.256      0.         0.         0.         0.
  0.         0.         0.256      0.         0.         0.
  0.         0.8        0.         0.         0.         0.
  0.8        0.34253503 0.256      0.         0.         0.
  0.         0.         0.         0.         0.         0.64
  0.         0.         0.256      0.         0.         0.
  0.         0.         0.         0.         0.         0.
  0.         0.         0.         0.         0.         0.
  0.         0.8        0.         0.         0.         0.
  0.         0.         0.8        0.         0.         0.
  0.         0.09551002 0.         0.         0.64       0.
  0.         0.         0.         0.09551002 0.04868355 0.
  0.04868355 0.         0.         0.06248139 0.         0.06248139
  0.         0.         0.         0.         0.         1.
  0.         0.256      0.         0.         0.         0.
  0.         0.         0.         0.         0.         0.64
  0.64       0.         0.         0.         0.         0.
  0.8        0.         0.         0.256      0.         0.
  0.         0.09014012 0.         0.         0.         0.09551002
  0.256      0.         0.         0.8        0.         0.
  0.         0.         0.04868355 0.         0.         0.
  0.256      0.         0.09014012 0.256      0.         0.
  0.         0.         0.         0.         0.         0.
  0.         0.64       0.         0.         0.         0.
  0.64       0.         0.256      0.         0.         0.
  0.         0.         0.256      0.         0.         0.
  0.64       0.         0.         0.         0.         0.64
  0.         0.         0.         0.         0.         0.
  0.         0.         0.         0.         0.         0.
  0.8        0.         0.         0.09551002 0.         0.
  0.         0.64       0.09551002 0.32       0.         0.
  0.8        0.         0.         0.         0.         0.
  0.         0.64       0.64       0.         0.         0.256
  0.         0.256      0.         0.64       0.09551002 0.
  0.         0.         0.         0.         0.         0.24338004
  0.         0.256      0.         0.         0.         0.34253503
  0.64       0.         0.         0.256      0.03183667 0.
  0.         0.         0.         0.256      0.256      0.
  0.         0.         0.         0.         0.         0.
  0.         0.         0.         0.         0.         0.
  0.         0.         0.64       0.         0.         0.8
  0.256      0.09551002 0.         0.         0.         0.64
  0.         0.         0.         0.         0.         0.
  0.256      0.         0.         0.         0.         0.02645056
  0.         0.03295268 0.         0.         0.         0.
  0.         0.         0.256      0.         0.64       0.256
  0.         0.         0.256      0.05392717 0.256      0.
  0.         0.         0.256      0.         0.         0.
  0.         0.         0.64       0.         0.         0.
  0.64       0.         0.         0.09551002 0.64       0.
  0.         0.09551002 0.         0.         0.         0.
  0.04868355 0.         0.         0.         0.64       0.8
  0.256      0.         0.64       0.         0.64       0.256
  0.8        0.         0.         0.         0.         0.09551002
  0.64       0.         0.         0.         0.         0.64
  0.         0.         0.64       0.256      0.8        0.64
  0.         0.         0.64       0.09551002 0.         0.09551002
  0.         0.         0.64       0.         0.04408427 0.
  0.09551002 0.         0.03295268 0.03295268 0.         0.
  0.         0.         0.         0.256      0.         0.
  0.         0.         0.44507006 0.         0.09551002 0.
  0.         0.         0.         0.         0.         0.
  0.         0.256      0.         0.09551002 0.09551002 0.
  0.         0.256      0.         0.         0.         0.
  0.         0.         0.         0.         0.64       0.40788717
  0.         0.         0.         0.         0.         0.
  0.         0.256      0.256      0.         0.         0.
  0.         0.         0.         0.         0.         0.
  0.8        0.64       0.         0.         0.         0.
  0.         0.         0.         0.         0.         0.06102698
  0.256      0.         0.         0.         0.         0.
  0.        ]]"
"[[0.         0.         0.         0.         0.         0.
  0.         0.         0.         0.         0.         0.
  0.         0.         0.16524586 0.         0.20201563 0.
  0.         0.         0.         0.         0.         0.22040051
  0.         0.         0.         0.         0.         0.
  0.         0.         0.         0.         0.164199   0.27555516
  0.19803805 0.         0.         0.         0.         0.
  0.         0.         0.         0.         0.23804702 0.16524586
  0.23679661 0.16524586 0.         0.         0.164199   0.2054654
  0.27555516 0.         0.26024149 0.         0.         0.2391133
  0.         0.         0.         0.         0.         0.
  0.16524586 0.         0.         0.         0.         0.
  0.         0.19803805 0.         0.         0.19803805 0.17635228
  0.         0.2054654  0.         0.         0.         0.22040051
  0.         0.         0.21294636 0.         0.         0.
  0.         0.         0.         0.19803805 0.         0.
  0.         0.         0.         0.         0.16524586 0.27555516
  0.23192342 0.         0.         0.         0.         0.
  0.         0.         0.19803805 0.         0.         0.19803805
  0.         0.         0.23804702 0.         0.         0.
  0.24096231 0.16524586 0.         0.19803805 0.         0.
  1.         0.         0.24872671 0.         0.         0.22922377
  0.23873017 0.8        0.         0.         0.         0.
  0.         0.22687927 0.18237349 0.         0.         0.16524586
  0.         0.8        0.23251189 0.         0.16524586 0.16524586
  0.         0.         0.25462907 0.19803805 0.17635228 0.
  0.         0.23343399 0.2519991  0.         0.         0.
  0.21012683 0.16524586 0.         0.         0.         0.
  0.         0.17135444 0.         0.         0.218707   0.16524586
  0.19803805 0.         0.19933993 0.19803805 0.         0.53439056
  0.19803805 0.         0.19559979 0.23845935 0.19803805 0.
  0.         0.         0.         0.         0.         0.21552028
  0.13946573 0.         0.         0.         0.23804702 0.
  0.         0.         0.         0.27555516 0.         0.
  0.         0.         0.16524586 0.16524586 0.         0.
  0.23810984 0.19803805 0.16524586 0.         0.20616207 0.
  0.         0.         0.19803805 0.         0.         0.
  0.16875189 0.         0.         0.         0.         0.17635228
  0.         0.16524586 0.         0.164199   0.23343399 0.
  0.27555516 0.         0.         0.         0.         0.
  0.         0.         0.         0.         0.         0.17635228
  0.         0.19340247 0.16524586 0.18237349 0.         0.
  0.19803805 0.         0.         0.         0.         0.
  0.         0.27555516 0.         0.         0.         0.
  0.17635228 0.         0.16524586 0.         0.         0.
  0.         0.         0.18237349 0.16524586 0.         0.
  0.21012683 0.         0.19803805 0.         0.24732868 0.19803805
  0.27555516 0.23938186 0.         0.         0.23343399 0.
  0.         0.         0.         0.19803805 0.         0.
  0.         0.23501211 0.         0.1789225  0.         0.
  0.         0.22040051 0.         0.         0.         0.
  0.         0.         0.16524586 0.8        0.         0.16524586
  0.27555516 0.27105743 0.         0.8        0.         0.
  0.19933993 0.         0.         0.         0.         0.23453714
  0.24229269 0.         0.         0.19803805 0.         0.
  0.         0.         0.         0.         0.         0.23343399
  0.         0.         0.         0.         0.         0.21377997
  0.         0.         0.         0.         0.24316197 0.
  0.         0.         0.         0.20489313 0.         0.
  0.         0.         0.         0.13946573 0.         0.
  0.         0.         0.         0.         0.         0.
  0.         0.         0.         0.19803805 0.         0.
  0.16524586 0.16524586 0.         0.         0.         0.
  0.         0.22133088 0.         0.         0.         0.
  0.         0.         0.         0.         0.         0.16524586
  0.         0.         0.         0.         0.         0.
  0.         0.         0.         0.         0.         0.
  0.32206533 0.         0.         0.         0.         0.
  0.8        0.         0.24797784 0.         0.         0.23567548
  0.18237349 0.         0.         0.         0.         0.
  0.         0.         0.         0.16524586 0.16875189 0.
  0.8        0.22040051 0.         0.         0.         0.
  0.19803805 0.         0.         0.         0.         0.
  0.18237349 0.         0.         0.27555516 0.         0.
  0.         0.         0.         0.         0.19803805 0.23679661
  0.         0.         0.         0.19803805 0.19803805 0.
  0.19803805 0.         0.16524586 0.         0.         0.
  0.         0.         0.         0.         0.         0.
  0.        ]]"
"[[0.         0.         0.         0.         0.         0.
  0.         0.         0.         0.         0.         0.
  0.         0.         0.         0.64       0.         0.08533333
  0.         0.         0.         0.         0.         0.
  0.         0.         0.64       0.64       0.         0.
  0.8        0.         0.         0.         0.         0.
  0.         0.         0.         0.64       0.         0.
  0.         0.64       0.         0.         0.         0.
  0.         0.         0.8        0.         0.         0.
  0.         0.256      0.         0.         0.         0.
  0.256      0.128      0.64       0.         0.         0.
  0.         0.         0.         0.         0.         0.256
  0.         0.         0.64       0.         0.         0.
  0.         0.         0.         0.         0.         0.
  0.         0.         0.         0.         0.         0.
  0.         0.256      0.         0.         0.         0.
  0.         0.         0.256      0.         0.         0.
  0.         0.192      0.         0.         0.256      0.
  0.         0.         0.         0.21333333 0.07893333 0.
  0.07893333 0.         0.         0.128      0.         0.128
  0.         0.         0.         0.         0.         0.256
  0.         1.         0.         0.         0.         0.
  0.         0.         0.         0.         0.         0.256
  0.256      0.         0.         0.         0.         0.
  0.256      0.         0.         0.64       0.         0.
  0.         0.08533333 0.         0.         0.         0.21333333
  0.8        0.         0.         0.256      0.         0.
  0.         0.         0.07893333 0.         0.         0.
  0.64       0.         0.08533333 0.64       0.         0.
  0.         0.         0.         0.         0.         0.
  0.         0.256      0.         0.         0.         0.
  0.256      0.         0.64       0.         0.         0.
  0.         0.         0.8        0.         0.         0.
  0.256      0.         0.         0.         0.         0.256
  0.         0.         0.         0.         0.         0.
  0.         0.         0.         0.         0.         0.
  0.256      0.         0.         0.21333333 0.         0.
  0.         0.256      0.17066667 0.128      0.         0.
  0.256      0.         0.         0.         0.         0.
  0.         0.256      0.256      0.         0.         0.8
  0.         0.64       0.         0.256      0.17066667 0.
  0.         0.         0.         0.         0.         0.11377778
  0.         0.64       0.         0.         0.         0.128
  0.256      0.         0.         0.64       0.05688889 0.
  0.         0.         0.         0.64       0.8        0.
  0.         0.         0.         0.         0.         0.
  0.         0.         0.         0.         0.         0.
  0.         0.         0.256      0.         0.         0.256
  0.8        0.18488889 0.         0.         0.         0.256
  0.         0.         0.         0.         0.         0.
  0.8        0.         0.         0.         0.         0.03754667
  0.         0.03413333 0.         0.         0.         0.
  0.         0.         0.64       0.         0.256      0.64
  0.         0.         0.8        0.09386667 0.8        0.
  0.         0.         0.64       0.         0.         0.
  0.         0.         0.256      0.         0.         0.
  0.256      0.         0.         0.21333333 0.256      0.
  0.         0.21333333 0.         0.         0.         0.
  0.07893333 0.         0.         0.         0.256      0.256
  0.64       0.         0.256      0.         0.256      0.64
  0.256      0.         0.         0.         0.         0.21333333
  0.256      0.         0.         0.         0.         0.256
  0.         0.         0.256      0.64       0.256      0.256
  0.         0.         0.256      0.21333333 0.         0.192
  0.         0.         0.256      0.         0.06257778 0.
  0.21333333 0.         0.03413333 0.03413333 0.         0.
  0.         0.         0.         0.72       0.         0.
  0.         0.         0.17066667 0.         0.192      0.
  0.         0.         0.         0.         0.         0.
  0.         0.8        0.         0.21333333 0.17066667 0.
  0.         0.64       0.         0.         0.         0.
  0.         0.         0.         0.         0.256      0.15847619
  0.         0.         0.         0.         0.         0.
  0.         0.64       0.64       0.         0.         0.
  0.         0.         0.         0.         0.         0.
  0.256      0.256      0.         0.         0.         0.
  0.         0.         0.         0.         0.         0.1152
  0.8        0.         0.         0.         0.         0.
  0.        ]]"
"[[0.         0.         0.         0.         0.         0.
  0.         0.         0.         0.         0.         0.
  0.         0.         0.20305623 0.         0.2081844  0.
  0.         0.         0.         0.         0.         0.21074849
  0.         0.         0.         0.         0.         0.
  0.         0.         0.         0.         0.16696009 0.21844076
  0.21273726 0.         0.         0.         0.         0.
  0.         0.         0.         0.         0.21307569 0.20305623
  0.21558901 0.20305623 0.         0.         0.16696009 0.20834953
  0.21844076 0.         0.22054174 0.         0.         0.22772947
  0.         0.         0.         0.         0.         0.
  0.20305623 0.         0.         0.         0.         0.
  0.         0.21273726 0.         0.         0.21273726 0.19455173
  0.         0.20834953 0.         0.         0.         0.21074849
  0.         0.         0.21141141 0.         0.         0.
  0.         0.         0.         0.21273726 0.         0.
  0.         0.         0.         0.         0.20305623 0.21844076
  0.23685407 0.         0.         0.         0.         0.
  0.         0.         0.21273726 0.         0.         0.21273726
  0.         0.         0.21307569 0.         0.         0.
  0.22868489 0.20305623 0.         0.21273726 0.         0.
  0.24872671 0.         1.         0.         0.         0.21191209
  0.22404302 0.24872671 0.         0.         0.         0.
  0.         0.21103711 0.19573403 0.         0.         0.20305623
  0.         0.24872671 0.23333236 0.         0.20305623 0.20305623
  0.         0.         0.21390225 0.21273726 0.19455173 0.
  0.         0.21532363 0.25449406 0.         0.         0.
  0.20951188 0.20305623 0.         0.         0.         0.
  0.         0.16057407 0.         0.         0.21129843 0.20305623
  0.21273726 0.         0.20918993 0.21273726 0.         0.23468362
  0.21273726 0.         0.20477624 0.23987954 0.21273726 0.
  0.         0.         0.         0.         0.         0.20967286
  0.1707623  0.         0.         0.         0.21307569 0.
  0.         0.         0.         0.21844076 0.         0.
  0.         0.         0.20305623 0.20305623 0.         0.
  0.23445925 0.21273726 0.20305623 0.         0.20754362 0.
  0.         0.         0.21273726 0.         0.         0.
  0.19174978 0.         0.         0.         0.         0.19455173
  0.         0.20305623 0.         0.16696009 0.21532363 0.
  0.21844076 0.         0.         0.         0.         0.
  0.         0.         0.         0.         0.         0.19455173
  0.         0.28374439 0.20305623 0.19573403 0.         0.
  0.21273726 0.         0.         0.         0.         0.
  0.         0.21844076 0.         0.         0.         0.
  0.19455173 0.         0.20305623 0.         0.         0.
  0.         0.         0.19573403 0.20305623 0.         0.
  0.20951188 0.         0.21273726 0.         0.21607763 0.21273726
  0.21844076 0.20205571 0.         0.         0.21532363 0.
  0.         0.         0.         0.21273726 0.         0.
  0.         0.21131971 0.         0.19335469 0.         0.
  0.         0.21074849 0.         0.         0.         0.
  0.         0.         0.20305623 0.24872671 0.         0.20305623
  0.21844076 0.28142475 0.         0.24872671 0.         0.
  0.20918993 0.         0.         0.         0.         0.23428149
  0.21366407 0.         0.         0.21273726 0.         0.
  0.         0.         0.         0.         0.         0.21532363
  0.         0.         0.         0.         0.         0.20973587
  0.         0.         0.         0.         0.23485656 0.
  0.         0.         0.         0.20493768 0.         0.
  0.         0.         0.         0.1707623  0.         0.
  0.         0.         0.         0.         0.         0.
  0.         0.         0.         0.21273726 0.         0.
  0.20305623 0.20305623 0.         0.         0.         0.
  0.         0.27517473 0.         0.         0.         0.
  0.         0.         0.         0.         0.         0.20305623
  0.         0.         0.         0.         0.         0.
  0.         0.         0.         0.         0.         0.
  0.21966516 0.         0.         0.         0.         0.
  0.24872671 0.         0.21459462 0.         0.         0.20544046
  0.19573403 0.         0.         0.         0.         0.
  0.         0.         0.         0.20305623 0.19174978 0.
  0.24872671 0.21074849 0.         0.         0.         0.
  0.21273726 0.         0.         0.         0.         0.
  0.19573403 0.         0.         0.21844076 0.         0.
  0.         0.         0.         0.         0.21273726 0.21558901
  0.         0.         0.         0.21273726 0.21273726 0.
  0.21273726 0.         0.20305623 0.         0.         0.
  0.         0.         0.         0.         0.         0.
  0.        ]]"
"[[0.         0.         0.         0.         0.         0.
  0.         0.         0.         0.         0.         0.
  0.         0.         0.         0.         0.         0.
  0.         0.         0.         0.         0.         0.
  0.32       0.8        0.         0.         0.         0.
  0.         0.         0.256      0.         0.         0.
  0.         0.         0.         0.         0.         0.
  0.         0.         0.         0.         0.         0.
  0.         0.         0.         0.32       0.         0.
  0.         0.         0.         0.128      0.         0.
  0.         0.         0.         0.08533333 0.128      0.
  0.         0.         0.         0.         0.256      0.
  0.32       0.         0.         0.32       0.         0.
  0.128      0.         0.         0.         0.         0.
  0.128      0.128      0.         0.         0.         0.
  0.         0.         0.         0.         0.         0.128
  0.         0.32       0.         0.         0.         0.
  0.         0.         0.         0.128      0.         0.
  0.         0.         0.         0.         0.         0.
  0.         0.128      0.         0.         0.         0.
  0.         0.         0.         0.         0.         0.
  0.         0.         0.         1.         0.         0.
  0.         0.         0.         0.         0.         0.
  0.         0.         0.         0.         0.         0.
  0.         0.         0.         0.         0.         0.
  0.         0.         0.         0.         0.         0.
  0.         0.         0.         0.         0.         0.
  0.         0.         0.         0.         0.         0.
  0.         0.         0.         0.         0.         0.
  0.         0.         0.         0.         0.128      0.
  0.         0.         0.         0.         0.         0.
  0.         0.         0.         0.         0.         0.
  0.         0.128      0.         0.         0.         0.
  0.         0.8        0.         0.         0.         0.
  0.         0.08533333 0.         0.         0.         0.
  0.         0.         0.         0.128      0.         0.
  0.         0.37333333 0.         0.         0.         0.16
  0.         0.         0.         0.         0.         0.
  0.         0.         0.08533333 0.         0.         0.37333333
  0.         0.         0.         0.128      0.         0.
  0.         0.         0.         0.         0.         0.
  0.         0.         0.         0.         0.         0.
  0.         0.         0.         0.         0.         0.
  0.         0.         0.         0.         0.         0.
  0.         0.         0.         0.         0.         0.128
  0.         0.         0.         0.         0.08533333 0.
  0.         0.         0.         0.128      0.         0.
  0.         0.         0.         0.         0.         0.
  0.         0.         0.128      0.         0.         0.
  0.37333333 0.         0.         0.         0.         0.256
  0.         0.         0.         0.128      0.         0.
  0.         0.         0.         0.         0.128      0.
  0.         0.         0.         0.         0.         0.
  0.         0.         0.         0.         0.         0.
  0.         0.         0.         0.         0.256      0.
  0.         0.         0.         0.         0.37333333 0.
  0.         0.         0.         0.         0.         0.
  0.         0.         0.         0.32       0.         0.
  0.         0.         0.         0.         0.         0.
  0.         0.         0.         0.         0.         0.
  0.         0.         0.128      0.         0.32       0.
  0.         0.         0.128      0.         0.         0.
  0.         0.         0.         0.         0.         0.
  0.         0.         0.         0.         0.         0.
  0.         0.32       0.         0.08533333 0.         0.
  0.         0.         0.         0.         0.         0.128
  0.         0.         0.         0.         0.         0.
  0.         0.         0.         0.08533333 0.         0.128
  0.         0.         0.         0.         0.         0.
  0.         0.         0.         0.         0.         0.
  0.         0.         0.         0.         0.         0.
  0.         0.         0.         0.128      0.         0.
  0.         0.         0.         0.128      0.         0.
  0.         0.         0.         0.         0.         0.
  0.128      0.128      0.32       0.         0.         0.
  0.         0.         0.         0.         0.         0.
  0.         0.         0.         0.         0.128      0.
  0.         0.128      0.08533333 0.32       0.         0.
  0.        ]]"
"[[0.         0.         0.         0.         0.         0.
  0.         0.         0.         0.         0.         0.
  0.         0.         0.         0.         0.         0.
  0.8        0.         0.         0.8        0.         0.
  0.         0.         0.         0.         0.18027303 0.
  0.         0.1714402  0.         0.         0.         0.
  0.         0.8        0.         0.         0.8        0.
  0.         0.         0.08535929 0.         0.         0.
  0.         0.         0.         0.         0.         0.
  0.         0.         0.         0.         0.12027214 0.
  0.         0.         0.         0.         0.         0.8
  0.         0.         0.         0.         0.         0.
  0.         0.         0.         0.         0.         0.
  0.         0.         0.8        0.8        0.12856171 0.
  0.         0.         0.         0.16985201 0.         0.8
  0.         0.         0.         0.         0.         0.
  0.8        0.         0.         0.8        0.         0.
  0.         0.         0.         0.         0.         0.
  0.8        0.8        0.         0.         0.         0.
  0.         0.         0.         0.         0.         0.
  0.         0.         0.08526979 0.         0.         0.
  0.         0.         0.         0.         1.         0.
  0.         0.         0.         0.         0.         0.
  0.         0.         0.         0.11346386 0.8        0.
  0.         0.         0.         0.         0.         0.
  0.         0.         0.         0.         0.         0.
  0.         0.         0.         0.         0.         0.8
  0.         0.         0.         0.         0.         0.8
  0.         0.         0.         0.         0.         0.
  0.         0.8        0.         0.         0.         0.
  0.         0.         0.         0.         0.         0.08535929
  0.         0.         0.         0.07191812 0.         0.
  0.         0.         0.         0.         0.         0.
  0.         0.         0.         0.         0.         0.
  0.8        0.         0.         0.         0.8        0.8
  0.         0.         0.         0.         0.         0.
  0.         0.         0.         0.         0.         0.
  0.         0.         0.         0.         0.         0.
  0.         0.         0.         0.         0.         0.
  0.         0.         0.         0.         0.         0.
  0.         0.         0.06428085 0.         0.         0.
  0.8        0.         0.         0.         0.8        0.
  0.         0.         0.12869422 0.         0.11497495 0.
  0.         0.         0.         0.         0.         0.
  0.         0.         0.         0.         0.         0.
  0.         0.         0.         0.         0.         0.
  0.         0.         0.         0.         0.         0.
  0.         0.         0.         0.         0.         0.
  0.         0.         0.         0.         0.8        0.
  0.         0.         0.         0.         0.         0.
  0.         0.         0.8        0.         0.08719264 0.
  0.8        0.         0.         0.         0.         0.
  0.         0.         0.         0.         0.         0.
  0.         0.         0.         0.         0.         0.
  0.         0.         0.         0.         0.         0.
  0.18027303 0.8        0.         0.         0.         0.
  0.         0.8        0.8        0.         0.         0.
  0.         0.         0.         0.         0.         0.
  0.         0.         0.8        0.         0.         0.
  0.         0.8        0.         0.         0.         0.
  0.         0.         0.         0.8        0.         0.
  0.         0.         0.         0.         0.         0.
  0.         0.         0.         0.         0.         0.
  0.08297931 0.         0.         0.         0.         0.
  0.         0.         0.         0.         0.         0.
  0.         0.8        0.         0.         0.         0.
  0.08630174 0.         0.         0.         0.8        0.8
  0.         0.         0.         0.         0.         0.
  0.         0.         0.         0.         0.         0.
  0.         0.         0.8        0.         0.         0.
  0.         0.         0.1714402  0.         0.         0.8
  0.         0.         0.8        0.         0.         0.
  0.         0.         0.09648754 0.         0.8        0.
  0.         0.         0.         0.         0.09648754 0.
  0.         0.         0.         0.         0.         0.
  0.         0.         0.         0.         0.         0.
  0.         0.09958583 0.         0.8        0.         0.
  0.         0.         0.         0.         0.11027147 0.
  0.        ]]"
"[[0.         0.         0.         0.         0.         0.
  0.         0.         0.         0.         0.         0.
  0.         0.         0.42526996 0.         0.33750755 0.
  0.         0.         0.         0.         0.         0.34962634
  0.         0.         0.         0.         0.         0.
  0.         0.         0.         0.         0.16771274 0.30598272
  0.33661028 0.         0.         0.         0.         0.
  0.         0.         0.         0.         0.43445512 0.42526996
  0.3212965  0.42526996 0.         0.         0.16771274 0.30585481
  0.34598272 0.         0.27359171 0.         0.         0.29138574
  0.         0.         0.         0.         0.         0.
  0.46526996 0.         0.         0.         0.         0.
  0.         0.33661028 0.         0.         0.33661028 0.27555071
  0.         0.30585481 0.         0.         0.         0.40562634
  0.         0.         0.36928765 0.         0.         0.
  0.         0.         0.         0.33661028 0.         0.
  0.         0.         0.         0.         0.42526996 0.30598272
  0.29294671 0.         0.         0.         0.         0.
  0.         0.         0.33661028 0.         0.         0.33661028
  0.         0.         0.43445512 0.         0.         0.
  0.29164884 0.42526996 0.         0.33661028 0.         0.
  0.22922377 0.         0.21191209 0.         0.         1.
  0.28220241 0.22922377 0.         0.         0.         0.
  0.         0.37952744 0.27268325 0.         0.         0.46526996
  0.         0.22922377 0.27592472 0.         0.42526996 0.42526996
  0.         0.         0.30769257 0.33661028 0.27555071 0.
  0.         0.23252684 0.26885714 0.         0.         0.
  0.29363348 0.42526996 0.         0.         0.         0.
  0.         0.16010894 0.         0.         0.40291831 0.42526996
  0.33661028 0.         0.2928984  0.33661028 0.         0.28218718
  0.33661028 0.         0.32201834 0.27585976 0.33661028 0.
  0.         0.         0.         0.         0.         0.29400102
  0.24703334 0.         0.         0.         0.43445512 0.
  0.         0.         0.         0.34598272 0.         0.
  0.         0.         0.42526996 0.46526996 0.         0.
  0.27644873 0.33661028 0.42526996 0.         0.29064059 0.
  0.         0.         0.33661028 0.         0.         0.
  0.29182181 0.         0.         0.         0.         0.27555071
  0.         0.42526996 0.         0.16771274 0.23252684 0.
  0.30598272 0.         0.         0.         0.         0.
  0.         0.         0.         0.         0.         0.27555071
  0.         0.2154868  0.42526996 0.27268325 0.         0.
  0.33661028 0.         0.         0.         0.         0.
  0.         0.34598272 0.         0.         0.         0.
  0.27555071 0.         0.46526996 0.         0.         0.
  0.         0.         0.27268325 0.42526996 0.         0.
  0.29363348 0.         0.33661028 0.         0.293542   0.33661028
  0.34598272 0.23066442 0.         0.         0.23252684 0.
  0.         0.         0.         0.33661028 0.         0.
  0.         0.29213104 0.         0.29291348 0.         0.
  0.         0.40562634 0.         0.         0.         0.
  0.         0.         0.42526996 0.22922377 0.         0.42526996
  0.34598272 0.257035   0.         0.22922377 0.         0.
  0.2928984  0.         0.         0.         0.         0.28067059
  0.29725795 0.         0.         0.33661028 0.         0.
  0.         0.         0.         0.         0.         0.23252684
  0.         0.         0.         0.         0.         0.44472673
  0.         0.         0.         0.         0.28079769 0.
  0.         0.         0.         0.25403878 0.         0.
  0.         0.         0.         0.24703334 0.         0.
  0.         0.         0.         0.         0.         0.
  0.         0.         0.         0.33661028 0.         0.
  0.42526996 0.42526996 0.         0.         0.         0.
  0.         0.29550176 0.         0.         0.         0.
  0.         0.         0.         0.         0.         0.42526996
  0.         0.         0.         0.         0.         0.
  0.         0.         0.         0.         0.         0.
  0.36852684 0.         0.         0.         0.         0.
  0.22922377 0.         0.32780453 0.         0.         0.28041249
  0.27268325 0.         0.         0.         0.         0.
  0.         0.         0.         0.46526996 0.29182181 0.
  0.22922377 0.32962634 0.         0.         0.         0.
  0.33661028 0.         0.         0.         0.         0.
  0.27268325 0.         0.         0.30598272 0.         0.
  0.         0.         0.         0.         0.33661028 0.3212965
  0.         0.         0.         0.33661028 0.33661028 0.
  0.33661028 0.         0.42526996 0.         0.         0.
  0.         0.         0.         0.         0.         0.
  0.        ]]"
"[[0.         0.         0.         0.         0.         0.
  0.         0.         0.         0.         0.         0.
  0.         0.         0.22394201 0.         0.2933387  0.
  0.         0.         0.         0.         0.         0.32803705
  0.         0.         0.         0.         0.         0.
  0.         0.         0.         0.         0.16558941 0.44546541
  0.23367679 0.         0.         0.         0.         0.
  0.         0.         0.         0.         0.23636777 0.22394201
  0.3395711  0.22394201 0.         0.         0.16558941 0.26422231
  0.43213208 0.         0.33449061 0.         0.         0.29465738
  0.         0.         0.         0.         0.         0.
  0.22394201 0.         0.         0.         0.         0.
  0.         0.23367679 0.         0.         0.23367679 0.20424631
  0.         0.26422231 0.         0.         0.         0.32803705
  0.         0.         0.29658363 0.         0.         0.
  0.         0.         0.         0.23367679 0.         0.
  0.         0.         0.         0.         0.22394201 0.43213208
  0.30026196 0.         0.         0.         0.         0.
  0.         0.         0.23367679 0.         0.         0.23367679
  0.         0.         0.23636777 0.         0.         0.
  0.29675421 0.22394201 0.         0.23367679 0.         0.
  0.23873017 0.         0.22404302 0.         0.         0.28220241
  1.         0.23873017 0.         0.         0.         0.
  0.         0.2416588  0.25544444 0.         0.         0.22394201
  0.         0.23873017 0.29641624 0.         0.22394201 0.22394201
  0.         0.         0.3860441  0.23367679 0.20424631 0.
  0.         0.22638944 0.34170206 0.         0.         0.
  0.25791683 0.22394201 0.         0.         0.         0.
  0.         0.16303711 0.         0.         0.28223288 0.22394201
  0.23367679 0.         0.22516572 0.23367679 0.         0.24382279
  0.23367679 0.         0.2710656  0.32629235 0.23367679 0.
  0.         0.         0.         0.         0.         0.27429239
  0.21873291 0.         0.         0.         0.23636777 0.
  0.         0.         0.         0.43213208 0.         0.
  0.         0.         0.22394201 0.22394201 0.         0.
  0.32923105 0.23367679 0.22394201 0.         0.25756363 0.
  0.         0.         0.23367679 0.         0.         0.
  0.22620485 0.         0.         0.         0.         0.20424631
  0.         0.22394201 0.         0.16558941 0.22638944 0.
  0.43213208 0.         0.         0.         0.         0.
  0.         0.         0.         0.         0.         0.20424631
  0.         0.19541672 0.22394201 0.25544444 0.         0.
  0.23367679 0.         0.         0.         0.         0.
  0.         0.43213208 0.         0.         0.         0.
  0.20424631 0.         0.22394201 0.         0.         0.
  0.         0.         0.25544444 0.22394201 0.         0.
  0.25791683 0.         0.23367679 0.         0.301202   0.23367679
  0.43213208 0.34736569 0.         0.         0.22638944 0.
  0.         0.         0.         0.23367679 0.         0.
  0.         0.32143613 0.         0.24439879 0.         0.
  0.         0.32803705 0.         0.         0.         0.
  0.         0.         0.22394201 0.23873017 0.         0.22394201
  0.43213208 0.35549347 0.         0.23873017 0.         0.
  0.22516572 0.         0.         0.         0.         0.31323725
  0.35544803 0.         0.         0.23367679 0.         0.
  0.         0.         0.         0.         0.         0.22638944
  0.         0.         0.         0.         0.         0.23222585
  0.         0.         0.         0.         0.33756207 0.
  0.         0.         0.         0.21531787 0.         0.
  0.         0.         0.         0.21873291 0.         0.
  0.         0.         0.         0.         0.         0.
  0.         0.         0.         0.23367679 0.         0.
  0.22394201 0.22394201 0.         0.         0.         0.
  0.         0.28411551 0.         0.         0.         0.
  0.         0.         0.         0.         0.         0.22394201
  0.         0.         0.         0.         0.         0.
  0.         0.         0.         0.         0.         0.
  0.26648152 0.         0.         0.         0.         0.
  0.23873017 0.         0.38036526 0.         0.         0.3442385
  0.25544444 0.         0.         0.         0.         0.
  0.         0.         0.         0.22394201 0.22620485 0.
  0.23873017 0.32803705 0.         0.         0.         0.
  0.23367679 0.         0.         0.         0.         0.
  0.25544444 0.         0.         0.43213208 0.         0.
  0.         0.         0.         0.         0.23367679 0.3395711
  0.         0.         0.         0.23367679 0.23367679 0.
  0.23367679 0.         0.22394201 0.         0.         0.
  0.         0.         0.         0.         0.         0.
  0.        ]]"
"[[0.         0.         0.         0.         0.         0.
  0.         0.         0.         0.         0.         0.
  0.         0.         0.16524586 0.         0.20201563 0.
  0.         0.         0.         0.         0.         0.22040051
  0.         0.         0.         0.         0.         0.
  0.         0.         0.         0.         0.164199   0.27555516
  0.19803805 0.         0.         0.         0.         0.
  0.         0.         0.         0.         0.23804702 0.16524586
  0.23679661 0.16524586 0.         0.         0.164199   0.2054654
  0.27555516 0.         0.26024149 0.         0.         0.2391133
  0.         0.         0.         0.         0.         0.
  0.16524586 0.         0.         0.         0.         0.
  0.         0.19803805 0.         0.         0.19803805 0.17635228
  0.         0.2054654  0.         0.         0.         0.22040051
  0.         0.         0.21294636 0.         0.         0.
  0.         0.         0.         0.19803805 0.         0.
  0.         0.         0.         0.         0.16524586 0.27555516
  0.23192342 0.         0.         0.         0.         0.
  0.         0.         0.19803805 0.         0.         0.19803805
  0.         0.         0.23804702 0.         0.         0.
  0.24096231 0.16524586 0.         0.19803805 0.         0.
  0.8        0.         0.24872671 0.         0.         0.22922377
  0.23873017 1.         0.         0.         0.         0.
  0.         0.22687927 0.18237349 0.         0.         0.16524586
  0.         0.8        0.23251189 0.         0.16524586 0.16524586
  0.         0.         0.25462907 0.19803805 0.17635228 0.
  0.         0.23343399 0.2519991  0.         0.         0.
  0.21012683 0.16524586 0.         0.         0.         0.
  0.         0.17135444 0.         0.         0.218707   0.16524586
  0.19803805 0.         0.19933993 0.19803805 0.         0.53439056
  0.19803805 0.         0.19559979 0.23845935 0.19803805 0.
  0.         0.         0.         0.         0.         0.21552028
  0.13946573 0.         0.         0.         0.23804702 0.
  0.         0.         0.         0.27555516 0.         0.
  0.         0.         0.16524586 0.16524586 0.         0.
  0.23810984 0.19803805 0.16524586 0.         0.20616207 0.
  0.         0.         0.19803805 0.         0.         0.
  0.16875189 0.         0.         0.         0.         0.17635228
  0.         0.16524586 0.         0.164199   0.23343399 0.
  0.27555516 0.         0.         0.         0.         0.
  0.         0.         0.         0.         0.         0.17635228
  0.         0.19340247 0.16524586 0.18237349 0.         0.
  0.19803805 0.         0.         0.         0.         0.
  0.         0.27555516 0.         0.         0.         0.
  0.17635228 0.         0.16524586 0.         0.         0.
  0.         0.         0.18237349 0.16524586 0.         0.
  0.21012683 0.         0.19803805 0.         0.24732868 0.19803805
  0.27555516 0.23938186 0.         0.         0.23343399 0.
  0.         0.         0.         0.19803805 0.         0.
  0.         0.23501211 0.         0.1789225  0.         0.
  0.         0.22040051 0.         0.         0.         0.
  0.         0.         0.16524586 0.8        0.         0.16524586
  0.27555516 0.27105743 0.         0.8        0.         0.
  0.19933993 0.         0.         0.         0.         0.23453714
  0.24229269 0.         0.         0.19803805 0.         0.
  0.         0.         0.         0.         0.         0.23343399
  0.         0.         0.         0.         0.         0.21377997
  0.         0.         0.         0.         0.24316197 0.
  0.         0.         0.         0.20489313 0.         0.
  0.         0.         0.         0.13946573 0.         0.
  0.         0.         0.         0.         0.         0.
  0.         0.         0.         0.19803805 0.         0.
  0.16524586 0.16524586 0.         0.         0.         0.
  0.         0.22133088 0.         0.         0.         0.
  0.         0.         0.         0.         0.         0.16524586
  0.         0.         0.         0.         0.         0.
  0.         0.         0.         0.         0.         0.
  0.32206533 0.         0.         0.         0.         0.
  0.8        0.         0.24797784 0.         0.         0.23567548
  0.18237349 0.         0.         0.         0.         0.
  0.         0.         0.         0.16524586 0.16875189 0.
  0.8        0.22040051 0.         0.         0.         0.
  0.19803805 0.         0.         0.         0.         0.
  0.18237349 0.         0.         0.27555516 0.         0.
  0.         0.         0.         0.         0.19803805 0.23679661
  0.         0.         0.         0.19803805 0.19803805 0.
  0.19803805 0.         0.16524586 0.         0.         0.
  0.         0.         0.         0.         0.         0.
  0.        ]]"
"[[0.         0.         0.         0.         0.         0.
  0.         0.         0.         0.         0.         0.
  0.         0.         0.         0.         0.         0.
  0.         0.         0.         0.         0.         0.
  0.         0.         0.         0.         0.         0.
  0.         0.         0.         0.         0.         0.
  0.         0.         0.15679617 0.         0.         0.
  0.         0.         0.         0.         0.         0.
  0.         0.         0.         0.         0.         0.
  0.         0.         0.         0.         0.         0.
  0.         0.         0.         0.         0.         0.
  0.         0.         0.         0.09806852 0.         0.
  0.         0.         0.         0.         0.         0.
  0.         0.         0.         0.         0.         0.
  0.         0.         0.         0.         0.         0.
  0.         0.         0.         0.         0.         0.
  0.         0.         0.         0.         0.         0.
  0.         0.         0.         0.         0.         0.
  0.         0.         0.         0.         0.         0.
  0.         0.         0.         0.         0.         0.
  0.         0.         0.         0.         0.         0.
  0.         0.         0.         0.         0.         0.
  0.         0.         1.         0.         0.         0.
  0.         0.         0.         0.         0.         0.
  0.         0.         0.         0.         0.         0.
  0.         0.         0.         0.         0.         0.
  0.         0.         0.         0.         0.         0.
  0.         0.         0.         0.         0.         0.
  0.         0.         0.         0.         0.         0.
  0.         0.         0.         0.         0.         0.
  0.         0.         0.         0.         0.         0.
  0.         0.         0.         0.         0.         0.
  0.         0.         0.         0.         0.         0.
  0.         0.         0.         0.         0.         0.
  0.         0.         0.         0.         0.         0.
  0.         0.         0.         0.         0.         0.2820771
  0.         0.         0.         0.         0.         0.
  0.         0.         0.         0.         0.         0.
  0.         0.         0.         0.         0.         0.
  0.         0.         0.         0.         0.         0.
  0.         0.         0.         0.         0.         0.
  0.         0.         0.         0.         0.         0.
  0.         0.         0.         0.         0.         0.
  0.         0.         0.         0.         0.         0.17946032
  0.         0.         0.         0.         0.         0.
  0.         0.         0.         0.         0.         0.
  0.         0.15456841 0.         0.         0.         0.
  0.         0.         0.         0.15679617 0.         0.
  0.         0.         0.         0.         0.         0.
  0.         0.         0.         0.         0.17213323 0.
  0.         0.         0.         0.         0.         0.
  0.         0.         0.         0.         0.         0.
  0.         0.         0.         0.         0.         0.
  0.         0.         0.         0.         0.         0.
  0.         0.         0.         0.         0.         0.
  0.         0.         0.         0.         0.         0.
  0.         0.         0.         0.         0.         0.
  0.2820771  0.         0.         0.         0.         0.
  0.         0.2820771  0.         0.         0.         0.
  0.         0.         0.         0.         0.         0.
  0.         0.11659864 0.         0.         0.         0.
  0.         0.         0.         0.         0.         0.
  0.         0.         0.         0.         0.         0.
  0.         0.         0.         0.         0.         0.
  0.         0.         0.         0.         0.         0.
  0.         0.         0.         0.         0.         0.
  0.         0.         0.         0.         0.         0.
  0.         0.         0.         0.         0.         0.
  0.         0.15456841 0.         0.12981037 0.         0.
  0.         0.         0.         0.         0.         0.09806852
  0.         0.         0.         0.         0.         0.
  0.         0.         0.         0.         0.         0.
  0.         0.15456841 0.         0.         0.         0.
  0.         0.         0.         0.         0.         0.
  0.         0.         0.         0.         0.         0.
  0.         0.         0.16568273 0.         0.         0.15791006
  0.         0.         0.         0.         0.         0.
  0.         0.         0.         0.         0.         0.
  0.        ]]"
"[[0.         0.         0.         0.         0.         0.
  0.         0.         0.         0.         0.         0.
  0.         0.         0.         0.         0.         0.
  0.         0.24340553 0.42060053 0.         0.22135876 0.
  0.         0.         0.         0.         0.         0.
  0.         0.         0.         0.35662082 0.         0.
  0.         0.         0.         0.         0.         0.23890145
  0.11642134 0.         0.         0.         0.         0.
  0.         0.         0.         0.         0.         0.
  0.         0.         0.         0.         0.         0.
  0.         0.         0.         0.         0.         0.
  0.         0.         0.23909274 0.         0.         0.
  0.         0.         0.         0.         0.         0.
  0.         0.         0.         0.         0.         0.
  0.         0.         0.         0.         0.         0.
  0.37931956 0.         0.11642238 0.         0.1973131  0.
  0.         0.         0.         0.         0.         0.
  0.         0.         0.         0.         0.         0.41628774
  0.         0.         0.         0.         0.         0.
  0.         0.         0.         0.         0.         0.
  0.         0.         0.         0.         0.         0.
  0.         0.         0.         0.         0.         0.
  0.         0.         0.         1.         0.         0.
  0.         0.         0.         0.         0.         0.
  0.         0.         0.         0.         0.         0.
  0.11616291 0.         0.         0.         0.         0.
  0.         0.         0.         0.         0.         0.
  0.         0.         0.         0.40787782 0.         0.
  0.         0.         0.         0.         0.         0.
  0.         0.         0.         0.         0.         0.
  0.         0.         0.         0.         0.         0.
  0.         0.         0.         0.         0.         0.
  0.         0.         0.         0.         0.         0.
  0.         0.         0.         0.         0.11581779 0.
  0.         0.         0.         0.         0.         0.
  0.         0.         0.         0.         0.         0.
  0.         0.         0.         0.         0.         0.
  0.         0.         0.         0.         0.         0.
  0.         0.         0.         0.         0.         0.
  0.         0.         0.         0.         0.         0.
  0.         0.         0.         0.         0.         0.
  0.         0.         0.         0.         0.         0.
  0.         0.         0.         0.         0.         0.
  0.         0.         0.         0.         0.         0.
  0.         0.         0.         0.         0.         0.
  0.         0.1169382  0.         0.         0.         0.11721756
  0.         0.         0.         0.         0.         0.
  0.         0.         0.         0.         0.         0.
  0.         0.         0.         0.         0.         0.
  0.         0.         0.         0.         0.         0.
  0.         0.         0.         0.         0.         0.
  0.         0.         0.         0.         0.         0.
  0.         0.         0.         0.         0.         0.
  0.         0.11392539 0.         0.         0.         0.
  0.         0.11728332 0.         0.         0.         0.11644928
  0.         0.         0.         0.         0.         0.
  0.         0.         0.         0.         0.         0.
  0.         0.         0.         0.         0.         0.
  0.         0.         0.         0.         0.         0.
  0.         0.         0.         0.         0.         0.
  0.         0.         0.         0.         0.         0.
  0.         0.15521844 0.         0.         0.         0.
  0.         0.         0.         0.         0.         0.
  0.         0.         0.         0.         0.         0.
  0.1163574  0.         0.         0.         0.         0.
  0.         0.         0.         0.         0.         0.
  0.         0.         0.         0.         0.         0.
  0.         0.         0.         0.         0.         0.
  0.         0.         0.         0.         0.         0.
  0.         0.         0.         0.         0.         0.
  0.8        0.         0.         0.         0.         0.
  0.         0.         0.         0.         0.         0.
  0.         0.         0.         0.         0.         0.1162089
  0.         0.         0.         0.         0.         0.
  0.         0.         0.         0.         0.         0.
  0.         0.         0.         0.         0.         0.
  0.         0.         0.         0.         0.         0.
  0.         0.         0.         0.         0.         0.
  0.        ]]"
"[[0.  0.  0.  0.  0.  0.  0.  0.  0.  0.  0.  0.  0.  0.  0.  0.  0.  0.
  0.  0.  0.  0.  0.  0.  0.  0.  0.  0.  0.  0.  0.  0.  0.  0.  0.  0.
  0.  0.  0.  0.  0.  0.  0.  0.  0.  0.  0.  0.  0.  0.  0.  0.  0.  0.
  0.  0.  0.  0.  0.  0.  0.  0.  0.  0.  0.  0.  0.  0.8 0.  0.  0.  0.
  0.  0.  0.  0.  0.  0.  0.  0.  0.  0.  0.  0.  0.  0.  0.  0.  0.  0.
  0.  0.  0.  0.  0.  0.  0.  0.  0.  0.  0.  0.  0.  0.  0.  0.  0.  0.
  0.  0.  0.  0.  0.  0.  0.  0.  0.  0.  0.8 0.  0.  0.  0.  0.  0.  0.
  0.  0.  0.  0.  0.  0.  0.  0.  0.  0.  1.  0.  0.  0.  0.  0.  0.  0.
  0.  0.  0.  0.  0.  0.  0.  0.  0.  0.  0.  0.  0.  0.  0.  0.  0.  0.
  0.  0.  0.  0.  0.  0.  0.  0.  0.  0.  0.  0.  0.  0.  0.  0.  0.  0.
  0.  0.  0.  0.  0.  0.  0.  0.  0.  0.  0.  0.  0.  0.  0.  0.8 0.  0.
  0.  0.  0.  0.  0.  0.  0.  0.  0.  0.  0.  0.  0.  0.  0.  0.  0.  0.
  0.  0.  0.  0.  0.  0.  0.  0.  0.  0.  0.8 0.  0.  0.  0.  0.  0.  0.
  0.  0.  0.  0.  0.8 0.  0.8 0.  0.  0.  0.  0.  0.  0.  0.  0.  0.  0.
  0.  0.  0.  0.8 0.  0.  0.  0.  0.8 0.  0.  0.  0.  0.  0.  0.  0.  0.
  0.8 0.  0.  0.  0.  0.  0.  0.  0.  0.  0.  0.  0.  0.  0.  0.  0.  0.
  0.  0.  0.  0.  0.  0.  0.  0.  0.8 0.  0.  0.  0.  0.  0.  0.  0.  0.
  0.  0.  0.  0.  0.  0.  0.  0.  0.  0.  0.  0.  0.  0.  0.  0.  0.  0.
  0.  0.  0.  0.  0.  0.  0.  0.  0.  0.8 0.  0.  0.  0.  0.  0.  0.  0.
  0.  0.  0.8 0.  0.  0.  0.  0.  0.  0.  0.  0.  0.  0.  0.  0.  0.  0.
  0.  0.  0.  0.  0.  0.  0.  0.  0.  0.  0.  0.  0.  0.  0.  0.  0.  0.
  0.  0.  0.  0.  0.8 0.  0.  0.  0.  0.  0.  0.  0.  0.  0.  0.  0.  0.
  0.  0.  0.8 0.  0.  0.  0.  0.8 0.  0.  0.  0.  0.  0.  0.  0.  0.  0.
  0.  0.  0.  0.  0.  0.  0.  0.  0.  0.  0.  0.  0.  0.  0.  0.  0.  0.
  0.  0.  0.  0.  0.  0.  0.  0.  0.  0.  0.  0.  0.  0.  0.  0.  0.  0.
  0.  0.  0.  0.  0.  0.  0.  0.  0.  0.  0.  0.  0.  0.  0.  0.  0.  0.
  0. ]]"
"[[0.         0.         0.         0.         0.         0.
  0.         0.         0.         0.         0.         0.
  0.         0.         0.         0.256      0.         0.09014012
  0.         0.         0.         0.         0.         0.
  0.         0.         0.256      0.256      0.         0.
  0.256      0.         0.         0.         0.         0.
  0.         0.         0.         0.256      0.         0.
  0.         0.256      0.         0.         0.         0.
  0.         0.         0.256      0.         0.         0.
  0.         0.64       0.         0.         0.         0.
  0.64       0.34253503 0.256      0.         0.         0.
  0.         0.         0.         0.         0.         0.8
  0.         0.         0.256      0.         0.         0.
  0.         0.         0.         0.         0.         0.
  0.         0.         0.         0.         0.         0.
  0.         0.64       0.         0.         0.         0.
  0.         0.         0.64       0.         0.         0.
  0.         0.09551002 0.         0.         0.8        0.
  0.         0.         0.         0.09551002 0.04868355 0.
  0.04868355 0.         0.         0.06248139 0.         0.06248139
  0.         0.         0.         0.         0.         0.64
  0.         0.256      0.         0.         0.         0.
  0.         0.         0.         0.         0.         1.
  0.64       0.         0.         0.         0.         0.
  0.64       0.         0.         0.256      0.         0.
  0.         0.09014012 0.         0.         0.         0.09551002
  0.256      0.         0.         0.64       0.         0.
  0.         0.         0.04868355 0.         0.         0.
  0.256      0.         0.09014012 0.256      0.         0.
  0.         0.         0.         0.         0.         0.
  0.         0.64       0.         0.         0.         0.
  0.72       0.         0.256      0.         0.         0.
  0.         0.         0.256      0.         0.         0.
  0.64       0.         0.         0.         0.         0.8
  0.         0.         0.         0.         0.         0.
  0.         0.         0.         0.         0.         0.
  0.64       0.         0.         0.09551002 0.         0.
  0.         0.64       0.09551002 0.32       0.         0.
  0.64       0.         0.         0.         0.         0.
  0.         0.8        0.64       0.         0.         0.256
  0.         0.256      0.         0.64       0.09551002 0.
  0.         0.         0.         0.         0.         0.24338004
  0.         0.256      0.         0.         0.         0.34253503
  0.8        0.         0.         0.256      0.03183667 0.
  0.         0.         0.         0.256      0.256      0.
  0.         0.         0.         0.         0.         0.
  0.         0.         0.         0.         0.         0.
  0.         0.         0.8        0.         0.         0.64
  0.256      0.09551002 0.         0.         0.         0.8
  0.         0.         0.         0.         0.         0.
  0.256      0.         0.         0.         0.         0.02645056
  0.         0.03295268 0.         0.         0.         0.
  0.         0.         0.256      0.         0.8        0.256
  0.         0.         0.256      0.05392717 0.256      0.
  0.         0.         0.256      0.         0.         0.
  0.         0.         0.64       0.         0.         0.
  0.64       0.         0.         0.09551002 0.64       0.
  0.         0.09551002 0.         0.         0.         0.
  0.04868355 0.         0.         0.         0.8        0.64
  0.256      0.         0.64       0.         0.64       0.256
  0.64       0.         0.         0.         0.         0.09551002
  0.64       0.         0.         0.         0.         0.8
  0.         0.         0.8        0.256      0.64       0.64
  0.         0.         0.64       0.09551002 0.         0.09551002
  0.         0.         0.8        0.         0.04408427 0.
  0.09551002 0.         0.03295268 0.03295268 0.         0.
  0.         0.         0.         0.256      0.         0.
  0.         0.         0.36507006 0.         0.09551002 0.
  0.         0.         0.         0.         0.         0.
  0.         0.256      0.         0.09551002 0.09551002 0.
  0.         0.256      0.         0.         0.         0.
  0.         0.         0.         0.         0.64       0.40788717
  0.         0.         0.         0.         0.         0.
  0.         0.256      0.256      0.         0.         0.
  0.         0.         0.         0.         0.         0.
  0.64       0.64       0.         0.         0.         0.
  0.         0.         0.         0.         0.         0.06102698
  0.256      0.         0.         0.         0.         0.
  0.        ]]"
"[[0.         0.         0.         0.         0.         0.
  0.         0.         0.         0.         0.         0.
  0.         0.         0.         0.256      0.         0.09014012
  0.         0.         0.         0.         0.         0.
  0.         0.         0.256      0.256      0.         0.
  0.256      0.         0.         0.         0.         0.
  0.         0.         0.         0.256      0.         0.
  0.         0.256      0.         0.         0.         0.
  0.         0.         0.256      0.         0.         0.
  0.         0.64       0.         0.         0.         0.
  0.64       0.34253503 0.256      0.         0.         0.
  0.         0.         0.         0.         0.         0.64
  0.         0.         0.256      0.         0.         0.
  0.         0.         0.         0.         0.         0.
  0.         0.         0.         0.         0.         0.
  0.         0.64       0.         0.         0.         0.
  0.         0.         0.64       0.         0.         0.
  0.         0.09551002 0.         0.         0.64       0.
  0.         0.         0.         0.09551002 0.04868355 0.
  0.04868355 0.         0.         0.06248139 0.         0.06248139
  0.         0.         0.         0.         0.         0.64
  0.         0.256      0.         0.         0.         0.
  0.         0.         0.         0.         0.         0.64
  1.         0.         0.         0.         0.         0.
  0.64       0.         0.         0.256      0.         0.
  0.         0.09014012 0.         0.         0.         0.09551002
  0.256      0.         0.         0.64       0.         0.
  0.         0.         0.04868355 0.         0.         0.
  0.256      0.         0.09014012 0.256      0.         0.
  0.         0.         0.         0.         0.         0.
  0.         0.8        0.         0.         0.         0.
  0.72       0.         0.256      0.         0.         0.
  0.         0.         0.256      0.         0.         0.
  0.64       0.         0.         0.         0.         0.64
  0.         0.         0.         0.         0.         0.
  0.         0.         0.         0.         0.         0.
  0.64       0.         0.         0.09551002 0.         0.
  0.         0.8        0.09551002 0.32       0.         0.
  0.64       0.         0.         0.         0.         0.
  0.         0.64       0.8        0.         0.         0.256
  0.         0.256      0.         0.8        0.09551002 0.
  0.         0.         0.         0.         0.         0.24338004
  0.         0.256      0.         0.         0.         0.34253503
  0.64       0.         0.         0.256      0.03183667 0.
  0.         0.         0.         0.256      0.256      0.
  0.         0.         0.         0.         0.         0.
  0.         0.         0.         0.         0.         0.
  0.         0.         0.64       0.         0.         0.64
  0.256      0.09551002 0.         0.         0.         0.64
  0.         0.         0.         0.         0.         0.
  0.256      0.         0.         0.         0.         0.02645056
  0.         0.03295268 0.         0.         0.         0.
  0.         0.         0.256      0.         0.64       0.256
  0.         0.         0.256      0.05392717 0.256      0.
  0.         0.         0.256      0.         0.         0.
  0.         0.         0.8        0.         0.         0.
  0.8        0.         0.         0.09551002 0.8        0.
  0.         0.09551002 0.         0.         0.         0.
  0.04868355 0.         0.         0.         0.64       0.64
  0.256      0.         0.8        0.         0.8        0.256
  0.64       0.         0.         0.         0.         0.09551002
  0.8        0.         0.         0.         0.         0.64
  0.         0.         0.64       0.256      0.64       0.8
  0.         0.         0.8        0.09551002 0.         0.09551002
  0.         0.         0.64       0.         0.04408427 0.
  0.09551002 0.         0.03295268 0.03295268 0.         0.
  0.         0.         0.         0.256      0.         0.
  0.         0.         0.36507006 0.         0.09551002 0.
  0.         0.         0.         0.         0.         0.
  0.         0.256      0.         0.09551002 0.09551002 0.
  0.         0.256      0.         0.         0.         0.
  0.         0.         0.         0.         0.8        0.40788717
  0.         0.         0.         0.         0.         0.
  0.         0.256      0.256      0.         0.         0.
  0.         0.         0.         0.         0.         0.
  0.64       0.8        0.         0.         0.         0.
  0.         0.         0.         0.         0.         0.06102698
  0.256      0.         0.         0.         0.         0.
  0.        ]]"
"[[0.         0.         0.         0.         0.         0.
  0.         0.         0.         0.         0.         0.
  0.         0.         0.4415524  0.         0.31885834 0.
  0.         0.         0.         0.         0.         0.29217797
  0.         0.         0.         0.         0.         0.
  0.         0.         0.         0.         0.16946811 0.21213688
  0.34800769 0.         0.         0.         0.         0.
  0.         0.         0.         0.         0.41887691 0.4415524
  0.28007228 0.4415524  0.         0.         0.16946811 0.29591428
  0.21213688 0.         0.22583857 0.         0.         0.2683839
  0.         0.         0.         0.         0.         0.
  0.46821907 0.         0.         0.         0.         0.
  0.         0.34800769 0.         0.         0.34800769 0.28345615
  0.         0.29591428 0.         0.         0.         0.34017797
  0.         0.         0.33389899 0.         0.         0.
  0.         0.         0.         0.34800769 0.         0.
  0.         0.         0.         0.         0.4415524  0.21213688
  0.2600847  0.         0.         0.         0.         0.
  0.         0.         0.34800769 0.         0.         0.34800769
  0.         0.         0.41887691 0.         0.         0.
  0.26783664 0.4415524  0.         0.34800769 0.         0.
  0.22687927 0.         0.21103711 0.         0.         0.37952744
  0.2416588  0.22687927 0.         0.         0.         0.
  0.         1.         0.37078822 0.         0.         0.46821907
  0.         0.22687927 0.25964324 0.         0.4415524  0.4415524
  0.         0.         0.23079039 0.34800769 0.28345615 0.
  0.         0.23057086 0.21533413 0.         0.         0.
  0.28502371 0.4415524  0.         0.         0.         0.
  0.         0.15806033 0.         0.         0.39227085 0.4415524
  0.34800769 0.         0.30139496 0.34800769 0.         0.32369384
  0.34800769 0.         0.31000779 0.24206484 0.34800769 0.
  0.         0.         0.         0.         0.         0.27683809
  0.25773812 0.         0.         0.         0.41887691 0.
  0.         0.         0.         0.21213688 0.         0.
  0.         0.         0.4415524  0.46821907 0.         0.
  0.23913296 0.34800769 0.4415524  0.         0.29727579 0.
  0.         0.         0.34800769 0.         0.         0.
  0.3028729  0.         0.         0.         0.         0.28345615
  0.         0.4415524  0.         0.16946811 0.23057086 0.
  0.21213688 0.         0.         0.         0.         0.
  0.         0.         0.         0.         0.         0.28345615
  0.         0.21975832 0.4415524  0.37078822 0.         0.
  0.34800769 0.         0.         0.         0.         0.
  0.         0.21213688 0.         0.         0.         0.
  0.28345615 0.         0.46821907 0.         0.         0.
  0.         0.         0.37078822 0.4415524  0.         0.
  0.28502371 0.         0.34800769 0.         0.27453358 0.34800769
  0.21213688 0.18150645 0.         0.         0.23057086 0.
  0.         0.         0.         0.34800769 0.         0.
  0.         0.25434944 0.         0.29313943 0.         0.
  0.         0.34017797 0.         0.         0.         0.
  0.         0.         0.4415524  0.22687927 0.         0.4415524
  0.21213688 0.19644075 0.         0.22687927 0.         0.
  0.30139496 0.         0.         0.         0.         0.24419066
  0.2408169  0.         0.         0.34800769 0.         0.
  0.         0.         0.         0.         0.         0.23057086
  0.         0.         0.         0.         0.         0.43532429
  0.         0.         0.         0.         0.2332865  0.
  0.         0.         0.         0.25701351 0.         0.
  0.         0.         0.         0.25773812 0.         0.
  0.         0.         0.         0.         0.         0.
  0.         0.         0.         0.34800769 0.         0.
  0.4415524  0.4415524  0.         0.         0.         0.
  0.         0.27029968 0.         0.         0.         0.
  0.         0.         0.         0.         0.         0.4415524
  0.         0.         0.         0.         0.         0.
  0.         0.         0.         0.         0.         0.
  0.3694294  0.         0.         0.         0.         0.
  0.22687927 0.         0.25243813 0.         0.         0.22497127
  0.37078822 0.         0.         0.         0.         0.
  0.         0.         0.         0.46821907 0.3028729  0.
  0.22687927 0.29217797 0.         0.         0.         0.
  0.34800769 0.         0.         0.         0.         0.
  0.37078822 0.         0.         0.21213688 0.         0.
  0.         0.         0.         0.         0.34800769 0.28007228
  0.         0.         0.         0.34800769 0.34800769 0.
  0.34800769 0.         0.4415524  0.         0.         0.
  0.         0.         0.         0.         0.         0.
  0.        ]]"
"[[0.         0.         0.         0.         0.         0.
  0.         0.         0.         0.         0.         0.
  0.         0.         0.34433176 0.         0.29005534 0.
  0.         0.         0.         0.         0.         0.26291713
  0.         0.         0.         0.         0.         0.
  0.         0.         0.         0.         0.18349698 0.18150249
  0.30330801 0.         0.         0.         0.         0.
  0.         0.         0.         0.         0.28244938 0.34433176
  0.24240525 0.34433176 0.         0.         0.18349698 0.26939131
  0.18150249 0.         0.19617139 0.         0.         0.24133326
  0.         0.         0.         0.         0.         0.
  0.34433176 0.         0.         0.         0.         0.
  0.         0.30330801 0.         0.         0.30330801 0.26595026
  0.         0.26939131 0.         0.         0.         0.26291713
  0.         0.         0.27638076 0.         0.         0.
  0.         0.         0.         0.30330801 0.         0.
  0.         0.         0.         0.         0.34433176 0.18150249
  0.22761531 0.         0.         0.         0.         0.
  0.         0.         0.30330801 0.         0.         0.30330801
  0.         0.         0.28244938 0.         0.         0.
  0.24020602 0.34433176 0.         0.30330801 0.         0.
  0.18237349 0.         0.19573403 0.         0.         0.27268325
  0.25544444 0.18237349 0.         0.         0.         0.
  0.         0.37078822 1.         0.         0.         0.34433176
  0.         0.18237349 0.22240572 0.         0.34433176 0.34433176
  0.         0.         0.20236928 0.30330801 0.26595026 0.
  0.         0.20618598 0.19348379 0.         0.         0.
  0.25885709 0.34433176 0.         0.         0.         0.
  0.         0.15203277 0.         0.         0.28197886 0.34433176
  0.30330801 0.         0.27525887 0.30330801 0.         0.22006145
  0.30330801 0.         0.28402907 0.24057485 0.30330801 0.
  0.         0.         0.         0.         0.         0.2506562
  0.25244863 0.         0.         0.         0.28244938 0.
  0.         0.         0.         0.18150249 0.         0.
  0.         0.         0.34433176 0.34433176 0.         0.
  0.23450738 0.30330801 0.34433176 0.         0.33616322 0.
  0.         0.         0.30330801 0.         0.         0.
  0.27787832 0.         0.         0.         0.         0.26595026
  0.         0.34433176 0.         0.18349698 0.20618598 0.
  0.18150249 0.         0.         0.         0.         0.
  0.         0.         0.         0.         0.         0.26595026
  0.         0.21397927 0.34433176 0.8        0.         0.
  0.30330801 0.         0.         0.         0.         0.
  0.         0.18150249 0.         0.         0.         0.
  0.26595026 0.         0.34433176 0.         0.         0.
  0.         0.         0.8        0.34433176 0.         0.
  0.25885709 0.         0.30330801 0.         0.25423278 0.30330801
  0.18150249 0.15800389 0.         0.         0.20618598 0.
  0.         0.         0.         0.30330801 0.         0.
  0.         0.22336101 0.         0.27185262 0.         0.
  0.         0.26291713 0.         0.         0.         0.
  0.         0.         0.34433176 0.18237349 0.         0.34433176
  0.18150249 0.17127172 0.         0.18237349 0.         0.
  0.27525887 0.         0.         0.         0.         0.22211133
  0.21454611 0.         0.         0.30330801 0.         0.
  0.         0.         0.         0.         0.         0.20618598
  0.         0.         0.         0.         0.         0.30307684
  0.         0.         0.         0.         0.21085975 0.
  0.         0.         0.         0.23606812 0.         0.
  0.         0.         0.         0.25244863 0.         0.
  0.         0.         0.         0.         0.         0.
  0.         0.         0.         0.30330801 0.         0.
  0.34433176 0.34433176 0.         0.         0.         0.
  0.         0.23693173 0.         0.         0.         0.
  0.         0.         0.         0.         0.         0.34433176
  0.         0.         0.         0.         0.         0.
  0.         0.         0.         0.         0.         0.
  0.25551505 0.         0.         0.         0.         0.
  0.18237349 0.         0.22389402 0.         0.         0.20383056
  0.8        0.         0.         0.         0.         0.
  0.         0.         0.         0.34433176 0.27787832 0.
  0.18237349 0.26291713 0.         0.         0.         0.
  0.30330801 0.         0.         0.         0.         0.
  0.8        0.         0.         0.18150249 0.         0.
  0.         0.         0.         0.         0.30330801 0.24240525
  0.         0.         0.         0.30330801 0.30330801 0.
  0.30330801 0.         0.34433176 0.         0.         0.
  0.         0.         0.         0.         0.         0.
  0.        ]]"
"[[0.         0.         0.         0.         0.         0.
  0.         0.         0.         0.         0.         0.
  0.         0.         0.         0.         0.         0.
  0.11346386 0.         0.         0.11346386 0.         0.
  0.         0.         0.         0.         0.12137743 0.
  0.         0.10958842 0.         0.         0.         0.
  0.         0.11346386 0.         0.         0.11346386 0.
  0.         0.         0.19994107 0.         0.         0.
  0.         0.         0.         0.         0.         0.
  0.         0.         0.         0.         0.18390791 0.
  0.         0.         0.         0.         0.         0.11346386
  0.         0.         0.         0.         0.         0.
  0.         0.         0.         0.         0.         0.
  0.         0.         0.11346386 0.11346386 0.14582947 0.
  0.         0.         0.         0.31396427 0.         0.11346386
  0.         0.         0.         0.         0.         0.
  0.11346386 0.         0.         0.11346386 0.         0.
  0.         0.         0.         0.         0.         0.
  0.11346386 0.11346386 0.         0.         0.         0.
  0.         0.         0.         0.         0.         0.
  0.         0.         0.29031547 0.         0.         0.
  0.         0.         0.         0.         0.11346386 0.
  0.         0.         0.         0.         0.         0.
  0.         0.         0.         1.         0.11346386 0.
  0.         0.         0.         0.         0.         0.
  0.         0.         0.         0.         0.         0.
  0.         0.         0.         0.         0.         0.11346386
  0.         0.         0.         0.         0.         0.11346386
  0.         0.         0.         0.         0.         0.
  0.         0.11346386 0.         0.         0.         0.
  0.         0.         0.         0.         0.         0.19994107
  0.         0.         0.         0.14537366 0.         0.
  0.         0.         0.         0.         0.         0.
  0.         0.         0.         0.         0.         0.
  0.11346386 0.         0.         0.         0.11346386 0.11346386
  0.         0.         0.         0.         0.         0.
  0.         0.         0.         0.         0.         0.
  0.         0.         0.         0.         0.         0.
  0.         0.         0.         0.         0.         0.
  0.         0.         0.         0.         0.         0.
  0.         0.         0.12624807 0.         0.         0.
  0.11346386 0.         0.         0.         0.11346386 0.
  0.         0.         0.24879455 0.         0.22707132 0.
  0.         0.         0.         0.         0.         0.
  0.         0.         0.         0.         0.         0.
  0.         0.         0.         0.         0.         0.
  0.         0.         0.         0.         0.         0.
  0.         0.         0.         0.         0.         0.
  0.         0.         0.         0.         0.11346386 0.
  0.         0.         0.         0.         0.         0.
  0.         0.         0.11346386 0.         0.05029151 0.
  0.11346386 0.         0.         0.         0.         0.
  0.         0.         0.         0.         0.         0.
  0.         0.         0.         0.         0.         0.
  0.         0.         0.         0.         0.         0.
  0.12137743 0.11346386 0.         0.         0.         0.
  0.         0.11346386 0.11346386 0.         0.         0.
  0.         0.         0.         0.         0.         0.
  0.         0.         0.11346386 0.         0.         0.
  0.         0.11346386 0.         0.         0.         0.
  0.         0.         0.         0.11346386 0.         0.
  0.         0.         0.         0.         0.         0.
  0.         0.         0.         0.         0.         0.
  0.25768839 0.         0.         0.         0.         0.
  0.         0.         0.         0.         0.         0.
  0.         0.11346386 0.         0.         0.         0.
  0.17444839 0.         0.         0.         0.11346386 0.11346386
  0.         0.         0.         0.         0.         0.
  0.         0.         0.         0.         0.         0.
  0.         0.         0.11346386 0.         0.         0.
  0.         0.         0.10958842 0.         0.         0.11346386
  0.         0.         0.11346386 0.         0.         0.
  0.         0.         0.18752131 0.         0.11346386 0.
  0.         0.         0.         0.         0.18752131 0.
  0.         0.         0.         0.26666667 0.         0.
  0.         0.         0.         0.         0.         0.
  0.         0.23326458 0.         0.11346386 0.         0.
  0.         0.         0.         0.         0.21431007 0.
  0.        ]]"
"[[0.         0.         0.         0.         0.         0.
  0.         0.         0.         0.         0.         0.
  0.         0.         0.         0.         0.         0.
  0.8        0.         0.         0.8        0.         0.
  0.         0.         0.         0.         0.18027303 0.
  0.         0.1714402  0.         0.         0.         0.
  0.         0.8        0.         0.         0.8        0.
  0.         0.         0.08535929 0.         0.         0.
  0.         0.         0.         0.         0.         0.
  0.         0.         0.         0.         0.12027214 0.
  0.         0.         0.         0.         0.         0.8
  0.         0.         0.         0.         0.         0.
  0.         0.         0.         0.         0.         0.
  0.         0.         0.8        0.8        0.12856171 0.
  0.         0.         0.         0.16985201 0.         0.8
  0.         0.         0.         0.         0.         0.
  0.8        0.         0.         0.8        0.         0.
  0.         0.         0.         0.         0.         0.
  0.8        0.8        0.         0.         0.         0.
  0.         0.         0.         0.         0.         0.
  0.         0.         0.08526979 0.         0.         0.
  0.         0.         0.         0.         0.8        0.
  0.         0.         0.         0.         0.         0.
  0.         0.         0.         0.11346386 1.         0.
  0.         0.         0.         0.         0.         0.
  0.         0.         0.         0.         0.         0.
  0.         0.         0.         0.         0.         0.8
  0.         0.         0.         0.         0.         0.8
  0.         0.         0.         0.         0.         0.
  0.         0.8        0.         0.         0.         0.
  0.         0.         0.         0.         0.         0.08535929
  0.         0.         0.         0.07191812 0.         0.
  0.         0.         0.         0.         0.         0.
  0.         0.         0.         0.         0.         0.
  0.8        0.         0.         0.         0.8        0.8
  0.         0.         0.         0.         0.         0.
  0.         0.         0.         0.         0.         0.
  0.         0.         0.         0.         0.         0.
  0.         0.         0.         0.         0.         0.
  0.         0.         0.         0.         0.         0.
  0.         0.         0.06428085 0.         0.         0.
  0.8        0.         0.         0.         0.8        0.
  0.         0.         0.12869422 0.         0.11497495 0.
  0.         0.         0.         0.         0.         0.
  0.         0.         0.         0.         0.         0.
  0.         0.         0.         0.         0.         0.
  0.         0.         0.         0.         0.         0.
  0.         0.         0.         0.         0.         0.
  0.         0.         0.         0.         0.8        0.
  0.         0.         0.         0.         0.         0.
  0.         0.         0.8        0.         0.08719264 0.
  0.8        0.         0.         0.         0.         0.
  0.         0.         0.         0.         0.         0.
  0.         0.         0.         0.         0.         0.
  0.         0.         0.         0.         0.         0.
  0.18027303 0.8        0.         0.         0.         0.
  0.         0.8        0.8        0.         0.         0.
  0.         0.         0.         0.         0.         0.
  0.         0.         0.8        0.         0.         0.
  0.         0.8        0.         0.         0.         0.
  0.         0.         0.         0.8        0.         0.
  0.         0.         0.         0.         0.         0.
  0.         0.         0.         0.         0.         0.
  0.08297931 0.         0.         0.         0.         0.
  0.         0.         0.         0.         0.         0.
  0.         0.8        0.         0.         0.         0.
  0.08630174 0.         0.         0.         0.8        0.8
  0.         0.         0.         0.         0.         0.
  0.         0.         0.         0.         0.         0.
  0.         0.         0.8        0.         0.         0.
  0.         0.         0.1714402  0.         0.         0.8
  0.         0.         0.8        0.         0.         0.
  0.         0.         0.09648754 0.         0.8        0.
  0.         0.         0.         0.         0.09648754 0.
  0.         0.         0.         0.         0.         0.
  0.         0.         0.         0.         0.         0.
  0.         0.09958583 0.         0.8        0.         0.
  0.         0.         0.         0.         0.11027147 0.
  0.        ]]"
"[[0.         0.         0.         0.         0.         0.
  0.         0.         0.         0.         0.         0.
  0.         0.         0.64       0.         0.39229413 0.
  0.         0.         0.         0.         0.         0.33244119
  0.         0.         0.         0.         0.         0.
  0.         0.         0.         0.         0.17043872 0.15288238
  0.44519629 0.         0.         0.         0.         0.
  0.         0.         0.         0.         0.45409874 0.64
  0.29903933 0.64       0.         0.         0.17043872 0.35113562
  0.15288238 0.         0.18604718 0.         0.         0.27974558
  0.         0.         0.         0.         0.         0.
  0.8        0.         0.         0.         0.         0.
  0.         0.44519629 0.         0.         0.44519629 0.35958374
  0.         0.35113562 0.         0.         0.         0.47644119
  0.         0.         0.41269289 0.         0.         0.
  0.         0.         0.         0.44519629 0.         0.
  0.         0.         0.         0.         0.64       0.15288238
  0.26709964 0.         0.         0.         0.         0.
  0.         0.         0.44519629 0.         0.         0.44519629
  0.         0.         0.45409874 0.         0.         0.
  0.27743458 0.64       0.         0.44519629 0.         0.
  0.16524586 0.         0.20305623 0.         0.         0.46526996
  0.22394201 0.16524586 0.         0.         0.         0.
  0.         0.46821907 0.34433176 0.         0.         1.
  0.         0.16524586 0.25945255 0.         0.64       0.64
  0.         0.         0.20029674 0.44519629 0.35958374 0.
  0.         0.21680308 0.18548975 0.         0.         0.
  0.32874686 0.64       0.         0.         0.         0.
  0.         0.14873826 0.         0.         0.49281874 0.64
  0.44519629 0.         0.36440154 0.44519629 0.         0.27181922
  0.44519629 0.         0.38411653 0.23334155 0.44519629 0.
  0.         0.         0.         0.         0.         0.31091953
  0.3418325  0.         0.         0.         0.45409874 0.
  0.         0.         0.         0.15288238 0.         0.
  0.         0.         0.64       0.64       0.         0.
  0.2284161  0.44519629 0.64       0.         0.33097328 0.
  0.         0.         0.44519629 0.         0.         0.
  0.39351439 0.         0.         0.         0.         0.35958374
  0.         0.64       0.         0.17043872 0.21680308 0.
  0.15288238 0.         0.         0.         0.         0.
  0.         0.         0.         0.         0.         0.35958374
  0.         0.23079213 0.64       0.34433176 0.         0.
  0.44519629 0.         0.         0.         0.         0.
  0.         0.15288238 0.         0.         0.         0.
  0.35958374 0.         0.64       0.         0.         0.
  0.         0.         0.34433176 0.64       0.         0.
  0.32874686 0.         0.44519629 0.         0.2879388  0.44519629
  0.15288238 0.12566528 0.         0.         0.21680308 0.
  0.         0.         0.         0.44519629 0.         0.
  0.         0.25487425 0.         0.36805328 0.         0.
  0.         0.47644119 0.         0.         0.         0.
  0.         0.         0.64       0.16524586 0.         0.64
  0.15288238 0.14292334 0.         0.16524586 0.         0.
  0.36440154 0.         0.         0.         0.         0.24508734
  0.22752403 0.         0.         0.44519629 0.         0.
  0.         0.         0.         0.         0.         0.21680308
  0.         0.         0.         0.         0.         0.56939916
  0.         0.         0.         0.         0.21967129 0.
  0.         0.         0.         0.28819341 0.         0.
  0.         0.         0.         0.3418325  0.         0.
  0.         0.         0.         0.         0.         0.
  0.         0.         0.         0.44519629 0.         0.
  0.64       0.64       0.         0.         0.         0.
  0.         0.31723816 0.         0.         0.         0.
  0.         0.         0.         0.         0.         0.64
  0.         0.         0.         0.         0.         0.
  0.         0.         0.         0.         0.         0.
  0.39758727 0.         0.         0.         0.         0.
  0.16524586 0.         0.24266179 0.         0.         0.2049482
  0.34433176 0.         0.         0.         0.         0.
  0.         0.         0.         0.64       0.39351439 0.
  0.16524586 0.33244119 0.         0.         0.         0.
  0.44519629 0.         0.         0.         0.         0.
  0.34433176 0.         0.         0.15288238 0.         0.
  0.         0.         0.         0.         0.44519629 0.29903933
  0.         0.         0.         0.44519629 0.44519629 0.
  0.44519629 0.         0.64       0.         0.         0.
  0.         0.         0.         0.         0.         0.
  0.        ]]"
"[[0.         0.         0.         0.         0.         0.
  0.         0.         0.         0.         0.         0.
  0.         0.         0.         0.256      0.         0.09014012
  0.         0.         0.         0.         0.         0.
  0.         0.         0.256      0.256      0.         0.
  0.256      0.         0.         0.         0.         0.
  0.         0.         0.         0.256      0.         0.
  0.         0.256      0.         0.         0.         0.
  0.         0.         0.256      0.         0.         0.
  0.         0.8        0.         0.         0.         0.
  0.8        0.34253503 0.256      0.         0.         0.
  0.         0.         0.         0.         0.         0.64
  0.         0.         0.256      0.         0.         0.
  0.         0.         0.         0.         0.         0.
  0.         0.         0.         0.         0.         0.
  0.         0.8        0.         0.         0.         0.
  0.         0.         0.8        0.         0.         0.
  0.         0.09551002 0.         0.         0.64       0.
  0.         0.         0.         0.09551002 0.04868355 0.
  0.04868355 0.         0.         0.06248139 0.         0.06248139
  0.         0.         0.         0.         0.         0.8
  0.         0.256      0.         0.         0.         0.
  0.         0.         0.         0.         0.         0.64
  0.64       0.         0.         0.         0.         0.
  1.         0.         0.         0.256      0.         0.
  0.         0.09014012 0.         0.         0.         0.09551002
  0.256      0.         0.         0.8        0.         0.
  0.         0.         0.04868355 0.         0.         0.
  0.256      0.         0.09014012 0.256      0.         0.
  0.         0.         0.         0.         0.         0.
  0.         0.64       0.         0.         0.         0.
  0.64       0.         0.256      0.         0.         0.
  0.         0.         0.256      0.         0.         0.
  0.64       0.         0.         0.         0.         0.64
  0.         0.         0.         0.         0.         0.
  0.         0.         0.         0.         0.         0.
  0.8        0.         0.         0.09551002 0.         0.
  0.         0.64       0.09551002 0.32       0.         0.
  0.8        0.         0.         0.         0.         0.
  0.         0.64       0.64       0.         0.         0.256
  0.         0.256      0.         0.64       0.09551002 0.
  0.         0.         0.         0.         0.         0.24338004
  0.         0.256      0.         0.         0.         0.34253503
  0.64       0.         0.         0.256      0.03183667 0.
  0.         0.         0.         0.256      0.256      0.
  0.         0.         0.         0.         0.         0.
  0.         0.         0.         0.         0.         0.
  0.         0.         0.64       0.         0.         0.8
  0.256      0.09551002 0.         0.         0.         0.64
  0.         0.         0.         0.         0.         0.
  0.256      0.         0.         0.         0.         0.02645056
  0.         0.03295268 0.         0.         0.         0.
  0.         0.         0.256      0.         0.64       0.256
  0.         0.         0.256      0.05392717 0.256      0.
  0.         0.         0.256      0.         0.         0.
  0.         0.         0.64       0.         0.         0.
  0.64       0.         0.         0.09551002 0.64       0.
  0.         0.09551002 0.         0.         0.         0.
  0.04868355 0.         0.         0.         0.64       0.8
  0.256      0.         0.64       0.         0.64       0.256
  0.8        0.         0.         0.         0.         0.09551002
  0.64       0.         0.         0.         0.         0.64
  0.         0.         0.64       0.256      0.8        0.64
  0.         0.         0.64       0.09551002 0.         0.09551002
  0.         0.         0.64       0.         0.04408427 0.
  0.09551002 0.         0.03295268 0.03295268 0.         0.
  0.         0.         0.         0.256      0.         0.
  0.         0.         0.44507006 0.         0.09551002 0.
  0.         0.         0.         0.         0.         0.
  0.         0.256      0.         0.09551002 0.09551002 0.
  0.         0.256      0.         0.         0.         0.
  0.         0.         0.         0.         0.64       0.40788717
  0.         0.         0.         0.         0.         0.
  0.         0.256      0.256      0.         0.         0.
  0.         0.         0.         0.         0.         0.
  0.8        0.64       0.         0.         0.         0.
  0.         0.         0.         0.         0.         0.06102698
  0.256      0.         0.         0.         0.         0.
  0.        ]]"
"[[0.         0.         0.         0.         0.         0.
  0.         0.         0.         0.         0.         0.
  0.         0.         0.16524586 0.         0.20201563 0.
  0.         0.         0.         0.         0.         0.22040051
  0.         0.         0.         0.         0.         0.
  0.         0.         0.         0.         0.164199   0.27555516
  0.19803805 0.         0.         0.         0.         0.
  0.         0.         0.         0.         0.23804702 0.16524586
  0.23679661 0.16524586 0.         0.         0.164199   0.2054654
  0.27555516 0.         0.26024149 0.         0.         0.2391133
  0.         0.         0.         0.         0.         0.
  0.16524586 0.         0.         0.         0.         0.
  0.         0.19803805 0.         0.         0.19803805 0.17635228
  0.         0.2054654  0.         0.         0.         0.22040051
  0.         0.         0.21294636 0.         0.         0.
  0.         0.         0.         0.19803805 0.         0.
  0.         0.         0.         0.         0.16524586 0.27555516
  0.23192342 0.         0.         0.         0.         0.
  0.         0.         0.19803805 0.         0.         0.19803805
  0.         0.         0.23804702 0.         0.         0.
  0.24096231 0.16524586 0.         0.19803805 0.         0.
  0.8        0.         0.24872671 0.         0.         0.22922377
  0.23873017 0.8        0.         0.         0.         0.
  0.         0.22687927 0.18237349 0.         0.         0.16524586
  0.         1.         0.23251189 0.         0.16524586 0.16524586
  0.         0.         0.25462907 0.19803805 0.17635228 0.
  0.         0.23343399 0.2519991  0.         0.         0.
  0.21012683 0.16524586 0.         0.         0.         0.
  0.         0.17135444 0.         0.         0.218707   0.16524586
  0.19803805 0.         0.19933993 0.19803805 0.         0.53439056
  0.19803805 0.         0.19559979 0.23845935 0.19803805 0.
  0.         0.         0.         0.         0.         0.21552028
  0.13946573 0.         0.         0.         0.23804702 0.
  0.         0.         0.         0.27555516 0.         0.
  0.         0.         0.16524586 0.16524586 0.         0.
  0.23810984 0.19803805 0.16524586 0.         0.20616207 0.
  0.         0.         0.19803805 0.         0.         0.
  0.16875189 0.         0.         0.         0.         0.17635228
  0.         0.16524586 0.         0.164199   0.23343399 0.
  0.27555516 0.         0.         0.         0.         0.
  0.         0.         0.         0.         0.         0.17635228
  0.         0.19340247 0.16524586 0.18237349 0.         0.
  0.19803805 0.         0.         0.         0.         0.
  0.         0.27555516 0.         0.         0.         0.
  0.17635228 0.         0.16524586 0.         0.         0.
  0.         0.         0.18237349 0.16524586 0.         0.
  0.21012683 0.         0.19803805 0.         0.24732868 0.19803805
  0.27555516 0.23938186 0.         0.         0.23343399 0.
  0.         0.         0.         0.19803805 0.         0.
  0.         0.23501211 0.         0.1789225  0.         0.
  0.         0.22040051 0.         0.         0.         0.
  0.         0.         0.16524586 0.8        0.         0.16524586
  0.27555516 0.27105743 0.         0.8        0.         0.
  0.19933993 0.         0.         0.         0.         0.23453714
  0.24229269 0.         0.         0.19803805 0.         0.
  0.         0.         0.         0.         0.         0.23343399
  0.         0.         0.         0.         0.         0.21377997
  0.         0.         0.         0.         0.24316197 0.
  0.         0.         0.         0.20489313 0.         0.
  0.         0.         0.         0.13946573 0.         0.
  0.         0.         0.         0.         0.         0.
  0.         0.         0.         0.19803805 0.         0.
  0.16524586 0.16524586 0.         0.         0.         0.
  0.         0.22133088 0.         0.         0.         0.
  0.         0.         0.         0.         0.         0.16524586
  0.         0.         0.         0.         0.         0.
  0.         0.         0.         0.         0.         0.
  0.32206533 0.         0.         0.         0.         0.
  0.8        0.         0.24797784 0.         0.         0.23567548
  0.18237349 0.         0.         0.         0.         0.
  0.         0.         0.         0.16524586 0.16875189 0.
  0.8        0.22040051 0.         0.         0.         0.
  0.19803805 0.         0.         0.         0.         0.
  0.18237349 0.         0.         0.27555516 0.         0.
  0.         0.         0.         0.         0.19803805 0.23679661
  0.         0.         0.         0.19803805 0.19803805 0.
  0.19803805 0.         0.16524586 0.         0.         0.
  0.         0.         0.         0.         0.         0.
  0.        ]]"
"[[0.         0.         0.         0.         0.         0.
  0.         0.         0.         0.         0.         0.
  0.         0.         0.25945255 0.         0.29158834 0.
  0.         0.         0.         0.         0.         0.30054513
  0.         0.         0.         0.         0.         0.
  0.         0.         0.         0.         0.16760282 0.34519327
  0.25181577 0.         0.         0.         0.         0.
  0.         0.         0.         0.         0.25397098 0.25945255
  0.29850452 0.25945255 0.         0.         0.16760282 0.27833932
  0.33630438 0.         0.30068433 0.         0.         0.2728468
  0.         0.         0.         0.         0.         0.
  0.25945255 0.         0.         0.         0.         0.
  0.         0.25181577 0.         0.         0.25181577 0.25186727
  0.         0.27833932 0.         0.         0.         0.29787847
  0.         0.         0.28252424 0.         0.         0.
  0.         0.         0.         0.25181577 0.         0.
  0.         0.         0.         0.         0.25945255 0.33630438
  0.27264555 0.         0.         0.         0.         0.
  0.         0.         0.25181577 0.         0.         0.25181577
  0.         0.         0.25397098 0.         0.         0.
  0.27412781 0.25945255 0.         0.25181577 0.         0.
  0.23251189 0.         0.23333236 0.         0.         0.27592472
  0.29641624 0.23251189 0.         0.         0.         0.
  0.         0.25964324 0.22240572 0.         0.         0.25945255
  0.         0.23251189 1.         0.         0.25945255 0.25945255
  0.         0.         0.31370962 0.25181577 0.25186727 0.
  0.         0.23164734 0.2911601  0.         0.         0.
  0.27055732 0.25945255 0.         0.         0.         0.
  0.         0.19717162 0.         0.         0.28480977 0.25945255
  0.25181577 0.         0.24821661 0.25181577 0.         0.25827076
  0.25181577 0.         0.28165808 0.28334903 0.25181577 0.
  0.         0.         0.         0.         0.         0.28172768
  0.22057966 0.         0.         0.         0.25397098 0.
  0.         0.         0.         0.33630438 0.         0.
  0.         0.         0.25945255 0.25945255 0.         0.
  0.28389646 0.25181577 0.25945255 0.         0.26367852 0.
  0.         0.         0.25181577 0.         0.         0.
  0.23619772 0.         0.         0.         0.         0.25186727
  0.         0.25945255 0.         0.16760282 0.23164734 0.
  0.33630438 0.         0.         0.         0.         0.
  0.         0.         0.         0.         0.         0.25186727
  0.         0.19910029 0.25945255 0.22240572 0.         0.
  0.25181577 0.         0.         0.         0.         0.
  0.         0.33630438 0.         0.         0.         0.
  0.25186727 0.         0.25945255 0.         0.         0.
  0.         0.         0.22240572 0.25945255 0.         0.
  0.27055732 0.         0.25181577 0.         0.28041441 0.25181577
  0.33630438 0.28225121 0.         0.         0.23164734 0.
  0.         0.         0.         0.25181577 0.         0.
  0.         0.27876149 0.         0.24415358 0.         0.
  0.         0.29787847 0.         0.         0.         0.
  0.         0.         0.25945255 0.23251189 0.         0.25945255
  0.33630438 0.29728209 0.         0.23251189 0.         0.
  0.24821661 0.         0.         0.         0.         0.27818568
  0.30389475 0.         0.         0.25181577 0.         0.
  0.         0.         0.         0.         0.         0.23164734
  0.         0.         0.         0.         0.         0.25579817
  0.         0.         0.         0.         0.28897339 0.
  0.         0.         0.         0.24175731 0.         0.
  0.         0.         0.         0.22057966 0.         0.
  0.         0.         0.         0.         0.         0.
  0.         0.         0.         0.25181577 0.         0.
  0.25945255 0.25945255 0.         0.         0.         0.
  0.         0.26723507 0.         0.         0.         0.
  0.         0.         0.         0.         0.         0.25945255
  0.         0.         0.         0.         0.         0.
  0.         0.         0.         0.         0.         0.
  0.27203857 0.         0.         0.         0.         0.
  0.23251189 0.         0.31762944 0.         0.         0.28674436
  0.22240572 0.         0.         0.         0.         0.
  0.         0.         0.         0.25945255 0.23619772 0.
  0.23251189 0.30498958 0.         0.         0.         0.
  0.25181577 0.         0.         0.         0.         0.
  0.22240572 0.         0.         0.33630438 0.         0.
  0.         0.         0.         0.         0.25181577 0.29406008
  0.         0.         0.         0.25181577 0.25181577 0.
  0.25181577 0.         0.25945255 0.         0.         0.
  0.         0.         0.         0.         0.         0.
  0.        ]]"
"[[0.         0.         0.         0.         0.         0.
  0.         0.         0.         0.         0.         0.
  0.         0.         0.         0.8        0.         0.08533333
  0.         0.         0.         0.         0.         0.
  0.         0.         0.8        0.8        0.         0.
  0.64       0.         0.         0.         0.         0.
  0.         0.         0.         0.8        0.         0.
  0.         0.8        0.         0.         0.         0.
  0.         0.         0.64       0.         0.         0.
  0.         0.256      0.         0.         0.         0.
  0.256      0.128      0.8        0.         0.         0.
  0.         0.         0.         0.         0.         0.256
  0.         0.         0.8        0.         0.         0.
  0.         0.         0.         0.         0.         0.
  0.         0.         0.         0.         0.         0.
  0.         0.256      0.         0.         0.         0.
  0.         0.         0.256      0.         0.         0.
  0.         0.192      0.         0.         0.256      0.
  0.         0.         0.         0.21333333 0.07893333 0.
  0.07893333 0.         0.         0.128      0.         0.128
  0.         0.         0.         0.         0.         0.256
  0.         0.64       0.         0.         0.         0.
  0.         0.         0.         0.         0.         0.256
  0.256      0.         0.         0.         0.         0.
  0.256      0.         0.         1.         0.         0.
  0.         0.08533333 0.         0.         0.         0.21333333
  0.64       0.         0.         0.256      0.         0.
  0.         0.         0.07893333 0.         0.         0.
  0.8        0.         0.08533333 0.8        0.         0.
  0.         0.         0.         0.         0.         0.
  0.         0.256      0.         0.         0.         0.
  0.256      0.         0.8        0.         0.         0.
  0.         0.         0.64       0.         0.         0.
  0.256      0.         0.         0.         0.         0.256
  0.         0.         0.         0.         0.         0.
  0.         0.         0.         0.         0.         0.
  0.256      0.         0.         0.21333333 0.         0.
  0.         0.256      0.17066667 0.128      0.         0.
  0.256      0.         0.         0.         0.         0.
  0.         0.256      0.256      0.         0.         0.64
  0.         0.8        0.         0.256      0.17066667 0.
  0.         0.         0.         0.         0.         0.11377778
  0.         0.8        0.         0.         0.         0.128
  0.256      0.         0.         0.8        0.05688889 0.
  0.         0.         0.         0.8        0.64       0.
  0.         0.         0.         0.         0.         0.
  0.         0.         0.         0.         0.         0.
  0.         0.         0.256      0.         0.         0.256
  0.64       0.18488889 0.         0.         0.         0.256
  0.         0.         0.         0.         0.         0.
  0.64       0.         0.         0.         0.         0.03754667
  0.         0.03413333 0.         0.         0.         0.
  0.         0.         0.8        0.         0.256      0.8
  0.         0.         0.64       0.09386667 0.64       0.
  0.         0.         0.8        0.         0.         0.
  0.         0.         0.256      0.         0.         0.
  0.256      0.         0.         0.21333333 0.256      0.
  0.         0.21333333 0.         0.         0.         0.
  0.07893333 0.         0.         0.         0.256      0.256
  0.8        0.         0.256      0.         0.256      0.8
  0.256      0.         0.         0.         0.         0.21333333
  0.256      0.         0.         0.         0.         0.256
  0.         0.         0.256      0.8        0.256      0.256
  0.         0.         0.256      0.21333333 0.         0.192
  0.         0.         0.256      0.         0.06257778 0.
  0.21333333 0.         0.03413333 0.03413333 0.         0.
  0.         0.         0.         0.72       0.         0.
  0.         0.         0.17066667 0.         0.192      0.
  0.         0.         0.         0.         0.         0.
  0.         0.64       0.         0.21333333 0.17066667 0.
  0.         0.8        0.         0.         0.         0.
  0.         0.         0.         0.         0.256      0.15847619
  0.         0.         0.         0.         0.         0.
  0.         0.8        0.8        0.         0.         0.
  0.         0.         0.         0.         0.         0.
  0.256      0.256      0.         0.         0.         0.
  0.         0.         0.         0.         0.         0.1152
  0.64       0.         0.         0.         0.         0.
  0.        ]]"
"[[0.         0.         0.         0.         0.         0.
  0.         0.         0.         0.         0.         0.
  0.         0.         0.8        0.         0.39229413 0.
  0.         0.         0.         0.         0.         0.33244119
  0.         0.         0.         0.         0.         0.
  0.         0.         0.         0.         0.17043872 0.15288238
  0.44519629 0.         0.         0.         0.         0.
  0.         0.         0.         0.         0.45409874 0.8
  0.29903933 0.8        0.         0.         0.17043872 0.35113562
  0.15288238 0.         0.18604718 0.         0.         0.27974558
  0.         0.         0.         0.         0.         0.
  0.64       0.         0.         0.         0.         0.
  0.         0.44519629 0.         0.         0.44519629 0.35958374
  0.         0.35113562 0.         0.         0.         0.39644119
  0.         0.         0.46602622 0.         0.         0.
  0.         0.         0.         0.44519629 0.         0.
  0.         0.         0.         0.         0.8        0.15288238
  0.27302556 0.         0.         0.         0.         0.
  0.         0.         0.44519629 0.         0.         0.44519629
  0.         0.         0.45409874 0.         0.         0.
  0.27743458 0.8        0.         0.44519629 0.         0.
  0.16524586 0.         0.20305623 0.         0.         0.42526996
  0.22394201 0.16524586 0.         0.         0.         0.
  0.         0.4415524  0.34433176 0.         0.         0.64
  0.         0.16524586 0.25945255 0.         1.         0.8
  0.         0.         0.20029674 0.44519629 0.35958374 0.
  0.         0.21680308 0.18548975 0.         0.         0.
  0.32874686 0.8        0.         0.         0.         0.
  0.         0.14873826 0.         0.         0.45281874 0.8
  0.44519629 0.         0.36440154 0.44519629 0.         0.27181922
  0.44519629 0.         0.38411653 0.23334155 0.44519629 0.
  0.         0.         0.         0.         0.         0.31091953
  0.3418325  0.         0.         0.         0.45409874 0.
  0.         0.         0.         0.15288238 0.         0.
  0.         0.         0.8        0.64       0.         0.
  0.2284161  0.44519629 0.8        0.         0.33097328 0.
  0.         0.         0.44519629 0.         0.         0.
  0.39351439 0.         0.         0.         0.         0.35958374
  0.         0.8        0.         0.17043872 0.21680308 0.
  0.15288238 0.         0.         0.         0.         0.
  0.         0.         0.         0.         0.         0.35958374
  0.         0.23079213 0.8        0.34433176 0.         0.
  0.44519629 0.         0.         0.         0.         0.
  0.         0.15288238 0.         0.         0.         0.
  0.35958374 0.         0.64       0.         0.         0.
  0.         0.         0.34433176 0.8        0.         0.
  0.32874686 0.         0.44519629 0.         0.2815388  0.44519629
  0.15288238 0.12566528 0.         0.         0.21680308 0.
  0.         0.         0.         0.44519629 0.         0.
  0.         0.25487425 0.         0.36805328 0.         0.
  0.         0.39644119 0.         0.         0.         0.
  0.         0.         0.8        0.16524586 0.         0.8
  0.15288238 0.14292334 0.         0.16524586 0.         0.
  0.36440154 0.         0.         0.         0.         0.24508734
  0.22752403 0.         0.         0.44519629 0.         0.
  0.         0.         0.         0.         0.         0.21680308
  0.         0.         0.         0.         0.         0.51606583
  0.         0.         0.         0.         0.21967129 0.
  0.         0.         0.         0.28819341 0.         0.
  0.         0.         0.         0.3418325  0.         0.
  0.         0.         0.         0.         0.         0.
  0.         0.         0.         0.44519629 0.         0.
  0.8        0.8        0.         0.         0.         0.
  0.         0.29723816 0.         0.         0.         0.
  0.         0.         0.         0.         0.         0.8
  0.         0.         0.         0.         0.         0.
  0.         0.         0.         0.         0.         0.
  0.37473012 0.         0.         0.         0.         0.
  0.16524586 0.         0.24266179 0.         0.         0.2049482
  0.34433176 0.         0.         0.         0.         0.
  0.         0.         0.         0.64       0.39351439 0.
  0.16524586 0.33244119 0.         0.         0.         0.
  0.44519629 0.         0.         0.         0.         0.
  0.34433176 0.         0.         0.15288238 0.         0.
  0.         0.         0.         0.         0.44519629 0.29903933
  0.         0.         0.         0.44519629 0.44519629 0.
  0.44519629 0.         0.8        0.         0.         0.
  0.         0.         0.         0.         0.         0.
  0.        ]]"
"[[0.         0.         0.         0.         0.         0.
  0.         0.         0.         0.         0.         0.
  0.         0.         0.8        0.         0.39229413 0.
  0.         0.         0.         0.         0.         0.33244119
  0.         0.         0.         0.         0.         0.
  0.         0.         0.         0.         0.17043872 0.15288238
  0.44519629 0.         0.         0.         0.         0.
  0.         0.         0.         0.         0.45409874 0.8
  0.29903933 0.8        0.         0.         0.17043872 0.35113562
  0.15288238 0.         0.18604718 0.         0.         0.27974558
  0.         0.         0.         0.         0.         0.
  0.64       0.         0.         0.         0.         0.
  0.         0.44519629 0.         0.         0.44519629 0.35958374
  0.         0.35113562 0.         0.         0.         0.39644119
  0.         0.         0.46602622 0.         0.         0.
  0.         0.         0.         0.44519629 0.         0.
  0.         0.         0.         0.         0.8        0.15288238
  0.27302556 0.         0.         0.         0.         0.
  0.         0.         0.44519629 0.         0.         0.44519629
  0.         0.         0.45409874 0.         0.         0.
  0.27743458 0.8        0.         0.44519629 0.         0.
  0.16524586 0.         0.20305623 0.         0.         0.42526996
  0.22394201 0.16524586 0.         0.         0.         0.
  0.         0.4415524  0.34433176 0.         0.         0.64
  0.         0.16524586 0.25945255 0.         0.8        1.
  0.         0.         0.20029674 0.44519629 0.35958374 0.
  0.         0.21680308 0.18548975 0.         0.         0.
  0.32874686 0.8        0.         0.         0.         0.
  0.         0.14873826 0.         0.         0.45281874 0.8
  0.44519629 0.         0.36440154 0.44519629 0.         0.27181922
  0.44519629 0.         0.38411653 0.23334155 0.44519629 0.
  0.         0.         0.         0.         0.         0.31091953
  0.3418325  0.         0.         0.         0.45409874 0.
  0.         0.         0.         0.15288238 0.         0.
  0.         0.         0.8        0.64       0.         0.
  0.2284161  0.44519629 0.8        0.         0.33097328 0.
  0.         0.         0.44519629 0.         0.         0.
  0.39351439 0.         0.         0.         0.         0.35958374
  0.         0.8        0.         0.17043872 0.21680308 0.
  0.15288238 0.         0.         0.         0.         0.
  0.         0.         0.         0.         0.         0.35958374
  0.         0.23079213 0.8        0.34433176 0.         0.
  0.44519629 0.         0.         0.         0.         0.
  0.         0.15288238 0.         0.         0.         0.
  0.35958374 0.         0.64       0.         0.         0.
  0.         0.         0.34433176 0.8        0.         0.
  0.32874686 0.         0.44519629 0.         0.2815388  0.44519629
  0.15288238 0.12566528 0.         0.         0.21680308 0.
  0.         0.         0.         0.44519629 0.         0.
  0.         0.25487425 0.         0.36805328 0.         0.
  0.         0.39644119 0.         0.         0.         0.
  0.         0.         0.8        0.16524586 0.         0.8
  0.15288238 0.14292334 0.         0.16524586 0.         0.
  0.36440154 0.         0.         0.         0.         0.24508734
  0.22752403 0.         0.         0.44519629 0.         0.
  0.         0.         0.         0.         0.         0.21680308
  0.         0.         0.         0.         0.         0.51606583
  0.         0.         0.         0.         0.21967129 0.
  0.         0.         0.         0.28819341 0.         0.
  0.         0.         0.         0.3418325  0.         0.
  0.         0.         0.         0.         0.         0.
  0.         0.         0.         0.44519629 0.         0.
  0.8        0.8        0.         0.         0.         0.
  0.         0.29723816 0.         0.         0.         0.
  0.         0.         0.         0.         0.         0.8
  0.         0.         0.         0.         0.         0.
  0.         0.         0.         0.         0.         0.
  0.37473012 0.         0.         0.         0.         0.
  0.16524586 0.         0.24266179 0.         0.         0.2049482
  0.34433176 0.         0.         0.         0.         0.
  0.         0.         0.         0.64       0.39351439 0.
  0.16524586 0.33244119 0.         0.         0.         0.
  0.44519629 0.         0.         0.         0.         0.
  0.34433176 0.         0.         0.15288238 0.         0.
  0.         0.         0.         0.         0.44519629 0.29903933
  0.         0.         0.         0.44519629 0.44519629 0.
  0.44519629 0.         0.8        0.         0.         0.
  0.         0.         0.         0.         0.         0.
  0.        ]]"
"[[0.         0.         0.         0.         0.         0.
  0.         0.         0.         0.         0.         0.
  0.         0.         0.         0.         0.         0.
  0.         0.15012877 0.15012877 0.         0.16114738 0.
  0.         0.         0.         0.         0.         0.
  0.         0.         0.         0.2108053  0.         0.
  0.         0.         0.         0.         0.         0.22147834
  0.27811189 0.         0.         0.         0.         0.
  0.         0.         0.         0.         0.         0.
  0.         0.         0.         0.         0.         0.
  0.         0.         0.         0.         0.         0.
  0.         0.         0.15267224 0.         0.         0.
  0.         0.         0.         0.         0.         0.
  0.         0.         0.         0.         0.         0.
  0.         0.         0.         0.         0.         0.
  0.14354491 0.         0.2855312  0.         0.23670666 0.
  0.         0.         0.         0.         0.         0.
  0.         0.         0.         0.         0.         0.15267224
  0.         0.         0.         0.         0.         0.
  0.         0.         0.         0.         0.         0.
  0.         0.         0.         0.         0.         0.
  0.         0.         0.         0.         0.         0.
  0.         0.         0.         0.11616291 0.         0.
  0.         0.         0.         0.         0.         0.
  0.         0.         0.         0.         0.         0.
  1.         0.         0.         0.         0.         0.
  0.         0.         0.         0.         0.         0.
  0.         0.         0.         0.14217633 0.         0.
  0.         0.         0.         0.         0.         0.
  0.         0.         0.         0.         0.         0.
  0.         0.         0.         0.         0.         0.
  0.         0.         0.         0.         0.         0.
  0.         0.         0.         0.         0.         0.
  0.         0.         0.         0.         0.26628694 0.
  0.         0.         0.         0.         0.         0.
  0.         0.         0.         0.         0.         0.
  0.         0.         0.         0.         0.         0.
  0.         0.         0.         0.         0.         0.
  0.         0.         0.         0.         0.         0.
  0.         0.         0.         0.         0.         0.
  0.         0.         0.         0.         0.         0.
  0.         0.         0.         0.         0.         0.
  0.         0.         0.         0.         0.         0.
  0.         0.         0.         0.         0.         0.
  0.         0.         0.         0.         0.         0.
  0.         0.21636686 0.         0.         0.         0.27472996
  0.         0.         0.         0.         0.         0.
  0.         0.         0.         0.         0.         0.
  0.         0.         0.         0.         0.         0.
  0.         0.         0.         0.         0.         0.
  0.         0.         0.         0.         0.         0.
  0.         0.         0.         0.         0.         0.
  0.         0.         0.         0.         0.         0.
  0.         0.31871713 0.         0.         0.         0.
  0.         0.25906432 0.         0.         0.         0.30636573
  0.         0.         0.         0.         0.         0.
  0.         0.         0.         0.         0.         0.
  0.         0.         0.         0.         0.         0.
  0.         0.         0.         0.         0.         0.
  0.         0.         0.         0.         0.         0.
  0.         0.         0.         0.         0.         0.
  0.         0.19420319 0.         0.         0.         0.
  0.         0.         0.         0.         0.         0.
  0.         0.         0.         0.         0.         0.
  0.25647304 0.         0.         0.         0.         0.
  0.         0.         0.         0.         0.         0.
  0.         0.         0.         0.         0.         0.
  0.         0.         0.         0.         0.         0.
  0.         0.         0.         0.         0.         0.
  0.         0.         0.         0.         0.         0.
  0.11616291 0.         0.         0.         0.         0.
  0.         0.         0.         0.         0.         0.
  0.         0.         0.         0.         0.         0.30675221
  0.         0.         0.         0.         0.         0.
  0.         0.         0.         0.         0.         0.
  0.         0.         0.         0.         0.         0.
  0.         0.         0.         0.         0.         0.
  0.         0.         0.         0.         0.         0.
  0.        ]]"
"[[0.         0.         0.         0.         0.         0.
  0.         0.         0.         0.         0.         0.
  0.         0.         0.         0.08533333 0.         0.8
  0.         0.         0.         0.         0.         0.
  0.         0.         0.08533333 0.08533333 0.         0.16901401
  0.08533333 0.         0.         0.         0.         0.
  0.         0.         0.         0.08533333 0.         0.
  0.         0.08533333 0.         0.         0.         0.
  0.         0.         0.08533333 0.         0.         0.
  0.         0.09014012 0.         0.         0.         0.
  0.09014012 0.11700901 0.08533333 0.         0.         0.
  0.         0.         0.         0.         0.         0.09014012
  0.         0.         0.08533333 0.         0.         0.
  0.         0.         0.         0.         0.         0.
  0.         0.         0.         0.         0.         0.
  0.         0.09014012 0.         0.         0.         0.
  0.         0.         0.09014012 0.         0.         0.
  0.         0.05941528 0.16901401 0.         0.09014012 0.
  0.         0.         0.         0.04621189 0.03952859 0.
  0.03952859 0.         0.         0.03384039 0.         0.03384039
  0.         0.         0.         0.         0.         0.09014012
  0.         0.08533333 0.         0.         0.         0.
  0.         0.         0.         0.         0.         0.09014012
  0.09014012 0.         0.         0.         0.         0.
  0.09014012 0.         0.         0.08533333 0.         0.
  0.         1.         0.         0.         0.         0.04621189
  0.08533333 0.         0.         0.09014012 0.         0.
  0.         0.         0.03952859 0.         0.         0.
  0.08533333 0.         0.8        0.08533333 0.         0.
  0.         0.         0.         0.         0.         0.
  0.         0.09014012 0.         0.         0.         0.
  0.09014012 0.         0.08533333 0.         0.         0.
  0.         0.         0.08533333 0.         0.         0.
  0.09014012 0.         0.         0.         0.         0.09014012
  0.         0.         0.         0.         0.         0.
  0.         0.         0.         0.         0.         0.
  0.09014012 0.         0.         0.04621189 0.16901401 0.
  0.         0.09014012 0.07261868 0.04507006 0.         0.
  0.09014012 0.         0.         0.         0.         0.
  0.         0.09014012 0.09014012 0.         0.         0.08533333
  0.         0.08533333 0.         0.09014012 0.07261868 0.
  0.         0.         0.         0.         0.         0.29671337
  0.         0.08533333 0.         0.         0.         0.11700901
  0.09014012 0.         0.         0.08533333 0.02420623 0.
  0.         0.         0.         0.08533333 0.08533333 0.
  0.         0.         0.         0.         0.         0.
  0.         0.         0.         0.         0.         0.
  0.         0.         0.09014012 0.         0.         0.09014012
  0.08533333 0.06381642 0.         0.         0.         0.09014012
  0.         0.         0.         0.         0.         0.
  0.08533333 0.         0.         0.         0.         0.0248548
  0.         0.03605192 0.         0.         0.         0.
  0.         0.         0.08533333 0.         0.09014012 0.08533333
  0.         0.         0.08533333 0.04068748 0.08533333 0.
  0.         0.         0.08533333 0.         0.         0.
  0.         0.         0.09014012 0.         0.         0.
  0.09014012 0.         0.         0.04621189 0.09014012 0.
  0.         0.04621189 0.         0.         0.         0.
  0.03952859 0.         0.         0.         0.09014012 0.09014012
  0.08533333 0.         0.09014012 0.         0.09014012 0.08533333
  0.09014012 0.         0.         0.         0.         0.04621189
  0.09014012 0.         0.         0.         0.         0.09014012
  0.         0.         0.09014012 0.08533333 0.09014012 0.09014012
  0.         0.         0.09014012 0.04621189 0.         0.05941528
  0.         0.         0.09014012 0.         0.04142466 0.
  0.04621189 0.         0.03605192 0.03605192 0.16901401 0.
  0.         0.         0.         0.08533333 0.         0.
  0.         0.         0.44507006 0.         0.05941528 0.
  0.         0.         0.         0.         0.         0.
  0.         0.08533333 0.         0.04621189 0.07261868 0.
  0.         0.08533333 0.         0.         0.         0.
  0.         0.         0.         0.         0.09014012 0.2104932
  0.         0.         0.         0.         0.         0.
  0.         0.08533333 0.08533333 0.         0.         0.
  0.         0.         0.         0.         0.         0.
  0.09014012 0.09014012 0.         0.         0.         0.
  0.         0.         0.         0.         0.         0.04065593
  0.08533333 0.         0.         0.         0.         0.
  0.        ]]"
"[[0.         0.         0.         0.         0.         0.
  0.         0.         0.         0.         0.         0.
  0.         0.         0.20029674 0.         0.31369762 0.
  0.         0.         0.         0.         0.         0.38182663
  0.         0.         0.         0.         0.         0.
  0.         0.         0.         0.         0.16384744 0.54049938
  0.22385962 0.         0.         0.         0.         0.
  0.         0.         0.         0.         0.23355851 0.20029674
  0.3821795  0.20029674 0.         0.         0.16384744 0.27752109
  0.56335653 0.         0.39685306 0.         0.         0.3242091
  0.         0.         0.         0.         0.         0.
  0.20029674 0.         0.         0.         0.         0.
  0.         0.22385962 0.         0.         0.22385962 0.19330586
  0.         0.27752109 0.         0.         0.         0.38182663
  0.         0.         0.32917096 0.         0.         0.
  0.         0.         0.         0.22385962 0.         0.
  0.         0.         0.         0.         0.20029674 0.54049938
  0.33490136 0.         0.         0.         0.         0.
  0.         0.         0.22385962 0.         0.         0.22385962
  0.         0.         0.23355851 0.         0.         0.
  0.32730978 0.20029674 0.         0.22385962 0.         0.
  0.25462907 0.         0.21390225 0.         0.         0.30769257
  0.3860441  0.25462907 0.         0.         0.         0.
  0.         0.23079039 0.20236928 0.         0.         0.20029674
  0.         0.25462907 0.31370962 0.         0.20029674 0.20029674
  0.         0.         1.         0.22385962 0.19330586 0.
  0.         0.23982839 0.41797802 0.         0.         0.
  0.27123897 0.20029674 0.         0.         0.         0.
  0.         0.16811328 0.         0.         0.30535741 0.20029674
  0.22385962 0.         0.22006256 0.22385962 0.         0.25605436
  0.22385962 0.         0.28359968 0.35560344 0.22385962 0.
  0.         0.         0.         0.         0.         0.29682718
  0.1560136  0.         0.         0.         0.23355851 0.
  0.         0.         0.         0.56335653 0.         0.
  0.         0.         0.20029674 0.20029674 0.         0.
  0.36860669 0.22385962 0.20029674 0.         0.26140045 0.
  0.         0.         0.22385962 0.         0.         0.
  0.18993661 0.         0.         0.         0.         0.19330586
  0.         0.20029674 0.         0.16384744 0.23982839 0.
  0.56335653 0.         0.         0.         0.         0.
  0.         0.         0.         0.         0.         0.19330586
  0.         0.19568957 0.20029674 0.20236928 0.         0.
  0.22385962 0.         0.         0.         0.         0.
  0.         0.56335653 0.         0.         0.         0.
  0.19330586 0.         0.20029674 0.         0.         0.
  0.         0.         0.20236928 0.20029674 0.         0.
  0.27123897 0.         0.22385962 0.         0.32675351 0.22385962
  0.56335653 0.3870493  0.         0.         0.23982839 0.
  0.         0.         0.         0.22385962 0.         0.
  0.         0.3659823  0.         0.22744655 0.         0.
  0.         0.38182663 0.         0.         0.         0.
  0.         0.         0.20029674 0.25462907 0.         0.20029674
  0.56335653 0.44722289 0.         0.25462907 0.         0.
  0.22006256 0.         0.         0.         0.         0.36245978
  0.44524264 0.         0.         0.22385962 0.         0.
  0.         0.         0.         0.         0.         0.23982839
  0.         0.         0.         0.         0.         0.22247125
  0.         0.         0.         0.         0.39342126 0.
  0.         0.         0.         0.21656712 0.         0.
  0.         0.         0.         0.1560136  0.         0.
  0.         0.         0.         0.         0.         0.
  0.         0.         0.         0.22385962 0.         0.
  0.20029674 0.20029674 0.         0.         0.         0.
  0.         0.32167588 0.         0.         0.         0.
  0.         0.         0.         0.         0.         0.20029674
  0.         0.         0.         0.         0.         0.
  0.         0.         0.         0.         0.         0.
  0.28576552 0.         0.         0.         0.         0.
  0.25462907 0.         0.47716301 0.         0.         0.43625226
  0.20236928 0.         0.         0.         0.         0.
  0.         0.         0.         0.20029674 0.18993661 0.
  0.25462907 0.37039806 0.         0.         0.         0.
  0.22385962 0.         0.         0.         0.         0.
  0.20236928 0.         0.         0.54049938 0.         0.
  0.         0.         0.         0.         0.22385962 0.3821795
  0.         0.         0.         0.22385962 0.22385962 0.
  0.22385962 0.         0.20029674 0.         0.         0.
  0.         0.         0.         0.         0.         0.
  0.        ]]"
"[[0.         0.         0.         0.         0.         0.
  0.         0.         0.         0.         0.         0.
  0.         0.         0.44519629 0.         0.34109358 0.
  0.         0.         0.         0.         0.         0.30504223
  0.         0.         0.         0.         0.         0.
  0.         0.         0.         0.         0.16722223 0.19688817
  0.8        0.         0.         0.         0.         0.
  0.         0.         0.         0.         0.35217833 0.44519629
  0.49844408 0.44519629 0.         0.         0.16722223 0.31392908
  0.19688817 0.         0.21882826 0.         0.         0.27036244
  0.         0.         0.         0.         0.         0.
  0.44519629 0.         0.         0.         0.         0.
  0.         0.8        0.         0.         0.8        0.30559631
  0.         0.31392908 0.         0.         0.         0.32104223
  0.         0.         0.48069482 0.         0.         0.
  0.         0.         0.         0.8        0.         0.
  0.         0.         0.         0.         0.44519629 0.19688817
  0.27244033 0.         0.         0.         0.         0.
  0.         0.         0.8        0.         0.         0.8
  0.         0.         0.35217833 0.         0.         0.
  0.26934124 0.44519629 0.         0.8        0.         0.
  0.19803805 0.         0.21273726 0.         0.         0.33661028
  0.23367679 0.19803805 0.         0.         0.         0.
  0.         0.34800769 0.30330801 0.         0.         0.44519629
  0.         0.19803805 0.25181577 0.         0.44519629 0.44519629
  0.         0.         0.22385962 1.         0.30559631 0.
  0.         0.23221395 0.2088635  0.         0.         0.
  0.30030989 0.44519629 0.         0.         0.         0.
  0.         0.15772201 0.         0.         0.35121833 0.44519629
  0.8        0.         0.32270512 0.8        0.         0.25781531
  0.8        0.         0.33221926 0.2599427  0.8        0.
  0.         0.         0.         0.         0.         0.28911228
  0.27976745 0.         0.         0.         0.35217833 0.
  0.         0.         0.         0.19688817 0.         0.
  0.         0.         0.44519629 0.44519629 0.         0.
  0.25335758 0.8        0.44519629 0.         0.3007382  0.
  0.         0.         0.8        0.         0.         0.
  0.53988372 0.         0.         0.         0.         0.30559631
  0.         0.44519629 0.         0.16722223 0.23221395 0.
  0.19688817 0.         0.         0.         0.         0.
  0.         0.         0.         0.         0.         0.30559631
  0.         0.22204062 0.44519629 0.30330801 0.         0.
  0.8        0.         0.         0.         0.         0.
  0.         0.19688817 0.         0.         0.         0.
  0.30559631 0.         0.44519629 0.         0.         0.
  0.         0.         0.30330801 0.44519629 0.         0.
  0.30030989 0.         0.8        0.         0.26506675 0.8
  0.19688817 0.16938025 0.         0.         0.23221395 0.
  0.         0.         0.         0.8        0.         0.
  0.         0.3976032  0.         0.4551134  0.         0.
  0.         0.32104223 0.         0.         0.         0.
  0.         0.         0.44519629 0.19803805 0.         0.44519629
  0.19688817 0.18448348 0.         0.19803805 0.         0.
  0.32270512 0.         0.         0.         0.         0.26945262
  0.23880605 0.         0.         0.8        0.         0.
  0.         0.         0.         0.         0.         0.23221395
  0.         0.         0.         0.         0.         0.38318432
  0.         0.         0.         0.         0.23220332 0.
  0.         0.         0.         0.26890513 0.         0.
  0.         0.         0.         0.27976745 0.         0.
  0.         0.         0.         0.         0.         0.
  0.         0.         0.         0.8        0.         0.
  0.44519629 0.44519629 0.         0.         0.         0.
  0.         0.27067282 0.         0.         0.         0.
  0.         0.         0.         0.         0.         0.44519629
  0.         0.         0.         0.         0.         0.
  0.         0.         0.         0.         0.         0.
  0.31138062 0.         0.         0.         0.         0.
  0.19803805 0.         0.2509652  0.         0.         0.22037888
  0.30330801 0.         0.         0.         0.         0.
  0.         0.         0.         0.44519629 0.53988372 0.
  0.19803805 0.30504223 0.         0.         0.         0.
  0.8        0.         0.         0.         0.         0.
  0.30330801 0.         0.         0.19688817 0.         0.
  0.         0.         0.         0.         0.8        0.49844408
  0.         0.         0.         0.8        0.8        0.
  0.8        0.         0.44519629 0.         0.         0.
  0.         0.         0.         0.         0.         0.
  0.        ]]"
"[[0.         0.         0.         0.         0.         0.
  0.         0.         0.         0.         0.         0.
  0.         0.         0.35958374 0.         0.33926714 0.
  0.         0.         0.         0.         0.         0.29710884
  0.         0.         0.         0.         0.         0.
  0.         0.         0.         0.         0.17208581 0.17063393
  0.30559631 0.         0.         0.         0.         0.
  0.         0.         0.         0.         0.28599258 0.35958374
  0.23811512 0.35958374 0.         0.         0.17208581 0.40797885
  0.17063393 0.         0.19636338 0.         0.         0.24101567
  0.         0.         0.         0.         0.         0.
  0.35958374 0.         0.         0.         0.         0.
  0.         0.30559631 0.         0.         0.30559631 0.8
  0.         0.40797885 0.         0.         0.         0.26510884
  0.         0.         0.27860466 0.         0.         0.
  0.         0.         0.         0.30559631 0.         0.
  0.         0.         0.         0.         0.35958374 0.17063393
  0.22370217 0.         0.         0.         0.         0.
  0.         0.         0.30559631 0.         0.         0.30559631
  0.         0.         0.28599258 0.         0.         0.
  0.23995    0.35958374 0.         0.30559631 0.         0.
  0.17635228 0.         0.19455173 0.         0.         0.27555071
  0.20424631 0.17635228 0.         0.         0.         0.
  0.         0.28345615 0.26595026 0.         0.         0.35958374
  0.         0.17635228 0.25186727 0.         0.35958374 0.35958374
  0.         0.         0.19330586 0.30559631 1.         0.
  0.         0.26239101 0.18258472 0.         0.         0.
  0.38371421 0.35958374 0.         0.         0.         0.
  0.         0.15372301 0.         0.         0.28535258 0.35958374
  0.30559631 0.         0.34298738 0.30559631 0.         0.21398058
  0.30559631 0.         0.45445036 0.20753212 0.30559631 0.
  0.         0.         0.         0.         0.         0.40407763
  0.26395853 0.         0.         0.         0.28599258 0.
  0.         0.         0.         0.17063393 0.         0.
  0.         0.         0.35958374 0.35958374 0.         0.
  0.20504341 0.30559631 0.35958374 0.         0.36689079 0.
  0.         0.         0.30559631 0.         0.         0.
  0.28477742 0.         0.         0.         0.         0.8
  0.         0.35958374 0.         0.17208581 0.26239101 0.
  0.17063393 0.         0.         0.         0.         0.
  0.         0.         0.         0.         0.         0.8
  0.         0.2093391  0.35958374 0.26595026 0.         0.
  0.30559631 0.         0.         0.         0.         0.
  0.         0.17063393 0.         0.         0.         0.
  0.8        0.         0.35958374 0.         0.         0.
  0.         0.         0.26595026 0.35958374 0.         0.
  0.38371421 0.         0.30559631 0.         0.25383871 0.30559631
  0.17063393 0.14038758 0.         0.         0.26239101 0.
  0.         0.         0.         0.30559631 0.         0.
  0.         0.21309942 0.         0.27501933 0.         0.
  0.         0.26510884 0.         0.         0.         0.
  0.         0.         0.35958374 0.17635228 0.         0.35958374
  0.17063393 0.15844308 0.         0.17635228 0.         0.
  0.34298738 0.         0.         0.         0.         0.21384464
  0.20671603 0.         0.         0.30559631 0.         0.
  0.         0.         0.         0.         0.         0.26239101
  0.         0.         0.         0.         0.         0.31052297
  0.         0.         0.         0.         0.20180077 0.
  0.         0.         0.         0.53119551 0.         0.
  0.         0.         0.         0.26395853 0.         0.
  0.         0.         0.         0.         0.         0.
  0.         0.         0.         0.30559631 0.         0.
  0.35958374 0.35958374 0.         0.         0.         0.
  0.         0.24312856 0.         0.         0.         0.
  0.         0.         0.         0.         0.         0.35958374
  0.         0.         0.         0.         0.         0.
  0.         0.         0.         0.         0.         0.
  0.25453898 0.         0.         0.         0.         0.
  0.17635228 0.         0.21787139 0.         0.         0.19318937
  0.26595026 0.         0.         0.         0.         0.
  0.         0.         0.         0.35958374 0.28477742 0.
  0.17635228 0.29710884 0.         0.         0.         0.
  0.30559631 0.         0.         0.         0.         0.
  0.26595026 0.         0.         0.17063393 0.         0.
  0.         0.         0.         0.         0.30559631 0.23811512
  0.         0.         0.         0.30559631 0.30559631 0.
  0.30559631 0.         0.35958374 0.         0.         0.
  0.         0.         0.         0.         0.         0.
  0.        ]]"
"[[0.         0.         0.         0.         0.         0.
  0.         0.         0.         0.         0.         0.
  0.         0.         0.         0.21333333 0.         0.04621189
  0.         0.         0.         0.         0.         0.
  0.         0.         0.21333333 0.21333333 0.         0.11940134
  0.21333333 0.         0.         0.         0.         0.
  0.         0.         0.         0.21333333 0.         0.
  0.         0.21333333 0.         0.         0.         0.
  0.         0.         0.21333333 0.         0.         0.
  0.         0.09551002 0.         0.         0.         0.
  0.09551002 0.09078023 0.21333333 0.         0.         0.
  0.         0.         0.         0.         0.         0.09551002
  0.         0.         0.21333333 0.         0.         0.
  0.         0.         0.         0.         0.         0.
  0.         0.         0.         0.         0.         0.
  0.         0.09551002 0.         0.         0.         0.
  0.         0.         0.09551002 0.         0.         0.
  0.         0.43878689 0.11940134 0.         0.09551002 0.
  0.         0.         0.         0.8        0.05117994 0.
  0.05117994 0.         0.         0.09494043 0.         0.09494043
  0.         0.         0.         0.         0.         0.09551002
  0.         0.21333333 0.         0.         0.         0.
  0.         0.         0.         0.         0.         0.09551002
  0.09551002 0.         0.         0.         0.         0.
  0.09551002 0.         0.         0.21333333 0.         0.
  0.         0.04621189 0.         0.         0.         1.
  0.21333333 0.         0.         0.09551002 0.         0.
  0.         0.         0.05117994 0.         0.10666667 0.
  0.21333333 0.         0.04621189 0.21333333 0.         0.
  0.         0.         0.         0.         0.         0.
  0.         0.09551002 0.         0.         0.         0.
  0.09551002 0.         0.21333333 0.         0.         0.
  0.         0.         0.21333333 0.         0.         0.21333333
  0.09551002 0.         0.         0.         0.         0.09551002
  0.         0.         0.         0.         0.         0.
  0.         0.         0.         0.         0.         0.
  0.09551002 0.         0.         0.8        0.11940134 0.
  0.         0.09551002 0.07757377 0.04775501 0.         0.
  0.09551002 0.         0.         0.         0.         0.
  0.         0.09551002 0.09551002 0.         0.         0.21333333
  0.         0.21333333 0.         0.09551002 0.07757377 0.
  0.         0.         0.         0.         0.         0.04724064
  0.         0.21333333 0.         0.         0.         0.09078023
  0.09551002 0.         0.         0.21333333 0.09696904 0.
  0.         0.         0.         0.21333333 0.21333333 0.
  0.         0.         0.         0.         0.         0.
  0.         0.         0.         0.         0.         0.
  0.         0.         0.09551002 0.         0.         0.09551002
  0.21333333 0.31838252 0.         0.         0.         0.09551002
  0.         0.         0.         0.         0.         0.
  0.21333333 0.         0.         0.         0.         0.06462253
  0.         0.0277926  0.         0.         0.         0.
  0.         0.         0.21333333 0.         0.09551002 0.21333333
  0.         0.         0.21333333 0.05897572 0.21333333 0.
  0.         0.         0.21333333 0.         0.         0.
  0.         0.         0.09551002 0.         0.         0.
  0.09551002 0.         0.         0.8        0.09551002 0.
  0.         0.8        0.         0.         0.         0.
  0.05117994 0.         0.         0.         0.09551002 0.09551002
  0.21333333 0.         0.09551002 0.         0.09551002 0.21333333
  0.09551002 0.         0.         0.         0.         0.8
  0.09551002 0.         0.         0.         0.         0.09551002
  0.         0.         0.09551002 0.21333333 0.09551002 0.09551002
  0.         0.         0.09551002 0.8        0.         0.43878689
  0.         0.         0.09551002 0.         0.03659311 0.
  0.8        0.         0.0277926  0.0277926  0.11940134 0.
  0.         0.         0.         0.21333333 0.         0.
  0.         0.         0.07086095 0.         0.43878689 0.
  0.         0.         0.         0.         0.21333333 0.
  0.         0.21333333 0.         0.8        0.07757377 0.
  0.         0.21333333 0.         0.         0.         0.
  0.         0.         0.         0.         0.09551002 0.09052911
  0.         0.         0.         0.         0.         0.
  0.         0.21333333 0.21333333 0.         0.         0.
  0.         0.         0.         0.         0.         0.
  0.09551002 0.09551002 0.         0.         0.         0.
  0.         0.         0.         0.         0.         0.07142535
  0.21333333 0.         0.         0.         0.         0.
  0.        ]]"
"[[0.         0.         0.         0.         0.         0.
  0.         0.         0.         0.         0.         0.
  0.         0.         0.         0.64       0.         0.08533333
  0.         0.         0.         0.         0.         0.
  0.         0.         0.64       0.64       0.         0.
  0.8        0.         0.         0.         0.         0.
  0.         0.         0.         0.64       0.         0.
  0.         0.64       0.         0.         0.         0.
  0.         0.         0.8        0.         0.         0.
  0.         0.256      0.         0.         0.         0.
  0.256      0.128      0.64       0.         0.         0.
  0.         0.         0.         0.         0.         0.256
  0.         0.         0.64       0.         0.         0.
  0.         0.         0.         0.         0.         0.
  0.         0.         0.         0.         0.         0.
  0.         0.256      0.         0.         0.         0.
  0.         0.         0.256      0.         0.         0.
  0.         0.192      0.         0.         0.256      0.
  0.         0.         0.         0.21333333 0.07893333 0.
  0.07893333 0.         0.         0.128      0.         0.128
  0.         0.         0.         0.         0.         0.256
  0.         0.8        0.         0.         0.         0.
  0.         0.         0.         0.         0.         0.256
  0.256      0.         0.         0.         0.         0.
  0.256      0.         0.         0.64       0.         0.
  0.         0.08533333 0.         0.         0.         0.21333333
  1.         0.         0.         0.256      0.         0.
  0.         0.         0.07893333 0.         0.         0.
  0.64       0.         0.08533333 0.64       0.         0.
  0.         0.         0.         0.         0.         0.
  0.         0.256      0.         0.         0.         0.
  0.256      0.         0.64       0.         0.         0.
  0.         0.         0.8        0.         0.         0.
  0.256      0.         0.         0.         0.         0.256
  0.         0.         0.         0.         0.         0.
  0.         0.         0.         0.         0.         0.
  0.256      0.         0.         0.21333333 0.         0.
  0.         0.256      0.17066667 0.128      0.         0.
  0.256      0.         0.         0.         0.         0.
  0.         0.256      0.256      0.         0.         0.8
  0.         0.64       0.         0.256      0.17066667 0.
  0.         0.         0.         0.         0.         0.11377778
  0.         0.64       0.         0.         0.         0.128
  0.256      0.         0.         0.64       0.05688889 0.
  0.         0.         0.         0.64       0.8        0.
  0.         0.         0.         0.         0.         0.
  0.         0.         0.         0.         0.         0.
  0.         0.         0.256      0.         0.         0.256
  0.8        0.18488889 0.         0.         0.         0.256
  0.         0.         0.         0.         0.         0.
  0.8        0.         0.         0.         0.         0.03754667
  0.         0.03413333 0.         0.         0.         0.
  0.         0.         0.64       0.         0.256      0.64
  0.         0.         0.8        0.09386667 0.8        0.
  0.         0.         0.64       0.         0.         0.
  0.         0.         0.256      0.         0.         0.
  0.256      0.         0.         0.21333333 0.256      0.
  0.         0.21333333 0.         0.         0.         0.
  0.07893333 0.         0.         0.         0.256      0.256
  0.64       0.         0.256      0.         0.256      0.64
  0.256      0.         0.         0.         0.         0.21333333
  0.256      0.         0.         0.         0.         0.256
  0.         0.         0.256      0.64       0.256      0.256
  0.         0.         0.256      0.21333333 0.         0.192
  0.         0.         0.256      0.         0.06257778 0.
  0.21333333 0.         0.03413333 0.03413333 0.         0.
  0.         0.         0.         0.72       0.         0.
  0.         0.         0.17066667 0.         0.192      0.
  0.         0.         0.         0.         0.         0.
  0.         0.8        0.         0.21333333 0.17066667 0.
  0.         0.64       0.         0.         0.         0.
  0.         0.         0.         0.         0.256      0.15847619
  0.         0.         0.         0.         0.         0.
  0.         0.64       0.64       0.         0.         0.
  0.         0.         0.         0.         0.         0.
  0.256      0.256      0.         0.         0.         0.
  0.         0.         0.         0.         0.         0.1152
  0.8        0.         0.         0.         0.         0.
  0.        ]]"
"[[0.         0.         0.         0.         0.         0.
  0.         0.         0.         0.         0.         0.
  0.         0.         0.21680308 0.         0.24430801 0.
  0.         0.         0.         0.         0.         0.24526047
  0.         0.         0.         0.         0.         0.
  0.         0.         0.         0.         0.16199724 0.24811786
  0.23221395 0.         0.         0.         0.         0.
  0.         0.         0.         0.         0.23259321 0.21680308
  0.24016591 0.21680308 0.         0.         0.16199724 0.26339751
  0.24811786 0.         0.28489518 0.         0.         0.23982354
  0.         0.         0.         0.         0.         0.
  0.21680308 0.         0.         0.         0.         0.
  0.         0.23221395 0.         0.         0.23221395 0.26239101
  0.         0.26339751 0.         0.         0.         0.23246047
  0.         0.         0.2323783  0.         0.         0.
  0.         0.         0.         0.23221395 0.         0.
  0.         0.         0.         0.         0.21680308 0.24811786
  0.24683543 0.         0.         0.         0.         0.
  0.         0.         0.23221395 0.         0.         0.23221395
  0.         0.         0.23259321 0.         0.         0.
  0.24101164 0.21680308 0.         0.23221395 0.         0.
  0.23343399 0.         0.21532363 0.         0.         0.23252684
  0.22638944 0.23343399 0.         0.         0.         0.
  0.         0.23057086 0.20618598 0.         0.         0.21680308
  0.         0.23343399 0.23164734 0.         0.21680308 0.21680308
  0.         0.         0.23982839 0.23221395 0.26239101 0.
  0.         1.         0.22693568 0.         0.         0.
  0.35283125 0.21680308 0.         0.         0.         0.
  0.         0.16624335 0.         0.         0.23233721 0.21680308
  0.23221395 0.         0.52120154 0.23221395 0.         0.24052941
  0.23221395 0.         0.24882876 0.2249411  0.23221395 0.
  0.         0.         0.         0.         0.         0.26864611
  0.16412844 0.         0.         0.         0.23259321 0.
  0.         0.         0.         0.24811786 0.         0.
  0.         0.         0.21680308 0.21680308 0.         0.
  0.22501569 0.23221395 0.21680308 0.         0.33188193 0.
  0.         0.         0.23221395 0.         0.         0.
  0.1981712  0.         0.         0.         0.         0.26239101
  0.         0.21680308 0.         0.16199724 0.8        0.
  0.24811786 0.         0.         0.         0.         0.
  0.         0.         0.         0.         0.         0.26239101
  0.         0.20108995 0.21680308 0.20618598 0.         0.
  0.23221395 0.         0.         0.         0.         0.
  0.         0.24811786 0.         0.         0.         0.
  0.26239101 0.         0.21680308 0.         0.         0.
  0.         0.         0.20618598 0.21680308 0.         0.
  0.35283125 0.         0.23221395 0.         0.23037372 0.23221395
  0.24811786 0.22140631 0.         0.         0.8        0.
  0.         0.         0.         0.23221395 0.         0.
  0.         0.23420424 0.         0.20267889 0.         0.
  0.         0.23246047 0.         0.         0.         0.
  0.         0.         0.21680308 0.23343399 0.         0.21680308
  0.24811786 0.23237837 0.         0.23343399 0.         0.
  0.52120154 0.         0.         0.         0.         0.22530946
  0.23401893 0.         0.         0.23221395 0.         0.
  0.         0.         0.         0.         0.         0.8
  0.         0.         0.         0.         0.         0.22732984
  0.         0.         0.         0.         0.22828683 0.
  0.         0.         0.         0.53119551 0.         0.
  0.         0.         0.         0.16412844 0.         0.
  0.         0.         0.         0.         0.         0.
  0.         0.         0.         0.23221395 0.         0.
  0.21680308 0.21680308 0.         0.         0.         0.
  0.         0.22393477 0.         0.         0.         0.
  0.         0.         0.         0.         0.         0.21680308
  0.         0.         0.         0.         0.         0.
  0.         0.         0.         0.         0.         0.
  0.23697015 0.         0.         0.         0.         0.
  0.23343399 0.         0.24028917 0.         0.         0.22540619
  0.20618598 0.         0.         0.         0.         0.
  0.         0.         0.         0.21680308 0.1981712  0.
  0.23343399 0.24526047 0.         0.         0.         0.
  0.23221395 0.         0.         0.         0.         0.
  0.20618598 0.         0.         0.24811786 0.         0.
  0.         0.         0.         0.         0.23221395 0.24016591
  0.         0.         0.         0.23221395 0.23221395 0.
  0.23221395 0.         0.21680308 0.         0.         0.
  0.         0.         0.         0.         0.         0.
  0.        ]]"
"[[0.         0.         0.         0.         0.         0.
  0.         0.         0.         0.         0.         0.
  0.         0.         0.18548975 0.         0.27546556 0.
  0.         0.         0.         0.         0.         0.32045347
  0.         0.         0.         0.         0.         0.
  0.         0.         0.         0.         0.16968286 0.45541719
  0.2088635  0.         0.         0.         0.         0.
  0.         0.         0.         0.         0.21726081 0.18548975
  0.33214035 0.18548975 0.         0.         0.16968286 0.24954622
  0.45541719 0.         0.34708344 0.         0.         0.29482921
  0.         0.         0.         0.         0.         0.
  0.18548975 0.         0.         0.         0.         0.
  0.         0.2088635  0.         0.         0.2088635  0.18258472
  0.         0.24954622 0.         0.         0.         0.32045347
  0.         0.         0.28325681 0.         0.         0.
  0.         0.         0.         0.2088635  0.         0.
  0.         0.         0.         0.         0.18548975 0.45541719
  0.30144981 0.         0.         0.         0.         0.
  0.         0.         0.2088635  0.         0.         0.2088635
  0.         0.         0.21726081 0.         0.         0.
  0.29586924 0.18548975 0.         0.2088635  0.         0.
  0.2519991  0.         0.25449406 0.         0.         0.26885714
  0.34170206 0.2519991  0.         0.         0.         0.
  0.         0.21533413 0.19348379 0.         0.         0.18548975
  0.         0.2519991  0.2911601  0.         0.18548975 0.18548975
  0.         0.         0.41797802 0.2088635  0.18258472 0.
  0.         0.22693568 1.         0.         0.         0.
  0.2457778  0.18548975 0.         0.         0.         0.
  0.         0.16477362 0.         0.         0.26641287 0.18548975
  0.2088635  0.         0.20621272 0.2088635  0.         0.24562695
  0.2088635  0.         0.25224535 0.32341998 0.2088635  0.
  0.         0.         0.         0.         0.         0.26556033
  0.15174015 0.         0.         0.         0.21726081 0.
  0.         0.         0.         0.45541719 0.         0.
  0.         0.         0.18548975 0.18548975 0.         0.
  0.33636938 0.2088635  0.18548975 0.         0.23830722 0.
  0.         0.         0.2088635  0.         0.         0.
  0.18030182 0.         0.         0.         0.         0.18258472
  0.         0.18548975 0.         0.16968286 0.22693568 0.
  0.48208386 0.         0.         0.         0.         0.
  0.         0.         0.         0.         0.         0.18258472
  0.         0.19232444 0.18548975 0.19348379 0.         0.
  0.2088635  0.         0.         0.         0.         0.
  0.         0.45541719 0.         0.         0.         0.
  0.18258472 0.         0.18548975 0.         0.         0.
  0.         0.         0.19348379 0.18548975 0.         0.
  0.2457778  0.         0.2088635  0.         0.29453452 0.2088635
  0.45541719 0.34303929 0.         0.         0.22693568 0.
  0.         0.         0.         0.2088635  0.         0.
  0.         0.32161426 0.         0.20947436 0.         0.
  0.         0.32045347 0.         0.         0.         0.
  0.         0.         0.18548975 0.2519991  0.         0.18548975
  0.45541719 0.42007139 0.         0.2519991  0.         0.
  0.20621272 0.         0.         0.         0.         0.33012039
  0.38545221 0.         0.         0.2088635  0.         0.
  0.         0.         0.         0.         0.         0.22693568
  0.         0.         0.         0.         0.         0.20667046
  0.         0.         0.         0.         0.3576064  0.
  0.         0.         0.         0.2047602  0.         0.
  0.         0.         0.         0.15174015 0.         0.
  0.         0.         0.         0.         0.         0.
  0.         0.         0.         0.2088635  0.         0.
  0.18548975 0.18548975 0.         0.         0.         0.
  0.         0.31183589 0.         0.         0.         0.
  0.         0.         0.         0.         0.         0.18548975
  0.         0.         0.         0.         0.         0.
  0.         0.         0.         0.         0.         0.
  0.25799104 0.         0.         0.         0.         0.
  0.2519991  0.         0.39593533 0.         0.         0.40367988
  0.19348379 0.         0.         0.         0.         0.
  0.         0.         0.         0.18548975 0.18030182 0.
  0.2519991  0.32045347 0.         0.         0.         0.
  0.2088635  0.         0.         0.         0.         0.
  0.19348379 0.         0.         0.45541719 0.         0.
  0.         0.         0.         0.         0.2088635  0.33214035
  0.         0.         0.         0.2088635  0.2088635  0.
  0.2088635  0.         0.18548975 0.         0.         0.
  0.         0.         0.         0.         0.         0.
  0.        ]]"
"[[0.         0.         0.         0.         0.         0.
  0.         0.         0.         0.         0.         0.
  0.         0.         0.         0.256      0.         0.09014012
  0.         0.         0.         0.         0.         0.
  0.         0.         0.256      0.256      0.         0.
  0.256      0.         0.         0.         0.         0.
  0.         0.         0.         0.256      0.         0.
  0.         0.256      0.         0.         0.         0.
  0.         0.         0.256      0.         0.         0.
  0.         0.8        0.         0.         0.         0.
  0.8        0.34253503 0.256      0.         0.         0.
  0.         0.         0.         0.         0.         0.64
  0.         0.         0.256      0.         0.         0.
  0.         0.         0.         0.         0.         0.
  0.         0.         0.         0.         0.         0.
  0.         0.8        0.         0.         0.         0.
  0.         0.         0.8        0.         0.         0.
  0.         0.09551002 0.         0.         0.64       0.
  0.         0.         0.         0.09551002 0.04868355 0.
  0.04868355 0.         0.         0.06248139 0.         0.06248139
  0.         0.         0.         0.         0.         0.8
  0.         0.256      0.         0.         0.         0.
  0.         0.         0.         0.         0.         0.64
  0.64       0.         0.         0.         0.         0.
  0.8        0.         0.         0.256      0.         0.
  0.         0.09014012 0.         0.         0.         0.09551002
  0.256      0.         0.         1.         0.         0.
  0.         0.         0.04868355 0.         0.         0.
  0.256      0.         0.09014012 0.256      0.         0.
  0.         0.         0.         0.         0.         0.
  0.         0.64       0.         0.         0.         0.
  0.64       0.         0.256      0.         0.         0.
  0.         0.         0.256      0.         0.         0.
  0.64       0.         0.         0.         0.         0.64
  0.         0.         0.         0.         0.         0.
  0.         0.         0.         0.         0.         0.
  0.8        0.         0.         0.09551002 0.         0.
  0.         0.64       0.09551002 0.32       0.         0.
  0.8        0.         0.         0.         0.         0.
  0.         0.64       0.64       0.         0.         0.256
  0.         0.256      0.         0.64       0.09551002 0.
  0.         0.         0.         0.         0.         0.24338004
  0.         0.256      0.         0.         0.         0.34253503
  0.64       0.         0.         0.256      0.03183667 0.
  0.         0.         0.         0.256      0.256      0.
  0.         0.         0.         0.         0.         0.
  0.         0.         0.         0.         0.         0.
  0.         0.         0.64       0.         0.         0.8
  0.256      0.09551002 0.         0.         0.         0.64
  0.         0.         0.         0.         0.         0.
  0.256      0.         0.         0.         0.         0.02645056
  0.         0.03295268 0.         0.         0.         0.
  0.         0.         0.256      0.         0.64       0.256
  0.         0.         0.256      0.05392717 0.256      0.
  0.         0.         0.256      0.         0.         0.
  0.         0.         0.64       0.         0.         0.
  0.64       0.         0.         0.09551002 0.64       0.
  0.         0.09551002 0.         0.         0.         0.
  0.04868355 0.         0.         0.         0.64       0.8
  0.256      0.         0.64       0.         0.64       0.256
  0.8        0.         0.         0.         0.         0.09551002
  0.64       0.         0.         0.         0.         0.64
  0.         0.         0.64       0.256      0.8        0.64
  0.         0.         0.64       0.09551002 0.         0.09551002
  0.         0.         0.64       0.         0.04408427 0.
  0.09551002 0.         0.03295268 0.03295268 0.         0.
  0.         0.         0.         0.256      0.         0.
  0.         0.         0.44507006 0.         0.09551002 0.
  0.         0.         0.         0.         0.         0.
  0.         0.256      0.         0.09551002 0.09551002 0.
  0.         0.256      0.         0.         0.         0.
  0.         0.         0.         0.         0.64       0.40788717
  0.         0.         0.         0.         0.         0.
  0.         0.256      0.256      0.         0.         0.
  0.         0.         0.         0.         0.         0.
  0.8        0.64       0.         0.         0.         0.
  0.         0.         0.         0.         0.         0.06102698
  0.256      0.         0.         0.         0.         0.
  0.        ]]"
"[[0.  0.  0.  0.  0.  0.  0.  0.  0.  0.  0.  0.  0.  0.  0.  0.  0.  0.
  0.  0.  0.  0.  0.  0.  0.  0.  0.  0.  0.  0.  0.  0.  0.  0.  0.  0.
  0.  0.  0.  0.  0.  0.  0.  0.  0.  0.  0.  0.  0.  0.  0.  0.  0.  0.
  0.  0.  0.  0.  0.  0.  0.  0.  0.  0.  0.  0.  0.  0.  0.  0.  0.  0.
  0.  0.  0.  0.  0.  0.  0.  0.  0.  0.  0.  0.  0.  0.  0.  0.  0.  0.
  0.  0.  0.  0.  0.  0.  0.  0.  0.  0.  0.  0.  0.  0.  0.  0.  0.  0.
  0.  0.  0.  0.  0.  0.  0.  0.  0.  0.  0.  0.  0.  0.  0.  0.  0.  0.
  0.  0.  0.  0.  0.  0.  0.  0.  0.  0.  0.  0.  0.  0.  0.  0.  0.  0.
  0.  0.  0.  0.  0.  0.  0.  0.  0.  0.  0.  0.  0.  0.  0.  0.  1.  0.
  0.  0.  0.  0.  0.  0.  0.  0.  0.  0.  0.  0.  0.  0.  0.  0.  0.  0.
  0.  0.  0.  0.  0.  0.  0.  0.  0.  0.  0.  0.  0.  0.  0.  0.  0.  0.
  0.  0.  0.  0.  0.  0.  0.  0.  0.  0.  0.  0.  0.  0.  0.  0.  0.  0.
  0.  0.  0.  0.  0.  0.  0.  0.  0.  0.  0.  0.  0.  0.  0.  0.  0.  0.
  0.  0.  0.  0.  0.  0.  0.  0.  0.  0.  0.  0.  0.  0.  0.  0.  0.  0.
  0.  0.  0.  0.  0.  0.  0.  0.  0.  0.  0.  0.  0.  0.  0.  0.  0.  0.
  0.  0.  0.  0.  0.  0.  0.  0.  0.  0.  0.  0.  0.  0.  0.  0.  0.  0.
  0.  0.  0.  0.  0.  0.  0.  0.  0.  0.  0.  0.  0.  0.  0.  0.  0.  0.
  0.  0.  0.  0.  0.  0.  0.  0.  0.  0.  0.  0.  0.  0.  0.  0.  0.  0.
  0.  0.  0.  0.  0.  0.  0.  0.  0.  0.  0.  0.  0.  0.  0.  0.  0.  0.
  0.  0.  0.  0.  0.  0.  0.  0.  0.  0.  0.  0.  0.  0.  0.  0.  0.  0.
  0.  0.  0.  0.  0.  0.  0.  0.  0.  0.  0.  0.  0.  0.  0.  0.  0.  0.
  0.  0.  0.  0.  0.  0.  0.  0.  0.  0.  0.  0.  0.  0.  0.  0.  0.  0.
  0.  0.  0.  0.  0.  0.  0.  0.  0.  0.  0.  0.  0.  0.  0.  0.  0.  0.
  0.  0.  0.  0.  0.  0.  0.  0.  0.  0.  0.  0.  0.  0.  0.  0.  0.  0.
  0.  0.  0.  0.  0.  0.  0.  0.  0.  0.  0.  0.  0.  0.  0.  0.  0.  0.
  0.  0.  0.  0.  0.  0.  0.  0.  0.  0.  0.  0.  0.  0.  0.  0.  0.  0.8
  0. ]]"
"[[0.         0.         0.         0.         0.         0.
  0.         0.         0.         0.         0.         0.
  0.         0.         0.         0.         0.         0.
  0.8        0.         0.         0.8        0.         0.
  0.         0.         0.         0.         0.18027303 0.
  0.         0.1714402  0.         0.         0.         0.
  0.         0.8        0.         0.         0.8        0.
  0.         0.         0.08535929 0.         0.         0.
  0.         0.         0.         0.         0.         0.
  0.         0.         0.         0.         0.12027214 0.
  0.         0.         0.         0.         0.         0.8
  0.         0.         0.         0.         0.         0.
  0.         0.         0.         0.         0.         0.
  0.         0.         0.8        0.8        0.12856171 0.
  0.         0.         0.         0.16985201 0.         0.8
  0.         0.         0.         0.         0.         0.
  0.8        0.         0.         0.8        0.         0.
  0.         0.         0.         0.         0.         0.
  0.8        0.8        0.         0.         0.         0.
  0.         0.         0.         0.         0.         0.
  0.         0.         0.08526979 0.         0.         0.
  0.         0.         0.         0.         0.8        0.
  0.         0.         0.         0.         0.         0.
  0.         0.         0.         0.11346386 0.8        0.
  0.         0.         0.         0.         0.         0.
  0.         0.         0.         0.         0.         0.
  0.         0.         0.         0.         0.         1.
  0.         0.         0.         0.         0.         0.8
  0.         0.         0.         0.         0.         0.
  0.         0.8        0.         0.         0.         0.
  0.         0.         0.         0.         0.         0.08535929
  0.         0.         0.         0.07191812 0.         0.
  0.         0.         0.         0.         0.         0.
  0.         0.         0.         0.         0.         0.
  0.8        0.         0.         0.         0.8        0.8
  0.         0.         0.         0.         0.         0.
  0.         0.         0.         0.         0.         0.
  0.         0.         0.         0.         0.         0.
  0.         0.         0.         0.         0.         0.
  0.         0.         0.         0.         0.         0.
  0.         0.         0.06428085 0.         0.         0.
  0.8        0.         0.         0.         0.8        0.
  0.         0.         0.12869422 0.         0.11497495 0.
  0.         0.         0.         0.         0.         0.
  0.         0.         0.         0.         0.         0.
  0.         0.         0.         0.         0.         0.
  0.         0.         0.         0.         0.         0.
  0.         0.         0.         0.         0.         0.
  0.         0.         0.         0.         0.8        0.
  0.         0.         0.         0.         0.         0.
  0.         0.         0.8        0.         0.08719264 0.
  0.8        0.         0.         0.         0.         0.
  0.         0.         0.         0.         0.         0.
  0.         0.         0.         0.         0.         0.
  0.         0.         0.         0.         0.         0.
  0.18027303 0.8        0.         0.         0.         0.
  0.         0.8        0.8        0.         0.         0.
  0.         0.         0.         0.         0.         0.
  0.         0.         0.8        0.         0.         0.
  0.         0.8        0.         0.         0.         0.
  0.         0.         0.         0.8        0.         0.
  0.         0.         0.         0.         0.         0.
  0.         0.         0.         0.         0.         0.
  0.08297931 0.         0.         0.         0.         0.
  0.         0.         0.         0.         0.         0.
  0.         0.8        0.         0.         0.         0.
  0.08630174 0.         0.         0.         0.8        0.8
  0.         0.         0.         0.         0.         0.
  0.         0.         0.         0.         0.         0.
  0.         0.         0.8        0.         0.         0.
  0.         0.         0.1714402  0.         0.         0.8
  0.         0.         0.8        0.         0.         0.
  0.         0.         0.09648754 0.         0.8        0.
  0.         0.         0.         0.         0.09648754 0.
  0.         0.         0.         0.         0.         0.
  0.         0.         0.         0.         0.         0.
  0.         0.09958583 0.         0.8        0.         0.
  0.         0.         0.         0.         0.11027147 0.
  0.        ]]"
"[[0.         0.         0.         0.         0.         0.
  0.         0.         0.         0.         0.         0.
  0.         0.         0.32874686 0.         0.37820722 0.
  0.         0.         0.         0.         0.         0.34480406
  0.         0.         0.         0.         0.         0.
  0.         0.         0.         0.         0.16659577 0.27126125
  0.30030989 0.         0.         0.         0.         0.
  0.         0.         0.         0.         0.28726291 0.32874686
  0.28578557 0.32874686 0.         0.         0.16659577 0.37397518
  0.27126125 0.         0.32473398 0.         0.         0.2708704
  0.         0.         0.         0.         0.         0.
  0.32874686 0.         0.         0.         0.         0.
  0.         0.30030989 0.         0.         0.30030989 0.38371421
  0.         0.37397518 0.         0.         0.         0.30000406
  0.         0.         0.300106   0.         0.         0.
  0.         0.         0.         0.30030989 0.         0.
  0.         0.         0.         0.         0.32874686 0.29792792
  0.26313841 0.         0.         0.         0.         0.
  0.         0.         0.30030989 0.         0.         0.30030989
  0.         0.         0.28726291 0.         0.         0.
  0.27104565 0.32874686 0.         0.30030989 0.         0.
  0.21012683 0.         0.20951188 0.         0.         0.29363348
  0.25791683 0.21012683 0.         0.         0.         0.
  0.         0.28502371 0.25885709 0.         0.         0.32874686
  0.         0.21012683 0.27055732 0.         0.32874686 0.32874686
  0.         0.         0.27123897 0.30030989 0.38371421 0.
  0.         0.35283125 0.2457778  0.         0.         0.
  1.         0.32874686 0.         0.         0.         0.
  0.         0.15980359 0.         0.         0.30069031 0.32874686
  0.30030989 0.         0.38558906 0.30030989 0.         0.24206654
  0.30030989 0.         0.37958396 0.253687   0.30030989 0.
  0.         0.         0.         0.         0.         0.36288226
  0.23332492 0.         0.         0.         0.28726291 0.
  0.         0.         0.         0.27126125 0.         0.
  0.         0.         0.32874686 0.32874686 0.         0.
  0.25372422 0.30030989 0.32874686 0.         0.35450918 0.
  0.         0.         0.30030989 0.         0.         0.
  0.26681741 0.         0.         0.         0.         0.38371421
  0.         0.32874686 0.         0.16659577 0.35283125 0.
  0.27126125 0.         0.         0.         0.         0.
  0.         0.         0.         0.         0.         0.38371421
  0.         0.21138641 0.32874686 0.25885709 0.         0.
  0.30030989 0.         0.         0.         0.         0.
  0.         0.27126125 0.         0.         0.         0.
  0.38371421 0.         0.32874686 0.         0.         0.
  0.         0.         0.25885709 0.32874686 0.         0.
  0.37045119 0.         0.30030989 0.         0.27659857 0.30030989
  0.27126125 0.21361969 0.         0.         0.35283125 0.
  0.         0.         0.         0.30030989 0.         0.
  0.         0.26377769 0.         0.26856296 0.         0.
  0.         0.30000406 0.         0.         0.         0.
  0.         0.         0.32874686 0.21012683 0.         0.32874686
  0.27126125 0.23519291 0.         0.21012683 0.         0.
  0.38558906 0.         0.         0.         0.         0.25789203
  0.26950186 0.         0.         0.30030989 0.         0.
  0.         0.         0.         0.         0.         0.35283125
  0.         0.         0.         0.         0.         0.30109089
  0.         0.         0.         0.         0.25700314 0.
  0.         0.         0.         0.36827273 0.         0.
  0.         0.         0.         0.23332492 0.         0.
  0.         0.         0.         0.         0.         0.
  0.         0.         0.         0.30030989 0.         0.
  0.32874686 0.32874686 0.         0.         0.         0.
  0.         0.27311169 0.         0.         0.         0.
  0.         0.         0.         0.         0.         0.32874686
  0.         0.         0.         0.         0.         0.
  0.         0.         0.         0.         0.         0.
  0.27609618 0.         0.         0.         0.         0.
  0.21012683 0.         0.28563266 0.         0.         0.25469401
  0.25885709 0.         0.         0.         0.         0.
  0.         0.         0.         0.32874686 0.26681741 0.
  0.21012683 0.35813739 0.         0.         0.         0.
  0.30030989 0.         0.         0.         0.         0.
  0.25885709 0.         0.         0.29792792 0.         0.
  0.         0.         0.         0.         0.30030989 0.28578557
  0.         0.         0.         0.30030989 0.30030989 0.
  0.30030989 0.         0.32874686 0.         0.         0.
  0.         0.         0.         0.         0.         0.
  0.        ]]"
"[[0.         0.         0.         0.         0.         0.
  0.         0.         0.         0.         0.         0.
  0.         0.         0.8        0.         0.39229413 0.
  0.         0.         0.         0.         0.         0.33244119
  0.         0.         0.         0.         0.         0.
  0.         0.         0.         0.         0.17043872 0.15288238
  0.44519629 0.         0.         0.         0.         0.
  0.         0.         0.         0.         0.45409874 0.8
  0.29903933 0.8        0.         0.         0.17043872 0.35113562
  0.15288238 0.         0.18604718 0.         0.         0.27974558
  0.         0.         0.         0.         0.         0.
  0.64       0.         0.         0.         0.         0.
  0.         0.44519629 0.         0.         0.44519629 0.35958374
  0.         0.35113562 0.         0.         0.         0.39644119
  0.         0.         0.46602622 0.         0.         0.
  0.         0.         0.         0.44519629 0.         0.
  0.         0.         0.         0.         0.8        0.15288238
  0.27302556 0.         0.         0.         0.         0.
  0.         0.         0.44519629 0.         0.         0.44519629
  0.         0.         0.45409874 0.         0.         0.
  0.27743458 0.8        0.         0.44519629 0.         0.
  0.16524586 0.         0.20305623 0.         0.         0.42526996
  0.22394201 0.16524586 0.         0.         0.         0.
  0.         0.4415524  0.34433176 0.         0.         0.64
  0.         0.16524586 0.25945255 0.         0.8        0.8
  0.         0.         0.20029674 0.44519629 0.35958374 0.
  0.         0.21680308 0.18548975 0.         0.         0.
  0.32874686 1.         0.         0.         0.         0.
  0.         0.14873826 0.         0.         0.45281874 0.8
  0.44519629 0.         0.36440154 0.44519629 0.         0.27181922
  0.44519629 0.         0.38411653 0.23334155 0.44519629 0.
  0.         0.         0.         0.         0.         0.31091953
  0.3418325  0.         0.         0.         0.45409874 0.
  0.         0.         0.         0.15288238 0.         0.
  0.         0.         0.8        0.64       0.         0.
  0.2284161  0.44519629 0.8        0.         0.33097328 0.
  0.         0.         0.44519629 0.         0.         0.
  0.39351439 0.         0.         0.         0.         0.35958374
  0.         0.8        0.         0.17043872 0.21680308 0.
  0.15288238 0.         0.         0.         0.         0.
  0.         0.         0.         0.         0.         0.35958374
  0.         0.23079213 0.8        0.34433176 0.         0.
  0.44519629 0.         0.         0.         0.         0.
  0.         0.15288238 0.         0.         0.         0.
  0.35958374 0.         0.64       0.         0.         0.
  0.         0.         0.34433176 0.8        0.         0.
  0.32874686 0.         0.44519629 0.         0.2815388  0.44519629
  0.15288238 0.12566528 0.         0.         0.21680308 0.
  0.         0.         0.         0.44519629 0.         0.
  0.         0.25487425 0.         0.36805328 0.         0.
  0.         0.39644119 0.         0.         0.         0.
  0.         0.         0.8        0.16524586 0.         0.8
  0.15288238 0.14292334 0.         0.16524586 0.         0.
  0.36440154 0.         0.         0.         0.         0.24508734
  0.22752403 0.         0.         0.44519629 0.         0.
  0.         0.         0.         0.         0.         0.21680308
  0.         0.         0.         0.         0.         0.51606583
  0.         0.         0.         0.         0.21967129 0.
  0.         0.         0.         0.28819341 0.         0.
  0.         0.         0.         0.3418325  0.         0.
  0.         0.         0.         0.         0.         0.
  0.         0.         0.         0.44519629 0.         0.
  0.8        0.8        0.         0.         0.         0.
  0.         0.29723816 0.         0.         0.         0.
  0.         0.         0.         0.         0.         0.8
  0.         0.         0.         0.         0.         0.
  0.         0.         0.         0.         0.         0.
  0.37473012 0.         0.         0.         0.         0.
  0.16524586 0.         0.24266179 0.         0.         0.2049482
  0.34433176 0.         0.         0.         0.         0.
  0.         0.         0.         0.64       0.39351439 0.
  0.16524586 0.33244119 0.         0.         0.         0.
  0.44519629 0.         0.         0.         0.         0.
  0.34433176 0.         0.         0.15288238 0.         0.
  0.         0.         0.         0.         0.44519629 0.29903933
  0.         0.         0.         0.44519629 0.44519629 0.
  0.44519629 0.         0.8        0.         0.         0.
  0.         0.         0.         0.         0.         0.
  0.        ]]"
"[[0.         0.         0.         0.         0.         0.
  0.         0.         0.         0.         0.         0.
  0.         0.         0.         0.07893333 0.         0.03952859
  0.         0.         0.         0.         0.         0.
  0.         0.         0.07893333 0.07893333 0.         0.03638861
  0.07893333 0.         0.         0.         0.         0.
  0.         0.         0.         0.07893333 0.         0.
  0.         0.07893333 0.         0.         0.         0.
  0.         0.         0.07893333 0.         0.         0.
  0.         0.04868355 0.         0.         0.         0.
  0.04868355 0.04111598 0.07893333 0.         0.         0.
  0.         0.         0.         0.         0.         0.04868355
  0.         0.         0.07893333 0.         0.         0.
  0.         0.         0.         0.         0.         0.
  0.         0.         0.         0.         0.         0.
  0.         0.04868355 0.         0.         0.         0.
  0.         0.         0.04868355 0.         0.         0.
  0.         0.05457738 0.03638861 0.         0.04868355 0.
  0.         0.         0.         0.05117994 0.37197244 0.
  0.37197244 0.         0.         0.30852338 0.         0.30852338
  0.         0.         0.         0.         0.         0.04868355
  0.         0.07893333 0.         0.         0.         0.
  0.         0.         0.         0.         0.         0.04868355
  0.04868355 0.         0.         0.         0.         0.
  0.04868355 0.         0.         0.07893333 0.         0.
  0.         0.03952859 0.         0.         0.         0.05117994
  0.07893333 0.         0.         0.04868355 0.         0.
  0.         0.         1.         0.         0.016      0.
  0.07893333 0.         0.03952859 0.07893333 0.         0.
  0.         0.         0.         0.         0.         0.
  0.         0.04868355 0.         0.         0.         0.
  0.04868355 0.         0.07893333 0.         0.         0.
  0.         0.         0.07893333 0.         0.         0.032
  0.04868355 0.         0.         0.         0.         0.04868355
  0.         0.         0.         0.         0.         0.
  0.         0.         0.         0.         0.         0.
  0.04868355 0.         0.         0.05117994 0.03638861 0.
  0.         0.04868355 0.05797481 0.02434177 0.         0.
  0.04868355 0.         0.         0.         0.         0.
  0.         0.04868355 0.04868355 0.         0.         0.07893333
  0.         0.07893333 0.         0.04868355 0.05797481 0.
  0.         0.         0.         0.         0.         0.02940405
  0.         0.07893333 0.         0.         0.         0.04111598
  0.04868355 0.         0.         0.07893333 0.0299916  0.
  0.         0.         0.         0.07893333 0.07893333 0.
  0.         0.         0.         0.         0.         0.
  0.         0.         0.         0.         0.         0.
  0.         0.         0.04868355 0.         0.         0.04868355
  0.07893333 0.05570985 0.         0.         0.         0.04868355
  0.         0.         0.         0.         0.         0.
  0.07893333 0.         0.         0.         0.         0.24227328
  0.         0.39256486 0.         0.         0.         0.
  0.         0.         0.07893333 0.         0.04868355 0.07893333
  0.         0.         0.07893333 0.3651083  0.07893333 0.
  0.         0.         0.07893333 0.         0.         0.
  0.         0.         0.04868355 0.         0.         0.
  0.04868355 0.         0.         0.05117994 0.04868355 0.
  0.         0.05117994 0.         0.         0.         0.
  0.37197244 0.         0.         0.         0.04868355 0.04868355
  0.07893333 0.         0.04868355 0.         0.04868355 0.07893333
  0.04868355 0.         0.         0.         0.         0.05117994
  0.04868355 0.         0.         0.         0.         0.04868355
  0.         0.         0.04868355 0.07893333 0.04868355 0.04868355
  0.         0.         0.04868355 0.05117994 0.         0.05457738
  0.         0.         0.04868355 0.         0.39312213 0.
  0.05117994 0.         0.39256486 0.39256486 0.03638861 0.
  0.         0.         0.         0.07893333 0.         0.
  0.         0.         0.04410607 0.         0.05457738 0.
  0.         0.         0.         0.         0.032      0.
  0.         0.07893333 0.         0.05117994 0.05797481 0.
  0.         0.07893333 0.         0.         0.         0.
  0.         0.         0.         0.         0.04868355 0.04345711
  0.         0.         0.         0.         0.         0.
  0.         0.07893333 0.07893333 0.         0.         0.
  0.         0.         0.         0.         0.         0.
  0.04868355 0.04868355 0.         0.         0.         0.
  0.         0.         0.         0.         0.         0.34495918
  0.07893333 0.         0.         0.         0.         0.
  0.        ]]"
"[[0.         0.         0.         0.         0.         0.
  0.         0.         0.         0.         0.         0.
  0.         0.         0.         0.         0.         0.
  0.         0.27537158 0.27308048 0.         0.30078342 0.
  0.         0.         0.         0.         0.         0.
  0.         0.         0.         0.30837404 0.         0.
  0.         0.         0.         0.         0.         0.1921751
  0.14037532 0.         0.         0.         0.         0.
  0.         0.         0.         0.         0.         0.
  0.         0.         0.         0.         0.         0.
  0.         0.         0.         0.         0.         0.
  0.         0.         0.34369733 0.         0.         0.
  0.         0.         0.         0.         0.         0.
  0.         0.         0.         0.         0.         0.
  0.         0.         0.         0.         0.         0.
  0.35974245 0.         0.14055673 0.         0.2078729  0.
  0.         0.         0.         0.         0.         0.
  0.         0.         0.         0.         0.         0.34140623
  0.         0.         0.         0.         0.         0.
  0.         0.         0.         0.         0.         0.
  0.         0.         0.         0.         0.         0.
  0.         0.         0.         0.         0.         0.
  0.         0.         0.         0.40787782 0.         0.
  0.         0.         0.         0.         0.         0.
  0.         0.         0.         0.         0.         0.
  0.14217633 0.         0.         0.         0.         0.
  0.         0.         0.         0.         0.         0.
  0.         0.         0.         1.         0.         0.
  0.         0.         0.         0.         0.         0.
  0.         0.         0.         0.         0.         0.
  0.         0.         0.         0.         0.         0.
  0.         0.         0.         0.         0.         0.
  0.         0.         0.         0.         0.         0.
  0.         0.         0.         0.         0.13939591 0.
  0.         0.         0.         0.         0.         0.
  0.         0.         0.         0.         0.         0.
  0.         0.         0.         0.         0.         0.
  0.         0.         0.         0.         0.         0.
  0.         0.         0.         0.         0.         0.
  0.         0.         0.         0.         0.         0.
  0.         0.         0.         0.         0.         0.
  0.         0.         0.         0.         0.         0.
  0.         0.         0.         0.         0.         0.
  0.         0.         0.         0.         0.         0.
  0.         0.         0.         0.         0.         0.
  0.         0.13677328 0.         0.         0.         0.14009963
  0.         0.         0.         0.         0.         0.
  0.         0.         0.         0.         0.         0.
  0.         0.         0.         0.         0.         0.
  0.         0.         0.         0.         0.         0.
  0.         0.         0.         0.         0.         0.
  0.         0.         0.         0.         0.         0.
  0.         0.         0.         0.         0.         0.
  0.         0.14385306 0.         0.         0.         0.
  0.         0.1395537  0.         0.         0.         0.14152097
  0.         0.         0.         0.         0.         0.
  0.         0.         0.         0.         0.         0.
  0.         0.         0.         0.         0.         0.
  0.         0.         0.         0.         0.         0.
  0.         0.         0.         0.         0.         0.
  0.         0.         0.         0.         0.         0.
  0.         0.37701893 0.         0.         0.         0.
  0.         0.         0.         0.         0.         0.
  0.         0.         0.         0.         0.         0.
  0.1388245  0.         0.         0.         0.         0.
  0.         0.         0.         0.         0.         0.
  0.         0.         0.         0.         0.         0.
  0.         0.         0.         0.         0.         0.
  0.         0.         0.         0.         0.         0.
  0.         0.         0.         0.         0.         0.
  0.40787782 0.         0.         0.         0.         0.
  0.         0.         0.         0.         0.         0.
  0.         0.         0.         0.         0.         0.14506002
  0.         0.         0.         0.         0.         0.
  0.         0.         0.         0.         0.         0.
  0.         0.         0.         0.         0.         0.
  0.         0.         0.         0.         0.         0.
  0.         0.         0.         0.         0.         0.
  0.        ]]"
"[[0.         0.         0.         0.         0.         0.
  0.4        0.         0.         0.4        0.         0.
  0.         0.         0.         0.         0.         0.
  0.         0.         0.         0.         0.         0.
  0.         0.         0.         0.         0.         0.16
  0.         0.         0.         0.         0.         0.
  0.         0.         0.         0.         0.         0.
  0.         0.         0.         0.         0.         0.
  0.         0.         0.         0.         0.         0.
  0.         0.         0.         0.         0.         0.
  0.         0.05333333 0.         0.         0.         0.
  0.         0.         0.         0.         0.         0.
  0.         0.         0.         0.         0.         0.
  0.         0.         0.         0.         0.         0.
  0.         0.         0.         0.         0.         0.
  0.         0.         0.         0.         0.         0.
  0.         0.         0.         0.         0.         0.
  0.         0.05333333 0.16       0.         0.         0.
  0.         0.         0.         0.10666667 0.016      0.
  0.016      0.         0.         0.064      0.         0.064
  0.         0.         0.         0.         0.         0.
  0.         0.         0.         0.         0.         0.
  0.         0.         0.         0.         0.         0.
  0.         0.         0.         0.         0.         0.
  0.         0.         0.         0.         0.         0.
  0.         0.         0.         0.         0.         0.10666667
  0.         0.         0.         0.         0.         0.
  0.         0.         0.016      0.         1.         0.
  0.         0.         0.         0.         0.         0.
  0.         0.         0.         0.         0.         0.
  0.         0.         0.         0.         0.         0.
  0.         0.         0.         0.         0.         0.
  0.         0.         0.         0.         0.         0.4
  0.         0.         0.         0.         0.         0.
  0.         0.         0.         0.         0.         0.
  0.         0.         0.         0.         0.         0.
  0.         0.         0.         0.10666667 0.16       0.
  0.         0.         0.         0.2        0.         0.
  0.         0.         0.         0.         0.         0.
  0.         0.         0.         0.         0.         0.
  0.         0.         0.         0.         0.         0.
  0.         0.         0.         0.         0.         0.13333333
  0.         0.         0.         0.         0.         0.05333333
  0.         0.         0.         0.         0.26666667 0.
  0.         0.         0.         0.         0.         0.
  0.         0.         0.         0.         0.         0.
  0.         0.         0.         0.         0.         0.
  0.         0.         0.         0.         0.         0.
  0.         0.03555556 0.         0.         0.         0.
  0.         0.         0.         0.         0.         0.
  0.         0.         0.         0.         0.         0.16
  0.         0.         0.         0.         0.         0.
  0.         0.         0.         0.         0.         0.
  0.         0.         0.         0.02133333 0.         0.
  0.         0.         0.         0.         0.         0.
  0.         0.         0.         0.         0.         0.
  0.         0.         0.         0.10666667 0.         0.
  0.         0.10666667 0.         0.         0.         0.
  0.016      0.         0.         0.         0.         0.
  0.         0.         0.         0.         0.         0.
  0.         0.         0.         0.         0.         0.10666667
  0.         0.         0.         0.         0.         0.
  0.         0.         0.         0.         0.         0.
  0.         0.         0.         0.10666667 0.         0.05333333
  0.         0.         0.         0.         0.         0.
  0.10666667 0.         0.         0.         0.16       0.
  0.         0.         0.         0.         0.         0.
  0.         0.         0.         0.         0.05333333 0.
  0.         0.         0.         0.         0.4        0.
  0.         0.         0.         0.10666667 0.         0.
  0.         0.         0.         0.         0.         0.
  0.         0.         0.         0.         0.         0.03809524
  0.         0.         0.         0.         0.         0.
  0.         0.         0.         0.         0.         0.
  0.         0.         0.         0.         0.         0.
  0.         0.         0.         0.         0.         0.
  0.         0.         0.         0.         0.         0.032
  0.         0.         0.         0.         0.         0.
  0.        ]]"
"[[0.         0.         0.         0.         0.         0.
  0.         0.         0.         0.         0.         0.
  0.         0.         0.         0.         0.         0.
  0.8        0.         0.         0.8        0.         0.
  0.         0.         0.         0.         0.18027303 0.
  0.         0.1714402  0.         0.         0.         0.
  0.         0.8        0.         0.         0.8        0.
  0.         0.         0.08535929 0.         0.         0.
  0.         0.         0.         0.         0.         0.
  0.         0.         0.         0.         0.12027214 0.
  0.         0.         0.         0.         0.         0.8
  0.         0.         0.         0.         0.         0.
  0.         0.         0.         0.         0.         0.
  0.         0.         0.8        0.8        0.12856171 0.
  0.         0.         0.         0.16985201 0.         0.8
  0.         0.         0.         0.         0.         0.
  0.8        0.         0.         0.8        0.         0.
  0.         0.         0.         0.         0.         0.
  0.8        0.8        0.         0.         0.         0.
  0.         0.         0.         0.         0.         0.
  0.         0.         0.08526979 0.         0.         0.
  0.         0.         0.         0.         0.8        0.
  0.         0.         0.         0.         0.         0.
  0.         0.         0.         0.11346386 0.8        0.
  0.         0.         0.         0.         0.         0.
  0.         0.         0.         0.         0.         0.
  0.         0.         0.         0.         0.         0.8
  0.         0.         0.         0.         0.         1.
  0.         0.         0.         0.         0.         0.
  0.         0.8        0.         0.         0.         0.
  0.         0.         0.         0.         0.         0.08535929
  0.         0.         0.         0.07191812 0.         0.
  0.         0.         0.         0.         0.         0.
  0.         0.         0.         0.         0.         0.
  0.8        0.         0.         0.         0.8        0.8
  0.         0.         0.         0.         0.         0.
  0.         0.         0.         0.         0.         0.
  0.         0.         0.         0.         0.         0.
  0.         0.         0.         0.         0.         0.
  0.         0.         0.         0.         0.         0.
  0.         0.         0.06428085 0.         0.         0.
  0.8        0.         0.         0.         0.8        0.
  0.         0.         0.12869422 0.         0.11497495 0.
  0.         0.         0.         0.         0.         0.
  0.         0.         0.         0.         0.         0.
  0.         0.         0.         0.         0.         0.
  0.         0.         0.         0.         0.         0.
  0.         0.         0.         0.         0.         0.
  0.         0.         0.         0.         0.8        0.
  0.         0.         0.         0.         0.         0.
  0.         0.         0.8        0.         0.08719264 0.
  0.8        0.         0.         0.         0.         0.
  0.         0.         0.         0.         0.         0.
  0.         0.         0.         0.         0.         0.
  0.         0.         0.         0.         0.         0.
  0.18027303 0.8        0.         0.         0.         0.
  0.         0.8        0.8        0.         0.         0.
  0.         0.         0.         0.         0.         0.
  0.         0.         0.8        0.         0.         0.
  0.         0.8        0.         0.         0.         0.
  0.         0.         0.         0.8        0.         0.
  0.         0.         0.         0.         0.         0.
  0.         0.         0.         0.         0.         0.
  0.08297931 0.         0.         0.         0.         0.
  0.         0.         0.         0.         0.         0.
  0.         0.8        0.         0.         0.         0.
  0.08630174 0.         0.         0.         0.8        0.8
  0.         0.         0.         0.         0.         0.
  0.         0.         0.         0.         0.         0.
  0.         0.         0.8        0.         0.         0.
  0.         0.         0.1714402  0.         0.         0.8
  0.         0.         0.8        0.         0.         0.
  0.         0.         0.09648754 0.         0.8        0.
  0.         0.         0.         0.         0.09648754 0.
  0.         0.         0.         0.         0.         0.
  0.         0.         0.         0.         0.         0.
  0.         0.09958583 0.         0.8        0.         0.
  0.         0.         0.         0.         0.11027147 0.
  0.        ]]"
"[[0.         0.         0.         0.         0.         0.
  0.         0.         0.         0.         0.         0.
  0.         0.         0.         0.8        0.         0.08533333
  0.         0.         0.         0.         0.         0.
  0.         0.         0.8        0.8        0.         0.
  0.64       0.         0.         0.         0.         0.
  0.         0.         0.         0.8        0.         0.
  0.         0.8        0.         0.         0.         0.
  0.         0.         0.64       0.         0.         0.
  0.         0.256      0.         0.         0.         0.
  0.256      0.128      0.8        0.         0.         0.
  0.         0.         0.         0.         0.         0.256
  0.         0.         0.8        0.         0.         0.
  0.         0.         0.         0.         0.         0.
  0.         0.         0.         0.         0.         0.
  0.         0.256      0.         0.         0.         0.
  0.         0.         0.256      0.         0.         0.
  0.         0.192      0.         0.         0.256      0.
  0.         0.         0.         0.21333333 0.07893333 0.
  0.07893333 0.         0.         0.128      0.         0.128
  0.         0.         0.         0.         0.         0.256
  0.         0.64       0.         0.         0.         0.
  0.         0.         0.         0.         0.         0.256
  0.256      0.         0.         0.         0.         0.
  0.256      0.         0.         0.8        0.         0.
  0.         0.08533333 0.         0.         0.         0.21333333
  0.64       0.         0.         0.256      0.         0.
  0.         0.         0.07893333 0.         0.         0.
  1.         0.         0.08533333 0.8        0.         0.
  0.         0.         0.         0.         0.         0.
  0.         0.256      0.         0.         0.         0.
  0.256      0.         0.8        0.         0.         0.
  0.         0.         0.64       0.         0.         0.
  0.256      0.         0.         0.         0.         0.256
  0.         0.         0.         0.         0.         0.
  0.         0.         0.         0.         0.         0.
  0.256      0.         0.         0.21333333 0.         0.
  0.         0.256      0.17066667 0.128      0.         0.
  0.256      0.         0.         0.         0.         0.
  0.         0.256      0.256      0.         0.         0.64
  0.         0.8        0.         0.256      0.17066667 0.
  0.         0.         0.         0.         0.         0.11377778
  0.         0.8        0.         0.         0.         0.128
  0.256      0.         0.         0.8        0.05688889 0.
  0.         0.         0.         0.8        0.64       0.
  0.         0.         0.         0.         0.         0.
  0.         0.         0.         0.         0.         0.
  0.         0.         0.256      0.         0.         0.256
  0.64       0.18488889 0.         0.         0.         0.256
  0.         0.         0.         0.         0.         0.
  0.64       0.         0.         0.         0.         0.03754667
  0.         0.03413333 0.         0.         0.         0.
  0.         0.         0.8        0.         0.256      0.8
  0.         0.         0.64       0.09386667 0.64       0.
  0.         0.         0.8        0.         0.         0.
  0.         0.         0.256      0.         0.         0.
  0.256      0.         0.         0.21333333 0.256      0.
  0.         0.21333333 0.         0.         0.         0.
  0.07893333 0.         0.         0.         0.256      0.256
  0.8        0.         0.256      0.         0.256      0.8
  0.256      0.         0.         0.         0.         0.21333333
  0.256      0.         0.         0.         0.         0.256
  0.         0.         0.256      0.8        0.256      0.256
  0.         0.         0.256      0.21333333 0.         0.192
  0.         0.         0.256      0.         0.06257778 0.
  0.21333333 0.         0.03413333 0.03413333 0.         0.
  0.         0.         0.         0.72       0.         0.
  0.         0.         0.17066667 0.         0.192      0.
  0.         0.         0.         0.         0.         0.
  0.         0.64       0.         0.21333333 0.17066667 0.
  0.         0.8        0.         0.         0.         0.
  0.         0.         0.         0.         0.256      0.15847619
  0.         0.         0.         0.         0.         0.
  0.         0.8        0.8        0.         0.         0.
  0.         0.         0.         0.         0.         0.
  0.256      0.256      0.         0.         0.         0.
  0.         0.         0.         0.         0.         0.1152
  0.64       0.         0.         0.         0.         0.
  0.        ]]"
"[[0.         0.         0.         0.         0.         0.
  0.         0.         0.         0.         0.         0.
  0.         0.         0.14873826 0.         0.1569093  0.
  0.         0.         0.         0.         0.         0.16099482
  0.         0.         0.         0.         0.         0.
  0.         0.         0.         0.         0.22272214 0.17325139
  0.15772201 0.         0.         0.         0.         0.
  0.         0.         0.         0.         0.15922306 0.14873826
  0.1654867  0.14873826 0.         0.         0.22272214 0.15851563
  0.17325139 0.         0.17068932 0.         0.         0.17630841
  0.         0.         0.         0.         0.         0.
  0.14873826 0.         0.         0.         0.         0.
  0.         0.15772201 0.         0.         0.15772201 0.15372301
  0.         0.15851563 0.         0.         0.         0.16099482
  0.         0.         0.15990389 0.         0.         0.
  0.         0.         0.         0.15772201 0.         0.
  0.         0.         0.         0.         0.14873826 0.17325139
  0.16529771 0.         0.         0.         0.         0.
  0.         0.         0.15772201 0.         0.         0.15772201
  0.         0.         0.15922306 0.         0.         0.
  0.17707137 0.14873826 0.         0.15772201 0.         0.
  0.17135444 0.         0.16057407 0.         0.         0.16010894
  0.16303711 0.17135444 0.         0.         0.         0.
  0.         0.15806033 0.15203277 0.         0.         0.14873826
  0.         0.17135444 0.19717162 0.         0.14873826 0.14873826
  0.         0.         0.16811328 0.15772201 0.15372301 0.
  0.         0.16624335 0.16477362 0.         0.         0.
  0.15980359 0.14873826 0.         0.         0.         0.
  0.         1.         0.         0.         0.15882508 0.14873826
  0.15772201 0.         0.15749081 0.15772201 0.         0.16796343
  0.15772201 0.         0.15611273 0.16250948 0.15772201 0.
  0.         0.         0.         0.         0.         0.16095998
  0.1334881  0.         0.         0.         0.15922306 0.
  0.         0.         0.         0.17325139 0.         0.
  0.         0.         0.14873826 0.14873826 0.         0.
  0.16244486 0.15772201 0.14873826 0.         0.15869347 0.
  0.         0.         0.15772201 0.         0.         0.
  0.14560506 0.         0.         0.         0.         0.15372301
  0.         0.14873826 0.         0.22272214 0.16624335 0.
  0.17325139 0.         0.         0.         0.         0.
  0.         0.         0.         0.         0.         0.15372301
  0.         0.18491638 0.14873826 0.15203277 0.         0.
  0.15772201 0.         0.         0.         0.         0.
  0.         0.17325139 0.         0.         0.         0.
  0.15372301 0.         0.14873826 0.         0.         0.
  0.         0.         0.15203277 0.14873826 0.         0.
  0.15980359 0.         0.15772201 0.         0.18654063 0.15772201
  0.17325139 0.16179774 0.         0.         0.16624335 0.
  0.         0.         0.         0.15772201 0.         0.
  0.         0.16366977 0.         0.14814538 0.         0.
  0.         0.16099482 0.         0.         0.         0.
  0.         0.         0.14873826 0.17135444 0.         0.14873826
  0.17325139 0.16873527 0.         0.17135444 0.         0.
  0.15749081 0.         0.         0.         0.         0.161914
  0.16501367 0.         0.         0.15772201 0.         0.
  0.         0.         0.         0.         0.         0.16624335
  0.         0.         0.         0.         0.         0.15572813
  0.         0.         0.         0.         0.16387329 0.
  0.         0.         0.         0.15998318 0.         0.
  0.         0.         0.         0.1334881  0.         0.
  0.         0.         0.         0.         0.         0.
  0.         0.         0.         0.15772201 0.         0.
  0.14873826 0.14873826 0.         0.         0.         0.
  0.         0.15842181 0.         0.         0.         0.
  0.         0.         0.         0.         0.         0.14873826
  0.         0.         0.         0.         0.         0.
  0.         0.         0.         0.         0.         0.
  0.16299072 0.         0.         0.         0.         0.
  0.17135444 0.         0.16712311 0.         0.         0.16218744
  0.15203277 0.         0.         0.         0.         0.
  0.         0.         0.         0.14873826 0.14560506 0.
  0.17135444 0.16099482 0.         0.         0.         0.
  0.15772201 0.         0.         0.         0.         0.
  0.15203277 0.         0.         0.17325139 0.         0.
  0.         0.         0.         0.         0.15772201 0.1654867
  0.         0.         0.         0.15772201 0.15772201 0.
  0.15772201 0.         0.14873826 0.         0.         0.
  0.         0.         0.         0.         0.         0.
  0.        ]]"
"[[0.         0.         0.         0.         0.         0.
  0.         0.         0.         0.         0.         0.
  0.         0.         0.         0.08533333 0.         0.8
  0.         0.         0.         0.         0.         0.
  0.         0.         0.08533333 0.08533333 0.         0.16901401
  0.08533333 0.         0.         0.         0.         0.
  0.         0.         0.         0.08533333 0.         0.
  0.         0.08533333 0.         0.         0.         0.
  0.         0.         0.08533333 0.         0.         0.
  0.         0.09014012 0.         0.         0.         0.
  0.09014012 0.11700901 0.08533333 0.         0.         0.
  0.         0.         0.         0.         0.         0.09014012
  0.         0.         0.08533333 0.         0.         0.
  0.         0.         0.         0.         0.         0.
  0.         0.         0.         0.         0.         0.
  0.         0.09014012 0.         0.         0.         0.
  0.         0.         0.09014012 0.         0.         0.
  0.         0.05941528 0.16901401 0.         0.09014012 0.
  0.         0.         0.         0.04621189 0.03952859 0.
  0.03952859 0.         0.         0.03384039 0.         0.03384039
  0.         0.         0.         0.         0.         0.09014012
  0.         0.08533333 0.         0.         0.         0.
  0.         0.         0.         0.         0.         0.09014012
  0.09014012 0.         0.         0.         0.         0.
  0.09014012 0.         0.         0.08533333 0.         0.
  0.         0.8        0.         0.         0.         0.04621189
  0.08533333 0.         0.         0.09014012 0.         0.
  0.         0.         0.03952859 0.         0.         0.
  0.08533333 0.         1.         0.08533333 0.         0.
  0.         0.         0.         0.         0.         0.
  0.         0.09014012 0.         0.         0.         0.
  0.09014012 0.         0.08533333 0.         0.         0.
  0.         0.         0.08533333 0.         0.         0.
  0.09014012 0.         0.         0.         0.         0.09014012
  0.         0.         0.         0.         0.         0.
  0.         0.         0.         0.         0.         0.
  0.09014012 0.         0.         0.04621189 0.16901401 0.
  0.         0.09014012 0.07261868 0.04507006 0.         0.
  0.09014012 0.         0.         0.         0.         0.
  0.         0.09014012 0.09014012 0.         0.         0.08533333
  0.         0.08533333 0.         0.09014012 0.07261868 0.
  0.         0.         0.         0.         0.         0.29671337
  0.         0.08533333 0.         0.         0.         0.11700901
  0.09014012 0.         0.         0.08533333 0.02420623 0.
  0.         0.         0.         0.08533333 0.08533333 0.
  0.         0.         0.         0.         0.         0.
  0.         0.         0.         0.         0.         0.
  0.         0.         0.09014012 0.         0.         0.09014012
  0.08533333 0.06381642 0.         0.         0.         0.09014012
  0.         0.         0.         0.         0.         0.
  0.08533333 0.         0.         0.         0.         0.0248548
  0.         0.03605192 0.         0.         0.         0.
  0.         0.         0.08533333 0.         0.09014012 0.08533333
  0.         0.         0.08533333 0.04068748 0.08533333 0.
  0.         0.         0.08533333 0.         0.         0.
  0.         0.         0.09014012 0.         0.         0.
  0.09014012 0.         0.         0.04621189 0.09014012 0.
  0.         0.04621189 0.         0.         0.         0.
  0.03952859 0.         0.         0.         0.09014012 0.09014012
  0.08533333 0.         0.09014012 0.         0.09014012 0.08533333
  0.09014012 0.         0.         0.         0.         0.04621189
  0.09014012 0.         0.         0.         0.         0.09014012
  0.         0.         0.09014012 0.08533333 0.09014012 0.09014012
  0.         0.         0.09014012 0.04621189 0.         0.05941528
  0.         0.         0.09014012 0.         0.04142466 0.
  0.04621189 0.         0.03605192 0.03605192 0.16901401 0.
  0.         0.         0.         0.08533333 0.         0.
  0.         0.         0.44507006 0.         0.05941528 0.
  0.         0.         0.         0.         0.         0.
  0.         0.08533333 0.         0.04621189 0.07261868 0.
  0.         0.08533333 0.         0.         0.         0.
  0.         0.         0.         0.         0.09014012 0.2104932
  0.         0.         0.         0.         0.         0.
  0.         0.08533333 0.08533333 0.         0.         0.
  0.         0.         0.         0.         0.         0.
  0.09014012 0.09014012 0.         0.         0.         0.
  0.         0.         0.         0.         0.         0.04065593
  0.08533333 0.         0.         0.         0.         0.
  0.        ]]"
"[[0.         0.         0.         0.         0.         0.
  0.         0.         0.         0.         0.         0.
  0.         0.         0.         0.8        0.         0.08533333
  0.         0.         0.         0.         0.         0.
  0.         0.         0.8        0.8        0.         0.
  0.64       0.         0.         0.         0.         0.
  0.         0.         0.         0.8        0.         0.
  0.         0.8        0.         0.         0.         0.
  0.         0.         0.64       0.         0.         0.
  0.         0.256      0.         0.         0.         0.
  0.256      0.128      0.8        0.         0.         0.
  0.         0.         0.         0.         0.         0.256
  0.         0.         0.8        0.         0.         0.
  0.         0.         0.         0.         0.         0.
  0.         0.         0.         0.         0.         0.
  0.         0.256      0.         0.         0.         0.
  0.         0.         0.256      0.         0.         0.
  0.         0.192      0.         0.         0.256      0.
  0.         0.         0.         0.21333333 0.07893333 0.
  0.07893333 0.         0.         0.128      0.         0.128
  0.         0.         0.         0.         0.         0.256
  0.         0.64       0.         0.         0.         0.
  0.         0.         0.         0.         0.         0.256
  0.256      0.         0.         0.         0.         0.
  0.256      0.         0.         0.8        0.         0.
  0.         0.08533333 0.         0.         0.         0.21333333
  0.64       0.         0.         0.256      0.         0.
  0.         0.         0.07893333 0.         0.         0.
  0.8        0.         0.08533333 1.         0.         0.
  0.         0.         0.         0.         0.         0.
  0.         0.256      0.         0.         0.         0.
  0.256      0.         0.8        0.         0.         0.
  0.         0.         0.64       0.         0.         0.
  0.256      0.         0.         0.         0.         0.256
  0.         0.         0.         0.         0.         0.
  0.         0.         0.         0.         0.         0.
  0.256      0.         0.         0.21333333 0.         0.
  0.         0.256      0.17066667 0.128      0.         0.
  0.256      0.         0.         0.         0.         0.
  0.         0.256      0.256      0.         0.         0.64
  0.         0.8        0.         0.256      0.17066667 0.
  0.         0.         0.         0.         0.         0.11377778
  0.         0.8        0.         0.         0.         0.128
  0.256      0.         0.         0.8        0.05688889 0.
  0.         0.         0.         0.8        0.64       0.
  0.         0.         0.         0.         0.         0.
  0.         0.         0.         0.         0.         0.
  0.         0.         0.256      0.         0.         0.256
  0.64       0.18488889 0.         0.         0.         0.256
  0.         0.         0.         0.         0.         0.
  0.64       0.         0.         0.         0.         0.03754667
  0.         0.03413333 0.         0.         0.         0.
  0.         0.         0.8        0.         0.256      0.8
  0.         0.         0.64       0.09386667 0.64       0.
  0.         0.         0.8        0.         0.         0.
  0.         0.         0.256      0.         0.         0.
  0.256      0.         0.         0.21333333 0.256      0.
  0.         0.21333333 0.         0.         0.         0.
  0.07893333 0.         0.         0.         0.256      0.256
  0.8        0.         0.256      0.         0.256      0.8
  0.256      0.         0.         0.         0.         0.21333333
  0.256      0.         0.         0.         0.         0.256
  0.         0.         0.256      0.8        0.256      0.256
  0.         0.         0.256      0.21333333 0.         0.192
  0.         0.         0.256      0.         0.06257778 0.
  0.21333333 0.         0.03413333 0.03413333 0.         0.
  0.         0.         0.         0.72       0.         0.
  0.         0.         0.17066667 0.         0.192      0.
  0.         0.         0.         0.         0.         0.
  0.         0.64       0.         0.21333333 0.17066667 0.
  0.         0.8        0.         0.         0.         0.
  0.         0.         0.         0.         0.256      0.15847619
  0.         0.         0.         0.         0.         0.
  0.         0.8        0.8        0.         0.         0.
  0.         0.         0.         0.         0.         0.
  0.256      0.256      0.         0.         0.         0.
  0.         0.         0.         0.         0.         0.1152
  0.64       0.         0.         0.         0.         0.
  0.        ]]"
"[[0.         0.         0.         0.         0.         0.
  0.         0.         0.         0.         0.         0.
  0.         0.         0.45281874 0.         0.34850072 0.
  0.         0.         0.         0.         0.         0.35634171
  0.         0.         0.         0.         0.         0.
  0.         0.         0.         0.         0.1676085  0.29986468
  0.35121833 0.         0.         0.         0.         0.
  0.         0.         0.         0.         0.38949491 0.45281874
  0.3255415  0.45281874 0.         0.         0.1676085  0.31436093
  0.33986468 0.         0.2704073  0.         0.         0.29477468
  0.         0.         0.         0.         0.         0.
  0.49281874 0.         0.         0.         0.         0.
  0.         0.35121833 0.         0.         0.35121833 0.28535258
  0.         0.31436093 0.         0.         0.         0.41634171
  0.         0.         0.38130058 0.         0.         0.
  0.         0.         0.         0.35121833 0.         0.
  0.         0.         0.         0.         0.45281874 0.29986468
  0.29151707 0.         0.         0.         0.         0.
  0.         0.         0.35121833 0.         0.         0.35121833
  0.         0.         0.38949491 0.         0.         0.
  0.29483608 0.45281874 0.         0.35121833 0.         0.
  0.218707   0.         0.21129843 0.         0.         0.40291831
  0.28223288 0.218707   0.         0.         0.         0.
  0.         0.39227085 0.28197886 0.         0.         0.49281874
  0.         0.218707   0.28480977 0.         0.45281874 0.45281874
  0.         0.         0.30535741 0.35121833 0.28535258 0.
  0.         0.23233721 0.26641287 0.         0.         0.
  0.30069031 0.45281874 0.         0.         0.         0.
  0.         0.15882508 0.         0.         1.         0.45281874
  0.35121833 0.         0.30257798 0.35121833 0.         0.28296246
  0.35121833 0.         0.33271368 0.27671087 0.35121833 0.
  0.         0.         0.         0.         0.         0.29974648
  0.25773138 0.         0.         0.         0.38949491 0.
  0.         0.         0.         0.33986468 0.         0.
  0.         0.         0.45281874 0.49281874 0.         0.
  0.27695076 0.35121833 0.45281874 0.         0.29801724 0.
  0.         0.         0.35121833 0.         0.         0.
  0.30447485 0.         0.         0.         0.         0.28535258
  0.         0.45281874 0.         0.1676085  0.23233721 0.
  0.29986468 0.         0.         0.         0.         0.
  0.         0.         0.         0.         0.         0.28535258
  0.         0.21769183 0.45281874 0.28197886 0.         0.
  0.35121833 0.         0.         0.         0.         0.
  0.         0.33986468 0.         0.         0.         0.
  0.28535258 0.         0.49281874 0.         0.         0.
  0.         0.         0.28197886 0.45281874 0.         0.
  0.30069031 0.         0.35121833 0.         0.3017099  0.35121833
  0.33986468 0.22535977 0.         0.         0.23233721 0.
  0.         0.         0.         0.35121833 0.         0.
  0.         0.29409725 0.         0.30358816 0.         0.
  0.         0.41634171 0.         0.         0.         0.
  0.         0.         0.45281874 0.218707   0.         0.45281874
  0.33986468 0.25168093 0.         0.218707   0.         0.
  0.30257798 0.         0.         0.         0.         0.28227241
  0.29712051 0.         0.         0.35121833 0.         0.
  0.         0.         0.         0.         0.         0.23233721
  0.         0.         0.         0.         0.         0.42393619
  0.         0.         0.         0.         0.28049897 0.
  0.         0.         0.         0.25884489 0.         0.
  0.         0.         0.         0.25773138 0.         0.
  0.         0.         0.         0.         0.         0.
  0.         0.         0.         0.35121833 0.         0.
  0.45281874 0.45281874 0.         0.         0.         0.
  0.         0.30065154 0.         0.         0.         0.
  0.         0.         0.         0.         0.         0.45281874
  0.         0.         0.         0.         0.         0.
  0.         0.         0.         0.         0.         0.
  0.37574542 0.         0.         0.         0.         0.
  0.218707   0.         0.32810319 0.         0.         0.27924449
  0.28197886 0.         0.         0.         0.         0.
  0.         0.         0.         0.49281874 0.30447485 0.
  0.218707   0.33634171 0.         0.         0.         0.
  0.35121833 0.         0.         0.         0.         0.
  0.28197886 0.         0.         0.29986468 0.         0.
  0.         0.         0.         0.         0.35121833 0.3255415
  0.         0.         0.         0.35121833 0.35121833 0.
  0.35121833 0.         0.45281874 0.         0.         0.
  0.         0.         0.         0.         0.         0.
  0.        ]]"
"[[0.         0.         0.         0.         0.         0.
  0.         0.         0.         0.         0.         0.
  0.         0.         0.8        0.         0.39229413 0.
  0.         0.         0.         0.         0.         0.33244119
  0.         0.         0.         0.         0.         0.
  0.         0.         0.         0.         0.17043872 0.15288238
  0.44519629 0.         0.         0.         0.         0.
  0.         0.         0.         0.         0.45409874 0.8
  0.29903933 0.8        0.         0.         0.17043872 0.35113562
  0.15288238 0.         0.18604718 0.         0.         0.27974558
  0.         0.         0.         0.         0.         0.
  0.64       0.         0.         0.         0.         0.
  0.         0.44519629 0.         0.         0.44519629 0.35958374
  0.         0.35113562 0.         0.         0.         0.39644119
  0.         0.         0.46602622 0.         0.         0.
  0.         0.         0.         0.44519629 0.         0.
  0.         0.         0.         0.         0.8        0.15288238
  0.27302556 0.         0.         0.         0.         0.
  0.         0.         0.44519629 0.         0.         0.44519629
  0.         0.         0.45409874 0.         0.         0.
  0.27743458 0.8        0.         0.44519629 0.         0.
  0.16524586 0.         0.20305623 0.         0.         0.42526996
  0.22394201 0.16524586 0.         0.         0.         0.
  0.         0.4415524  0.34433176 0.         0.         0.64
  0.         0.16524586 0.25945255 0.         0.8        0.8
  0.         0.         0.20029674 0.44519629 0.35958374 0.
  0.         0.21680308 0.18548975 0.         0.         0.
  0.32874686 0.8        0.         0.         0.         0.
  0.         0.14873826 0.         0.         0.45281874 1.
  0.44519629 0.         0.36440154 0.44519629 0.         0.27181922
  0.44519629 0.         0.38411653 0.23334155 0.44519629 0.
  0.         0.         0.         0.         0.         0.31091953
  0.3418325  0.         0.         0.         0.45409874 0.
  0.         0.         0.         0.15288238 0.         0.
  0.         0.         0.8        0.64       0.         0.
  0.2284161  0.44519629 0.8        0.         0.33097328 0.
  0.         0.         0.44519629 0.         0.         0.
  0.39351439 0.         0.         0.         0.         0.35958374
  0.         0.8        0.         0.17043872 0.21680308 0.
  0.15288238 0.         0.         0.         0.         0.
  0.         0.         0.         0.         0.         0.35958374
  0.         0.23079213 0.8        0.34433176 0.         0.
  0.44519629 0.         0.         0.         0.         0.
  0.         0.15288238 0.         0.         0.         0.
  0.35958374 0.         0.64       0.         0.         0.
  0.         0.         0.34433176 0.8        0.         0.
  0.32874686 0.         0.44519629 0.         0.2815388  0.44519629
  0.15288238 0.12566528 0.         0.         0.21680308 0.
  0.         0.         0.         0.44519629 0.         0.
  0.         0.25487425 0.         0.36805328 0.         0.
  0.         0.39644119 0.         0.         0.         0.
  0.         0.         0.8        0.16524586 0.         0.8
  0.15288238 0.14292334 0.         0.16524586 0.         0.
  0.36440154 0.         0.         0.         0.         0.24508734
  0.22752403 0.         0.         0.44519629 0.         0.
  0.         0.         0.         0.         0.         0.21680308
  0.         0.         0.         0.         0.         0.51606583
  0.         0.         0.         0.         0.21967129 0.
  0.         0.         0.         0.28819341 0.         0.
  0.         0.         0.         0.3418325  0.         0.
  0.         0.         0.         0.         0.         0.
  0.         0.         0.         0.44519629 0.         0.
  0.8        0.8        0.         0.         0.         0.
  0.         0.29723816 0.         0.         0.         0.
  0.         0.         0.         0.         0.         0.8
  0.         0.         0.         0.         0.         0.
  0.         0.         0.         0.         0.         0.
  0.37473012 0.         0.         0.         0.         0.
  0.16524586 0.         0.24266179 0.         0.         0.2049482
  0.34433176 0.         0.         0.         0.         0.
  0.         0.         0.         0.64       0.39351439 0.
  0.16524586 0.33244119 0.         0.         0.         0.
  0.44519629 0.         0.         0.         0.         0.
  0.34433176 0.         0.         0.15288238 0.         0.
  0.         0.         0.         0.         0.44519629 0.29903933
  0.         0.         0.         0.44519629 0.44519629 0.
  0.44519629 0.         0.8        0.         0.         0.
  0.         0.         0.         0.         0.         0.
  0.        ]]"
"[[0.         0.         0.         0.         0.         0.
  0.         0.         0.         0.         0.         0.
  0.         0.         0.44519629 0.         0.34109358 0.
  0.         0.         0.         0.         0.         0.30504223
  0.         0.         0.         0.         0.         0.
  0.         0.         0.         0.         0.16722223 0.19688817
  0.8        0.         0.         0.         0.         0.
  0.         0.         0.         0.         0.35217833 0.44519629
  0.49844408 0.44519629 0.         0.         0.16722223 0.31392908
  0.19688817 0.         0.21882826 0.         0.         0.27036244
  0.         0.         0.         0.         0.         0.
  0.44519629 0.         0.         0.         0.         0.
  0.         0.8        0.         0.         0.8        0.30559631
  0.         0.31392908 0.         0.         0.         0.32104223
  0.         0.         0.48069482 0.         0.         0.
  0.         0.         0.         0.8        0.         0.
  0.         0.         0.         0.         0.44519629 0.19688817
  0.27244033 0.         0.         0.         0.         0.
  0.         0.         0.8        0.         0.         0.8
  0.         0.         0.35217833 0.         0.         0.
  0.26934124 0.44519629 0.         0.8        0.         0.
  0.19803805 0.         0.21273726 0.         0.         0.33661028
  0.23367679 0.19803805 0.         0.         0.         0.
  0.         0.34800769 0.30330801 0.         0.         0.44519629
  0.         0.19803805 0.25181577 0.         0.44519629 0.44519629
  0.         0.         0.22385962 0.8        0.30559631 0.
  0.         0.23221395 0.2088635  0.         0.         0.
  0.30030989 0.44519629 0.         0.         0.         0.
  0.         0.15772201 0.         0.         0.35121833 0.44519629
  1.         0.         0.32270512 0.8        0.         0.25781531
  0.8        0.         0.33221926 0.2599427  0.8        0.
  0.         0.         0.         0.         0.         0.28911228
  0.27976745 0.         0.         0.         0.35217833 0.
  0.         0.         0.         0.19688817 0.         0.
  0.         0.         0.44519629 0.44519629 0.         0.
  0.25335758 0.8        0.44519629 0.         0.3007382  0.
  0.         0.         0.8        0.         0.         0.
  0.53988372 0.         0.         0.         0.         0.30559631
  0.         0.44519629 0.         0.16722223 0.23221395 0.
  0.19688817 0.         0.         0.         0.         0.
  0.         0.         0.         0.         0.         0.30559631
  0.         0.22204062 0.44519629 0.30330801 0.         0.
  0.8        0.         0.         0.         0.         0.
  0.         0.19688817 0.         0.         0.         0.
  0.30559631 0.         0.44519629 0.         0.         0.
  0.         0.         0.30330801 0.44519629 0.         0.
  0.30030989 0.         0.8        0.         0.26506675 0.8
  0.19688817 0.16938025 0.         0.         0.23221395 0.
  0.         0.         0.         0.8        0.         0.
  0.         0.3976032  0.         0.4551134  0.         0.
  0.         0.32104223 0.         0.         0.         0.
  0.         0.         0.44519629 0.19803805 0.         0.44519629
  0.19688817 0.18448348 0.         0.19803805 0.         0.
  0.32270512 0.         0.         0.         0.         0.26945262
  0.23880605 0.         0.         0.8        0.         0.
  0.         0.         0.         0.         0.         0.23221395
  0.         0.         0.         0.         0.         0.38318432
  0.         0.         0.         0.         0.23220332 0.
  0.         0.         0.         0.26890513 0.         0.
  0.         0.         0.         0.27976745 0.         0.
  0.         0.         0.         0.         0.         0.
  0.         0.         0.         0.8        0.         0.
  0.44519629 0.44519629 0.         0.         0.         0.
  0.         0.27067282 0.         0.         0.         0.
  0.         0.         0.         0.         0.         0.44519629
  0.         0.         0.         0.         0.         0.
  0.         0.         0.         0.         0.         0.
  0.31138062 0.         0.         0.         0.         0.
  0.19803805 0.         0.2509652  0.         0.         0.22037888
  0.30330801 0.         0.         0.         0.         0.
  0.         0.         0.         0.44519629 0.53988372 0.
  0.19803805 0.30504223 0.         0.         0.         0.
  0.8        0.         0.         0.         0.         0.
  0.30330801 0.         0.         0.19688817 0.         0.
  0.         0.         0.         0.         0.8        0.49844408
  0.         0.         0.         0.8        0.8        0.
  0.8        0.         0.44519629 0.         0.         0.
  0.         0.         0.         0.         0.         0.
  0.        ]]"
"[[0.         0.         0.         0.         0.         0.
  0.         0.         0.         0.         0.         0.
  0.         0.         0.         0.         0.         0.
  0.8        0.         0.         0.8        0.         0.
  0.         0.         0.         0.         0.18027303 0.
  0.         0.1714402  0.         0.         0.         0.
  0.         0.8        0.         0.         0.8        0.
  0.         0.         0.08535929 0.         0.         0.
  0.         0.         0.         0.         0.         0.
  0.         0.         0.         0.         0.12027214 0.
  0.         0.         0.         0.         0.         0.8
  0.         0.         0.         0.         0.         0.
  0.         0.         0.         0.         0.         0.
  0.         0.         0.8        0.8        0.12856171 0.
  0.         0.         0.         0.16985201 0.         0.8
  0.         0.         0.         0.         0.         0.
  0.8        0.         0.         0.8        0.         0.
  0.         0.         0.         0.         0.         0.
  0.8        0.8        0.         0.         0.         0.
  0.         0.         0.         0.         0.         0.
  0.         0.         0.08526979 0.         0.         0.
  0.         0.         0.         0.         0.8        0.
  0.         0.         0.         0.         0.         0.
  0.         0.         0.         0.11346386 0.8        0.
  0.         0.         0.         0.         0.         0.
  0.         0.         0.         0.         0.         0.
  0.         0.         0.         0.         0.         0.8
  0.         0.         0.         0.         0.         0.8
  0.         0.         0.         0.         0.         0.
  0.         1.         0.         0.         0.         0.
  0.         0.         0.         0.         0.         0.08535929
  0.         0.         0.         0.07191812 0.         0.
  0.         0.         0.         0.         0.         0.
  0.         0.         0.         0.         0.         0.
  0.8        0.         0.         0.         0.8        0.8
  0.         0.         0.         0.         0.         0.
  0.         0.         0.         0.         0.         0.
  0.         0.         0.         0.         0.         0.
  0.         0.         0.         0.         0.         0.
  0.         0.         0.         0.         0.         0.
  0.         0.         0.06428085 0.         0.         0.
  0.8        0.         0.         0.         0.8        0.
  0.         0.         0.12869422 0.         0.11497495 0.
  0.         0.         0.         0.         0.         0.
  0.         0.         0.         0.         0.         0.
  0.         0.         0.         0.         0.         0.
  0.         0.         0.         0.         0.         0.
  0.         0.         0.         0.         0.         0.
  0.         0.         0.         0.         0.8        0.
  0.         0.         0.         0.         0.         0.
  0.         0.         0.8        0.         0.08719264 0.
  0.8        0.         0.         0.         0.         0.
  0.         0.         0.         0.         0.         0.
  0.         0.         0.         0.         0.         0.
  0.         0.         0.         0.         0.         0.
  0.18027303 0.8        0.         0.         0.         0.
  0.         0.8        0.8        0.         0.         0.
  0.         0.         0.         0.         0.         0.
  0.         0.         0.8        0.         0.         0.
  0.         0.8        0.         0.         0.         0.
  0.         0.         0.         0.8        0.         0.
  0.         0.         0.         0.         0.         0.
  0.         0.         0.         0.         0.         0.
  0.08297931 0.         0.         0.         0.         0.
  0.         0.         0.         0.         0.         0.
  0.         0.8        0.         0.         0.         0.
  0.08630174 0.         0.         0.         0.8        0.8
  0.         0.         0.         0.         0.         0.
  0.         0.         0.         0.         0.         0.
  0.         0.         0.8        0.         0.         0.
  0.         0.         0.1714402  0.         0.         0.8
  0.         0.         0.8        0.         0.         0.
  0.         0.         0.09648754 0.         0.8        0.
  0.         0.         0.         0.         0.09648754 0.
  0.         0.         0.         0.         0.         0.
  0.         0.         0.         0.         0.         0.
  0.         0.09958583 0.         0.8        0.         0.
  0.         0.         0.         0.         0.11027147 0.
  0.        ]]"
"[[0.         0.         0.         0.         0.         0.
  0.         0.         0.         0.         0.         0.
  0.         0.         0.36440154 0.         0.3876344  0.
  0.         0.         0.         0.         0.         0.36085083
  0.         0.         0.         0.         0.         0.
  0.         0.         0.         0.         0.16621798 0.20050012
  0.32270512 0.         0.         0.         0.         0.
  0.         0.         0.         0.         0.30334598 0.36440154
  0.26160262 0.36440154 0.         0.         0.16621798 0.35846656
  0.20050012 0.         0.24347118 0.         0.         0.25771789
  0.         0.         0.         0.         0.         0.
  0.36440154 0.         0.         0.         0.         0.
  0.         0.32270512 0.         0.         0.32270512 0.34298738
  0.         0.35846656 0.         0.         0.         0.28245083
  0.         0.         0.29586893 0.         0.         0.
  0.         0.         0.         0.32270512 0.         0.
  0.         0.         0.         0.         0.36440154 0.20050012
  0.25151568 0.         0.         0.         0.         0.
  0.         0.         0.32270512 0.         0.         0.32270512
  0.         0.         0.30334598 0.         0.         0.
  0.25711247 0.36440154 0.         0.32270512 0.         0.
  0.19933993 0.         0.20918993 0.         0.         0.2928984
  0.22516572 0.19933993 0.         0.         0.         0.
  0.         0.30139496 0.27525887 0.         0.         0.36440154
  0.         0.19933993 0.24821661 0.         0.36440154 0.36440154
  0.         0.         0.22006256 0.32270512 0.34298738 0.
  0.         0.52120154 0.20621272 0.         0.         0.
  0.38558906 0.36440154 0.         0.         0.         0.
  0.         0.15749081 0.         0.         0.30257798 0.36440154
  0.32270512 0.         1.         0.32270512 0.         0.24017431
  0.32270512 0.         0.37647265 0.22837942 0.32270512 0.
  0.         0.         0.         0.         0.         0.31778282
  0.25298047 0.         0.         0.         0.30334598 0.
  0.         0.         0.         0.20050012 0.         0.
  0.         0.         0.36440154 0.36440154 0.         0.
  0.2260759  0.32270512 0.36440154 0.         0.3698276  0.
  0.         0.         0.32270512 0.         0.         0.
  0.2878428  0.         0.         0.         0.         0.34298738
  0.         0.36440154 0.         0.16621798 0.52120154 0.
  0.20050012 0.         0.         0.         0.         0.
  0.         0.         0.         0.         0.         0.34298738
  0.         0.21594104 0.36440154 0.27525887 0.         0.
  0.32270512 0.         0.         0.         0.         0.
  0.         0.20050012 0.         0.         0.         0.
  0.34298738 0.         0.36440154 0.         0.         0.
  0.         0.         0.27525887 0.36440154 0.         0.
  0.38558906 0.         0.32270512 0.         0.25531626 0.32270512
  0.20050012 0.1735358  0.         0.         0.52120154 0.
  0.         0.         0.         0.32270512 0.         0.
  0.         0.23920591 0.         0.28003275 0.         0.
  0.         0.28245083 0.         0.         0.         0.
  0.         0.         0.36440154 0.19933993 0.         0.36440154
  0.20050012 0.18765085 0.         0.19933993 0.         0.
  0.52120154 0.         0.         0.         0.         0.23435629
  0.23077148 0.         0.         0.32270512 0.         0.
  0.         0.         0.         0.         0.         0.52120154
  0.         0.         0.         0.         0.         0.32369783
  0.         0.         0.         0.         0.22397906 0.
  0.         0.         0.         0.43209446 0.         0.
  0.         0.         0.         0.25298047 0.         0.
  0.         0.         0.         0.         0.         0.
  0.         0.         0.         0.32270512 0.         0.
  0.36440154 0.36440154 0.         0.         0.         0.
  0.         0.27058647 0.         0.         0.         0.
  0.         0.         0.         0.         0.         0.36440154
  0.         0.         0.         0.         0.         0.
  0.         0.         0.         0.         0.         0.
  0.27613585 0.         0.         0.         0.         0.
  0.19933993 0.         0.24147548 0.         0.         0.2151772
  0.27525887 0.         0.         0.         0.         0.
  0.         0.         0.         0.36440154 0.2878428  0.
  0.19933993 0.32085083 0.         0.         0.         0.
  0.32270512 0.         0.         0.         0.         0.
  0.27525887 0.         0.         0.20050012 0.         0.
  0.         0.         0.         0.         0.32270512 0.26160262
  0.         0.         0.         0.32270512 0.32270512 0.
  0.32270512 0.         0.36440154 0.         0.         0.
  0.         0.         0.         0.         0.         0.
  0.        ]]"
"[[0.         0.         0.         0.         0.         0.
  0.         0.         0.         0.         0.         0.
  0.         0.         0.44519629 0.         0.34109358 0.
  0.         0.         0.         0.         0.         0.30504223
  0.         0.         0.         0.         0.         0.
  0.         0.         0.         0.         0.16722223 0.19688817
  0.8        0.         0.         0.         0.         0.
  0.         0.         0.         0.         0.35217833 0.44519629
  0.49844408 0.44519629 0.         0.         0.16722223 0.31392908
  0.19688817 0.         0.21882826 0.         0.         0.27036244
  0.         0.         0.         0.         0.         0.
  0.44519629 0.         0.         0.         0.         0.
  0.         0.8        0.         0.         0.8        0.30559631
  0.         0.31392908 0.         0.         0.         0.32104223
  0.         0.         0.48069482 0.         0.         0.
  0.         0.         0.         0.8        0.         0.
  0.         0.         0.         0.         0.44519629 0.19688817
  0.27244033 0.         0.         0.         0.         0.
  0.         0.         0.8        0.         0.         0.8
  0.         0.         0.35217833 0.         0.         0.
  0.26934124 0.44519629 0.         0.8        0.         0.
  0.19803805 0.         0.21273726 0.         0.         0.33661028
  0.23367679 0.19803805 0.         0.         0.         0.
  0.         0.34800769 0.30330801 0.         0.         0.44519629
  0.         0.19803805 0.25181577 0.         0.44519629 0.44519629
  0.         0.         0.22385962 0.8        0.30559631 0.
  0.         0.23221395 0.2088635  0.         0.         0.
  0.30030989 0.44519629 0.         0.         0.         0.
  0.         0.15772201 0.         0.         0.35121833 0.44519629
  0.8        0.         0.32270512 1.         0.         0.25781531
  0.8        0.         0.33221926 0.2599427  0.8        0.
  0.         0.         0.         0.         0.         0.28911228
  0.27976745 0.         0.         0.         0.35217833 0.
  0.         0.         0.         0.19688817 0.         0.
  0.         0.         0.44519629 0.44519629 0.         0.
  0.25335758 0.8        0.44519629 0.         0.3007382  0.
  0.         0.         0.8        0.         0.         0.
  0.53988372 0.         0.         0.         0.         0.30559631
  0.         0.44519629 0.         0.16722223 0.23221395 0.
  0.19688817 0.         0.         0.         0.         0.
  0.         0.         0.         0.         0.         0.30559631
  0.         0.22204062 0.44519629 0.30330801 0.         0.
  0.8        0.         0.         0.         0.         0.
  0.         0.19688817 0.         0.         0.         0.
  0.30559631 0.         0.44519629 0.         0.         0.
  0.         0.         0.30330801 0.44519629 0.         0.
  0.30030989 0.         0.8        0.         0.26506675 0.8
  0.19688817 0.16938025 0.         0.         0.23221395 0.
  0.         0.         0.         0.8        0.         0.
  0.         0.3976032  0.         0.4551134  0.         0.
  0.         0.32104223 0.         0.         0.         0.
  0.         0.         0.44519629 0.19803805 0.         0.44519629
  0.19688817 0.18448348 0.         0.19803805 0.         0.
  0.32270512 0.         0.         0.         0.         0.26945262
  0.23880605 0.         0.         0.8        0.         0.
  0.         0.         0.         0.         0.         0.23221395
  0.         0.         0.         0.         0.         0.38318432
  0.         0.         0.         0.         0.23220332 0.
  0.         0.         0.         0.26890513 0.         0.
  0.         0.         0.         0.27976745 0.         0.
  0.         0.         0.         0.         0.         0.
  0.         0.         0.         0.8        0.         0.
  0.44519629 0.44519629 0.         0.         0.         0.
  0.         0.27067282 0.         0.         0.         0.
  0.         0.         0.         0.         0.         0.44519629
  0.         0.         0.         0.         0.         0.
  0.         0.         0.         0.         0.         0.
  0.31138062 0.         0.         0.         0.         0.
  0.19803805 0.         0.2509652  0.         0.         0.22037888
  0.30330801 0.         0.         0.         0.         0.
  0.         0.         0.         0.44519629 0.53988372 0.
  0.19803805 0.30504223 0.         0.         0.         0.
  0.8        0.         0.         0.         0.         0.
  0.30330801 0.         0.         0.19688817 0.         0.
  0.         0.         0.         0.         0.8        0.49844408
  0.         0.         0.         0.8        0.8        0.
  0.8        0.         0.44519629 0.         0.         0.
  0.         0.         0.         0.         0.         0.
  0.        ]]"
"[[0.         0.         0.         0.         0.         0.
  0.         0.         0.         0.         0.         0.
  0.         0.         0.         0.         0.         0.
  0.         0.         0.         0.         0.         0.
  0.         0.128      0.         0.         0.         0.
  0.         0.         0.29866667 0.         0.         0.
  0.         0.         0.         0.         0.         0.
  0.         0.         0.         0.         0.         0.
  0.         0.         0.         0.256      0.         0.
  0.         0.         0.         0.8        0.         0.
  0.         0.         0.         0.2048     0.64       0.
  0.         0.         0.         0.         0.29866667 0.
  0.256      0.         0.         0.256      0.         0.
  0.64       0.         0.         0.         0.         0.
  0.8        0.64       0.         0.         0.         0.
  0.         0.         0.         0.         0.         0.64
  0.         0.256      0.         0.         0.         0.
  0.         0.         0.         0.8        0.         0.
  0.         0.         0.         0.         0.         0.
  0.         0.64       0.         0.         0.         0.
  0.         0.         0.         0.         0.         0.
  0.         0.         0.         0.128      0.         0.
  0.         0.         0.         0.         0.         0.
  0.         0.         0.         0.         0.         0.
  0.         0.         0.         0.         0.         0.
  0.         0.         0.         0.         0.         0.
  0.         0.         0.         0.         0.         0.
  0.         0.         0.         0.         0.         0.
  0.         0.         0.         0.         0.         0.
  0.         0.         0.         0.         1.         0.
  0.         0.         0.         0.         0.         0.
  0.         0.         0.         0.         0.         0.
  0.         0.8        0.         0.         0.         0.
  0.         0.128      0.         0.         0.         0.
  0.         0.2048     0.         0.         0.         0.
  0.         0.         0.         0.64       0.         0.
  0.         0.04266667 0.         0.         0.         0.
  0.         0.         0.         0.         0.         0.
  0.         0.         0.2048     0.         0.         0.04266667
  0.         0.         0.         0.8        0.         0.
  0.         0.         0.         0.         0.         0.
  0.         0.         0.         0.         0.         0.
  0.         0.         0.         0.         0.         0.
  0.         0.         0.         0.         0.         0.
  0.         0.         0.         0.         0.         0.8
  0.         0.         0.         0.         0.2048     0.
  0.         0.         0.         0.64       0.         0.
  0.         0.         0.         0.         0.         0.
  0.         0.         0.8        0.         0.         0.
  0.04266667 0.         0.         0.         0.         0.29866667
  0.         0.         0.         0.8        0.         0.
  0.         0.         0.         0.         0.8        0.
  0.         0.         0.         0.         0.         0.
  0.         0.         0.         0.         0.         0.
  0.         0.         0.         0.         0.29866667 0.
  0.         0.         0.         0.         0.04266667 0.
  0.         0.         0.         0.         0.         0.
  0.         0.         0.         0.256      0.         0.
  0.         0.         0.         0.         0.         0.
  0.         0.         0.         0.         0.         0.
  0.         0.         0.8        0.         0.256      0.
  0.         0.         0.8        0.         0.         0.
  0.         0.         0.         0.         0.         0.
  0.         0.         0.         0.         0.         0.
  0.         0.256      0.         0.2048     0.         0.
  0.         0.         0.         0.         0.         0.8
  0.         0.         0.         0.         0.         0.
  0.         0.         0.         0.2048     0.         0.8
  0.         0.         0.         0.         0.         0.
  0.         0.         0.         0.         0.         0.
  0.         0.         0.         0.         0.         0.
  0.         0.         0.         0.64       0.         0.
  0.         0.         0.         0.8        0.         0.
  0.         0.         0.         0.         0.         0.
  0.8        0.8        0.         0.         0.         0.
  0.         0.         0.         0.         0.         0.
  0.         0.         0.         0.         0.8        0.
  0.         0.8        0.2048     0.256      0.         0.
  0.        ]]"
"[[0.         0.         0.         0.         0.         0.
  0.         0.         0.         0.         0.         0.
  0.         0.         0.27181922 0.         0.24808767 0.
  0.         0.         0.         0.         0.         0.25222189
  0.         0.         0.         0.         0.         0.
  0.         0.         0.         0.         0.16410237 0.26462456
  0.25781531 0.         0.         0.         0.         0.
  0.         0.         0.         0.         0.29615247 0.27181922
  0.26121993 0.27181922 0.         0.         0.16410237 0.24237397
  0.26462456 0.         0.25912542 0.         0.         0.25672911
  0.         0.         0.         0.         0.         0.
  0.27181922 0.         0.         0.         0.         0.
  0.         0.25781531 0.         0.         0.25781531 0.21398058
  0.         0.24237397 0.         0.         0.         0.26822189
  0.         0.         0.26475303 0.         0.         0.
  0.         0.         0.         0.25781531 0.         0.
  0.         0.         0.         0.         0.27181922 0.26462456
  0.24713656 0.         0.         0.         0.         0.
  0.         0.         0.25781531 0.         0.         0.25781531
  0.         0.         0.29615247 0.         0.         0.
  0.2579301  0.27181922 0.         0.25781531 0.         0.
  0.53439056 0.         0.23468362 0.         0.         0.28218718
  0.24382279 0.53439056 0.         0.         0.         0.
  0.         0.32369384 0.22006145 0.         0.         0.27181922
  0.         0.53439056 0.25827076 0.         0.27181922 0.27181922
  0.         0.         0.25605436 0.25781531 0.21398058 0.
  0.         0.24052941 0.24562695 0.         0.         0.
  0.24206654 0.27181922 0.         0.         0.         0.
  0.         0.16796343 0.         0.         0.28296246 0.27181922
  0.25781531 0.         0.24017431 0.25781531 0.         1.
  0.25781531 0.         0.23956089 0.2439856  0.25781531 0.
  0.         0.         0.         0.         0.         0.24301266
  0.17858407 0.         0.         0.         0.29615247 0.
  0.         0.         0.         0.26462456 0.         0.
  0.         0.         0.27181922 0.27181922 0.         0.
  0.24329931 0.25781531 0.27181922 0.         0.23892296 0.
  0.         0.         0.25781531 0.         0.         0.
  0.21819969 0.         0.         0.         0.         0.21398058
  0.         0.27181922 0.         0.16410237 0.24052941 0.
  0.26462456 0.         0.         0.         0.         0.
  0.         0.         0.         0.         0.         0.21398058
  0.         0.20533565 0.27181922 0.22006145 0.         0.
  0.25781531 0.         0.         0.         0.         0.
  0.         0.26462456 0.         0.         0.         0.
  0.21398058 0.         0.27181922 0.         0.         0.
  0.         0.         0.22006145 0.27181922 0.         0.
  0.24206654 0.         0.25781531 0.         0.26635812 0.25781531
  0.26462456 0.22943854 0.         0.         0.24052941 0.
  0.         0.         0.         0.25781531 0.         0.
  0.         0.25098138 0.         0.22172393 0.         0.
  0.         0.26822189 0.         0.         0.         0.
  0.         0.         0.27181922 0.53439056 0.         0.27181922
  0.26462456 0.25221369 0.         0.53439056 0.         0.
  0.24017431 0.         0.         0.         0.         0.24381277
  0.25027258 0.         0.         0.25781531 0.         0.
  0.         0.         0.         0.         0.         0.24052941
  0.         0.         0.         0.         0.         0.28804139
  0.         0.         0.         0.         0.24630129 0.
  0.         0.         0.         0.22725499 0.         0.
  0.         0.         0.         0.17858407 0.         0.
  0.         0.         0.         0.         0.         0.
  0.         0.         0.         0.25781531 0.         0.
  0.27181922 0.27181922 0.         0.         0.         0.
  0.         0.24249696 0.         0.         0.         0.
  0.         0.         0.         0.         0.         0.27181922
  0.         0.         0.         0.         0.         0.
  0.         0.         0.         0.         0.         0.
  0.36015953 0.         0.         0.         0.         0.
  0.53439056 0.         0.25842322 0.         0.         0.23974251
  0.22006145 0.         0.         0.         0.         0.
  0.         0.         0.         0.27181922 0.21819969 0.
  0.53439056 0.25222189 0.         0.         0.         0.
  0.25781531 0.         0.         0.         0.         0.
  0.22006145 0.         0.         0.26462456 0.         0.
  0.         0.         0.         0.         0.25781531 0.26121993
  0.         0.         0.         0.25781531 0.25781531 0.
  0.25781531 0.         0.27181922 0.         0.         0.
  0.         0.         0.         0.         0.         0.
  0.        ]]"
"[[0.         0.         0.         0.         0.         0.
  0.         0.         0.         0.         0.         0.
  0.         0.         0.44519629 0.         0.34109358 0.
  0.         0.         0.         0.         0.         0.30504223
  0.         0.         0.         0.         0.         0.
  0.         0.         0.         0.         0.16722223 0.19688817
  0.8        0.         0.         0.         0.         0.
  0.         0.         0.         0.         0.35217833 0.44519629
  0.49844408 0.44519629 0.         0.         0.16722223 0.31392908
  0.19688817 0.         0.21882826 0.         0.         0.27036244
  0.         0.         0.         0.         0.         0.
  0.44519629 0.         0.         0.         0.         0.
  0.         0.8        0.         0.         0.8        0.30559631
  0.         0.31392908 0.         0.         0.         0.32104223
  0.         0.         0.48069482 0.         0.         0.
  0.         0.         0.         0.8        0.         0.
  0.         0.         0.         0.         0.44519629 0.19688817
  0.27244033 0.         0.         0.         0.         0.
  0.         0.         0.8        0.         0.         0.8
  0.         0.         0.35217833 0.         0.         0.
  0.26934124 0.44519629 0.         0.8        0.         0.
  0.19803805 0.         0.21273726 0.         0.         0.33661028
  0.23367679 0.19803805 0.         0.         0.         0.
  0.         0.34800769 0.30330801 0.         0.         0.44519629
  0.         0.19803805 0.25181577 0.         0.44519629 0.44519629
  0.         0.         0.22385962 0.8        0.30559631 0.
  0.         0.23221395 0.2088635  0.         0.         0.
  0.30030989 0.44519629 0.         0.         0.         0.
  0.         0.15772201 0.         0.         0.35121833 0.44519629
  0.8        0.         0.32270512 0.8        0.         0.25781531
  1.         0.         0.33221926 0.2599427  0.8        0.
  0.         0.         0.         0.         0.         0.28911228
  0.27976745 0.         0.         0.         0.35217833 0.
  0.         0.         0.         0.19688817 0.         0.
  0.         0.         0.44519629 0.44519629 0.         0.
  0.25335758 0.8        0.44519629 0.         0.3007382  0.
  0.         0.         0.8        0.         0.         0.
  0.53988372 0.         0.         0.         0.         0.30559631
  0.         0.44519629 0.         0.16722223 0.23221395 0.
  0.19688817 0.         0.         0.         0.         0.
  0.         0.         0.         0.         0.         0.30559631
  0.         0.22204062 0.44519629 0.30330801 0.         0.
  0.8        0.         0.         0.         0.         0.
  0.         0.19688817 0.         0.         0.         0.
  0.30559631 0.         0.44519629 0.         0.         0.
  0.         0.         0.30330801 0.44519629 0.         0.
  0.30030989 0.         0.8        0.         0.26506675 0.8
  0.19688817 0.16938025 0.         0.         0.23221395 0.
  0.         0.         0.         0.8        0.         0.
  0.         0.3976032  0.         0.4551134  0.         0.
  0.         0.32104223 0.         0.         0.         0.
  0.         0.         0.44519629 0.19803805 0.         0.44519629
  0.19688817 0.18448348 0.         0.19803805 0.         0.
  0.32270512 0.         0.         0.         0.         0.26945262
  0.23880605 0.         0.         0.8        0.         0.
  0.         0.         0.         0.         0.         0.23221395
  0.         0.         0.         0.         0.         0.38318432
  0.         0.         0.         0.         0.23220332 0.
  0.         0.         0.         0.26890513 0.         0.
  0.         0.         0.         0.27976745 0.         0.
  0.         0.         0.         0.         0.         0.
  0.         0.         0.         0.8        0.         0.
  0.44519629 0.44519629 0.         0.         0.         0.
  0.         0.27067282 0.         0.         0.         0.
  0.         0.         0.         0.         0.         0.44519629
  0.         0.         0.         0.         0.         0.
  0.         0.         0.         0.         0.         0.
  0.31138062 0.         0.         0.         0.         0.
  0.19803805 0.         0.2509652  0.         0.         0.22037888
  0.30330801 0.         0.         0.         0.         0.
  0.         0.         0.         0.44519629 0.53988372 0.
  0.19803805 0.30504223 0.         0.         0.         0.
  0.8        0.         0.         0.         0.         0.
  0.30330801 0.         0.         0.19688817 0.         0.
  0.         0.         0.         0.         0.8        0.49844408
  0.         0.         0.         0.8        0.8        0.
  0.8        0.         0.44519629 0.         0.         0.
  0.         0.         0.         0.         0.         0.
  0.        ]]"
"[[0.         0.         0.         0.         0.         0.
  0.         0.         0.         0.         0.         0.
  0.         0.         0.         0.256      0.         0.09014012
  0.         0.         0.         0.         0.         0.
  0.         0.         0.256      0.256      0.         0.
  0.256      0.         0.         0.         0.         0.
  0.         0.         0.         0.256      0.         0.
  0.         0.256      0.         0.         0.         0.
  0.         0.         0.256      0.         0.         0.
  0.         0.64       0.         0.         0.         0.
  0.64       0.34253503 0.256      0.         0.         0.
  0.         0.         0.         0.         0.         0.64
  0.         0.         0.256      0.         0.         0.
  0.         0.         0.         0.         0.         0.
  0.         0.         0.         0.         0.         0.
  0.         0.64       0.         0.         0.         0.
  0.         0.         0.64       0.         0.         0.
  0.         0.09551002 0.         0.         0.64       0.
  0.         0.         0.         0.09551002 0.04868355 0.
  0.04868355 0.         0.         0.06248139 0.         0.06248139
  0.         0.         0.         0.         0.         0.64
  0.         0.256      0.         0.         0.         0.
  0.         0.         0.         0.         0.         0.64
  0.8        0.         0.         0.         0.         0.
  0.64       0.         0.         0.256      0.         0.
  0.         0.09014012 0.         0.         0.         0.09551002
  0.256      0.         0.         0.64       0.         0.
  0.         0.         0.04868355 0.         0.         0.
  0.256      0.         0.09014012 0.256      0.         0.
  0.         0.         0.         0.         0.         0.
  0.         1.         0.         0.         0.         0.
  0.72       0.         0.256      0.         0.         0.
  0.         0.         0.256      0.         0.         0.
  0.64       0.         0.         0.         0.         0.64
  0.         0.         0.         0.         0.         0.
  0.         0.         0.         0.         0.         0.
  0.64       0.         0.         0.09551002 0.         0.
  0.         0.8        0.09551002 0.32       0.         0.
  0.64       0.         0.         0.         0.         0.
  0.         0.64       0.8        0.         0.         0.256
  0.         0.256      0.         0.8        0.09551002 0.
  0.         0.         0.         0.         0.         0.24338004
  0.         0.256      0.         0.         0.         0.34253503
  0.64       0.         0.         0.256      0.03183667 0.
  0.         0.         0.         0.256      0.256      0.
  0.         0.         0.         0.         0.         0.
  0.         0.         0.         0.         0.         0.
  0.         0.         0.64       0.         0.         0.64
  0.256      0.09551002 0.         0.         0.         0.64
  0.         0.         0.         0.         0.         0.
  0.256      0.         0.         0.         0.         0.02645056
  0.         0.03295268 0.         0.         0.         0.
  0.         0.         0.256      0.         0.64       0.256
  0.         0.         0.256      0.05392717 0.256      0.
  0.         0.         0.256      0.         0.         0.
  0.         0.         0.8        0.         0.         0.
  0.8        0.         0.         0.09551002 0.8        0.
  0.         0.09551002 0.         0.         0.         0.
  0.04868355 0.         0.         0.         0.64       0.64
  0.256      0.         0.8        0.         0.8        0.256
  0.64       0.         0.         0.         0.         0.09551002
  0.8        0.         0.         0.         0.         0.64
  0.         0.         0.64       0.256      0.64       0.8
  0.         0.         0.8        0.09551002 0.         0.09551002
  0.         0.         0.64       0.         0.04408427 0.
  0.09551002 0.         0.03295268 0.03295268 0.         0.
  0.         0.         0.         0.256      0.         0.
  0.         0.         0.36507006 0.         0.09551002 0.
  0.         0.         0.         0.         0.         0.
  0.         0.256      0.         0.09551002 0.09551002 0.
  0.         0.256      0.         0.         0.         0.
  0.         0.         0.         0.         0.8        0.40788717
  0.         0.         0.         0.         0.         0.
  0.         0.256      0.256      0.         0.         0.
  0.         0.         0.         0.         0.         0.
  0.64       0.8        0.         0.         0.         0.
  0.         0.         0.         0.         0.         0.06102698
  0.256      0.         0.         0.         0.         0.
  0.        ]]"
"[[0.         0.         0.         0.         0.         0.
  0.         0.         0.         0.         0.         0.
  0.         0.         0.38411653 0.         0.44244425 0.
  0.         0.         0.         0.         0.         0.3916081
  0.         0.         0.         0.         0.         0.
  0.         0.         0.         0.         0.16962851 0.27909967
  0.33221926 0.         0.         0.         0.         0.
  0.         0.         0.         0.         0.31242858 0.38411653
  0.30565947 0.38411653 0.         0.         0.16962851 0.40573501
  0.27909967 0.         0.28299581 0.         0.         0.2843757
  0.         0.         0.         0.         0.         0.
  0.38411653 0.         0.         0.         0.         0.
  0.         0.33221926 0.         0.         0.33221926 0.45445036
  0.         0.40573501 0.         0.         0.         0.3316081
  0.         0.         0.33181182 0.         0.         0.
  0.         0.         0.         0.33221926 0.         0.
  0.         0.         0.         0.         0.38411653 0.31909967
  0.27344037 0.         0.         0.         0.         0.
  0.         0.         0.33221926 0.         0.         0.33221926
  0.         0.         0.31242858 0.         0.         0.
  0.28398847 0.38411653 0.         0.33221926 0.         0.
  0.19559979 0.         0.20477624 0.         0.         0.32201834
  0.2710656  0.19559979 0.         0.         0.         0.
  0.         0.31000779 0.28402907 0.         0.         0.38411653
  0.         0.19559979 0.28165808 0.         0.38411653 0.38411653
  0.         0.         0.28359968 0.33221926 0.45445036 0.
  0.         0.24882876 0.25224535 0.         0.         0.
  0.37958396 0.38411653 0.         0.         0.         0.
  0.         0.15611273 0.         0.         0.33271368 0.38411653
  0.33221926 0.         0.37647265 0.33221926 0.         0.23956089
  0.33221926 0.         1.         0.26545403 0.33221926 0.
  0.         0.         0.         0.         0.         0.38113962
  0.26929541 0.         0.         0.         0.31242858 0.
  0.         0.         0.         0.27909967 0.         0.
  0.         0.         0.38411653 0.38411653 0.         0.
  0.26544942 0.33221926 0.38411653 0.         0.36593327 0.
  0.         0.         0.33221926 0.         0.         0.
  0.30075734 0.         0.         0.         0.         0.45445036
  0.         0.38411653 0.         0.16962851 0.24882876 0.
  0.27909967 0.         0.         0.         0.         0.
  0.         0.         0.         0.         0.         0.45445036
  0.         0.2157094  0.38411653 0.28402907 0.         0.
  0.33221926 0.         0.         0.         0.         0.
  0.         0.27909967 0.         0.         0.         0.
  0.45445036 0.         0.38411653 0.         0.         0.
  0.         0.         0.28402907 0.38411653 0.         0.
  0.37958396 0.         0.33221926 0.         0.29318269 0.33221926
  0.27909967 0.20558286 0.         0.         0.24882876 0.
  0.         0.         0.         0.33221926 0.         0.
  0.         0.27530111 0.         0.30087831 0.         0.
  0.         0.3316081  0.         0.         0.         0.
  0.         0.         0.38411653 0.19559979 0.         0.38411653
  0.27909967 0.23294921 0.         0.19559979 0.         0.
  0.37647265 0.         0.         0.         0.         0.27161936
  0.2842364  0.         0.         0.33221926 0.         0.
  0.         0.         0.         0.         0.         0.24882876
  0.         0.         0.         0.         0.         0.33632456
  0.         0.         0.         0.         0.26858901 0.
  0.         0.         0.         0.35163956 0.         0.
  0.         0.         0.         0.26929541 0.         0.
  0.         0.         0.         0.         0.         0.
  0.         0.         0.         0.33221926 0.         0.
  0.38411653 0.38411653 0.         0.         0.         0.
  0.         0.29551792 0.         0.         0.         0.
  0.         0.         0.         0.         0.         0.38411653
  0.         0.         0.         0.         0.         0.
  0.         0.         0.         0.         0.         0.
  0.29295959 0.         0.         0.         0.         0.
  0.19559979 0.         0.30535389 0.         0.         0.26658945
  0.28402907 0.         0.         0.         0.         0.
  0.         0.         0.         0.38411653 0.30075734 0.
  0.19559979 0.4116081  0.         0.         0.         0.
  0.33221926 0.         0.         0.         0.         0.
  0.28402907 0.         0.         0.31909967 0.         0.
  0.         0.         0.         0.         0.33221926 0.30565947
  0.         0.         0.         0.33221926 0.33221926 0.
  0.33221926 0.         0.38411653 0.         0.         0.
  0.         0.         0.         0.         0.         0.
  0.        ]]"
"[[0.         0.         0.         0.         0.         0.
  0.         0.         0.         0.         0.         0.
  0.         0.         0.23334155 0.         0.28476134 0.
  0.         0.         0.         0.         0.         0.31123313
  0.         0.         0.         0.         0.         0.
  0.         0.         0.         0.         0.1644135  0.39826758
  0.2599427  0.         0.         0.         0.         0.
  0.         0.         0.         0.         0.23972447 0.23334155
  0.32910514 0.23334155 0.         0.         0.1644135  0.25943617
  0.39064853 0.         0.31300664 0.         0.         0.28507623
  0.         0.         0.         0.         0.         0.
  0.23334155 0.         0.         0.         0.         0.
  0.         0.2599427  0.         0.         0.2599427  0.20753212
  0.         0.25943617 0.         0.         0.         0.31199504
  0.         0.         0.29464426 0.         0.         0.
  0.         0.         0.         0.2599427  0.         0.
  0.         0.         0.         0.         0.23334155 0.39064853
  0.29269432 0.         0.         0.         0.         0.
  0.         0.         0.2599427  0.         0.         0.2599427
  0.         0.         0.23972447 0.         0.         0.
  0.28686217 0.23334155 0.         0.2599427  0.         0.
  0.23845935 0.         0.23987954 0.         0.         0.27585976
  0.32629235 0.23845935 0.         0.         0.         0.
  0.         0.24206484 0.24057485 0.         0.         0.23334155
  0.         0.23845935 0.28334903 0.         0.23334155 0.23334155
  0.         0.         0.35560344 0.2599427  0.20753212 0.
  0.         0.2249411  0.32341998 0.         0.         0.
  0.253687   0.23334155 0.         0.         0.         0.
  0.         0.16250948 0.         0.         0.27671087 0.23334155
  0.2599427  0.         0.22837942 0.2599427  0.         0.2439856
  0.2599427  0.         0.26545403 1.         0.2599427  0.
  0.         0.         0.         0.         0.         0.26634078
  0.20526186 0.         0.         0.         0.23972447 0.
  0.         0.         0.         0.39064853 0.         0.
  0.         0.         0.23334155 0.23334155 0.         0.
  0.31418447 0.2599427  0.23334155 0.         0.25181383 0.
  0.         0.         0.2599427  0.         0.         0.
  0.23260228 0.         0.         0.         0.         0.20753212
  0.         0.23334155 0.         0.1644135  0.2249411  0.
  0.39064853 0.         0.         0.         0.         0.
  0.         0.         0.         0.         0.         0.20753212
  0.         0.1951588  0.23334155 0.24057485 0.         0.
  0.2599427  0.         0.         0.         0.         0.
  0.         0.39064853 0.         0.         0.         0.
  0.20753212 0.         0.23334155 0.         0.         0.
  0.         0.         0.24057485 0.23334155 0.         0.
  0.253687   0.         0.2599427  0.         0.28586664 0.2599427
  0.39064853 0.3123783  0.         0.         0.2249411  0.
  0.         0.         0.         0.2599427  0.         0.
  0.         0.31738513 0.         0.25311501 0.         0.
  0.         0.31199504 0.         0.         0.         0.
  0.         0.         0.23334155 0.23845935 0.         0.23334155
  0.39064853 0.33718357 0.         0.23845935 0.         0.
  0.22837942 0.         0.         0.         0.         0.30682451
  0.33047081 0.         0.         0.2599427  0.         0.
  0.         0.         0.         0.         0.         0.2249411
  0.         0.         0.         0.         0.         0.23759683
  0.         0.         0.         0.         0.32400637 0.
  0.         0.         0.         0.21623661 0.         0.
  0.         0.         0.         0.20526186 0.         0.
  0.         0.         0.         0.         0.         0.
  0.         0.         0.         0.2599427  0.         0.
  0.23334155 0.23334155 0.         0.         0.         0.
  0.         0.27776762 0.         0.         0.         0.
  0.         0.         0.         0.         0.         0.23334155
  0.         0.         0.         0.         0.         0.
  0.         0.         0.         0.         0.         0.
  0.26298887 0.         0.         0.         0.         0.
  0.23845935 0.         0.35137987 0.         0.         0.31930564
  0.24057485 0.         0.         0.         0.         0.
  0.         0.         0.         0.23334155 0.23260228 0.
  0.23845935 0.31123313 0.         0.         0.         0.
  0.2599427  0.         0.         0.         0.         0.
  0.24057485 0.         0.         0.39064853 0.         0.
  0.         0.         0.         0.         0.2599427  0.32910514
  0.         0.         0.         0.2599427  0.2599427  0.
  0.2599427  0.         0.23334155 0.         0.         0.
  0.         0.         0.         0.         0.         0.
  0.        ]]"
"[[0.         0.         0.         0.         0.         0.
  0.         0.         0.         0.         0.         0.
  0.         0.         0.44519629 0.         0.34109358 0.
  0.         0.         0.         0.         0.         0.30504223
  0.         0.         0.         0.         0.         0.
  0.         0.         0.         0.         0.16722223 0.19688817
  0.8        0.         0.         0.         0.         0.
  0.         0.         0.         0.         0.35217833 0.44519629
  0.49844408 0.44519629 0.         0.         0.16722223 0.31392908
  0.19688817 0.         0.21882826 0.         0.         0.27036244
  0.         0.         0.         0.         0.         0.
  0.44519629 0.         0.         0.         0.         0.
  0.         0.8        0.         0.         0.8        0.30559631
  0.         0.31392908 0.         0.         0.         0.32104223
  0.         0.         0.48069482 0.         0.         0.
  0.         0.         0.         0.8        0.         0.
  0.         0.         0.         0.         0.44519629 0.19688817
  0.27244033 0.         0.         0.         0.         0.
  0.         0.         0.8        0.         0.         0.8
  0.         0.         0.35217833 0.         0.         0.
  0.26934124 0.44519629 0.         0.8        0.         0.
  0.19803805 0.         0.21273726 0.         0.         0.33661028
  0.23367679 0.19803805 0.         0.         0.         0.
  0.         0.34800769 0.30330801 0.         0.         0.44519629
  0.         0.19803805 0.25181577 0.         0.44519629 0.44519629
  0.         0.         0.22385962 0.8        0.30559631 0.
  0.         0.23221395 0.2088635  0.         0.         0.
  0.30030989 0.44519629 0.         0.         0.         0.
  0.         0.15772201 0.         0.         0.35121833 0.44519629
  0.8        0.         0.32270512 0.8        0.         0.25781531
  0.8        0.         0.33221926 0.2599427  1.         0.
  0.         0.         0.         0.         0.         0.28911228
  0.27976745 0.         0.         0.         0.35217833 0.
  0.         0.         0.         0.19688817 0.         0.
  0.         0.         0.44519629 0.44519629 0.         0.
  0.25335758 0.8        0.44519629 0.         0.3007382  0.
  0.         0.         0.8        0.         0.         0.
  0.53988372 0.         0.         0.         0.         0.30559631
  0.         0.44519629 0.         0.16722223 0.23221395 0.
  0.19688817 0.         0.         0.         0.         0.
  0.         0.         0.         0.         0.         0.30559631
  0.         0.22204062 0.44519629 0.30330801 0.         0.
  0.8        0.         0.         0.         0.         0.
  0.         0.19688817 0.         0.         0.         0.
  0.30559631 0.         0.44519629 0.         0.         0.
  0.         0.         0.30330801 0.44519629 0.         0.
  0.30030989 0.         0.8        0.         0.26506675 0.8
  0.19688817 0.16938025 0.         0.         0.23221395 0.
  0.         0.         0.         0.8        0.         0.
  0.         0.3976032  0.         0.4551134  0.         0.
  0.         0.32104223 0.         0.         0.         0.
  0.         0.         0.44519629 0.19803805 0.         0.44519629
  0.19688817 0.18448348 0.         0.19803805 0.         0.
  0.32270512 0.         0.         0.         0.         0.26945262
  0.23880605 0.         0.         0.8        0.         0.
  0.         0.         0.         0.         0.         0.23221395
  0.         0.         0.         0.         0.         0.38318432
  0.         0.         0.         0.         0.23220332 0.
  0.         0.         0.         0.26890513 0.         0.
  0.         0.         0.         0.27976745 0.         0.
  0.         0.         0.         0.         0.         0.
  0.         0.         0.         0.8        0.         0.
  0.44519629 0.44519629 0.         0.         0.         0.
  0.         0.27067282 0.         0.         0.         0.
  0.         0.         0.         0.         0.         0.44519629
  0.         0.         0.         0.         0.         0.
  0.         0.         0.         0.         0.         0.
  0.31138062 0.         0.         0.         0.         0.
  0.19803805 0.         0.2509652  0.         0.         0.22037888
  0.30330801 0.         0.         0.         0.         0.
  0.         0.         0.         0.44519629 0.53988372 0.
  0.19803805 0.30504223 0.         0.         0.         0.
  0.8        0.         0.         0.         0.         0.
  0.30330801 0.         0.         0.19688817 0.         0.
  0.         0.         0.         0.         0.8        0.49844408
  0.         0.         0.         0.8        0.8        0.
  0.8        0.         0.44519629 0.         0.         0.
  0.         0.         0.         0.         0.         0.
  0.        ]]"
"[[0.         0.         0.         0.         0.         0.11428571
  0.         0.         0.         0.         0.11428571 0.
  0.         0.11428571 0.         0.         0.         0.
  0.08535929 0.         0.         0.08535929 0.         0.
  0.         0.         0.         0.         0.08956875 0.
  0.         0.08216216 0.         0.         0.         0.
  0.         0.08535929 0.         0.         0.08535929 0.
  0.         0.         0.19609127 0.         0.         0.
  0.         0.         0.         0.         0.         0.
  0.         0.         0.         0.         0.1815916  0.
  0.         0.         0.         0.         0.         0.08535929
  0.         0.         0.         0.         0.         0.
  0.         0.         0.         0.         0.         0.
  0.         0.         0.08535929 0.08535929 0.2035507  0.
  0.         0.         0.         0.17743377 0.         0.08535929
  0.         0.         0.         0.         0.         0.
  0.08535929 0.         0.         0.08535929 0.         0.
  0.         0.         0.         0.         0.         0.
  0.08535929 0.08535929 0.         0.         0.         0.
  0.         0.         0.         0.         0.         0.
  0.         0.         0.21119471 0.         0.         0.
  0.         0.         0.         0.         0.08535929 0.
  0.         0.         0.         0.         0.         0.
  0.         0.         0.         0.19994107 0.08535929 0.
  0.         0.         0.         0.         0.         0.
  0.         0.         0.         0.         0.         0.
  0.         0.         0.         0.         0.         0.08535929
  0.         0.         0.         0.         0.         0.08535929
  0.         0.         0.         0.         0.         0.
  0.         0.08535929 0.         0.         0.         0.
  0.         0.         0.         0.         0.         1.
  0.         0.         0.         0.18270642 0.         0.
  0.         0.         0.         0.         0.         0.
  0.         0.         0.         0.         0.         0.
  0.08535929 0.         0.         0.         0.08535929 0.08535929
  0.         0.         0.         0.         0.         0.
  0.         0.         0.         0.         0.         0.
  0.         0.         0.         0.         0.         0.
  0.         0.         0.         0.         0.         0.
  0.         0.         0.         0.         0.         0.
  0.         0.         0.19320392 0.         0.         0.
  0.08535929 0.         0.         0.         0.08535929 0.
  0.         0.         0.16795436 0.         0.16479456 0.
  0.         0.         0.         0.         0.         0.
  0.         0.         0.         0.         0.         0.
  0.         0.         0.         0.         0.         0.
  0.         0.         0.         0.         0.         0.
  0.         0.         0.         0.         0.         0.
  0.         0.         0.         0.         0.08535929 0.
  0.         0.         0.         0.         0.         0.
  0.         0.         0.08535929 0.         0.09313998 0.
  0.08535929 0.         0.         0.         0.         0.
  0.         0.         0.         0.         0.         0.
  0.         0.         0.         0.         0.         0.
  0.         0.         0.         0.         0.         0.
  0.08956875 0.08535929 0.         0.         0.         0.
  0.         0.08535929 0.08535929 0.         0.         0.
  0.         0.         0.         0.         0.         0.
  0.         0.         0.08535929 0.         0.         0.
  0.         0.08535929 0.         0.         0.         0.
  0.         0.         0.         0.08535929 0.         0.
  0.         0.         0.         0.         0.         0.
  0.         0.         0.         0.         0.         0.
  0.21850483 0.         0.         0.         0.         0.
  0.         0.         0.         0.         0.         0.
  0.         0.08535929 0.         0.         0.         0.
  0.19639056 0.         0.         0.         0.08535929 0.08535929
  0.         0.         0.         0.         0.         0.
  0.         0.         0.         0.         0.         0.
  0.         0.         0.08535929 0.         0.         0.
  0.         0.         0.08216216 0.         0.         0.08535929
  0.         0.         0.08535929 0.         0.         0.
  0.         0.         0.18057914 0.         0.08535929 0.
  0.         0.         0.         0.         0.18057914 0.
  0.         0.         0.         0.25142857 0.         0.
  0.         0.         0.         0.         0.         0.
  0.         0.20972553 0.         0.08535929 0.         0.
  0.         0.         0.         0.         0.19004963 0.
  0.        ]]"
"[[0.         0.         0.         0.         0.         0.
  0.         0.         0.         0.         0.         0.
  0.         0.         0.         0.256      0.         0.09014012
  0.         0.         0.         0.         0.         0.
  0.         0.         0.256      0.256      0.         0.
  0.256      0.         0.         0.         0.         0.
  0.         0.         0.         0.256      0.         0.
  0.         0.256      0.         0.         0.         0.
  0.         0.         0.256      0.         0.         0.
  0.         0.64       0.         0.         0.         0.
  0.64       0.34253503 0.256      0.         0.         0.
  0.         0.         0.         0.         0.         0.72
  0.         0.         0.256      0.         0.         0.
  0.         0.         0.         0.         0.         0.
  0.         0.         0.         0.         0.         0.
  0.         0.64       0.         0.         0.         0.
  0.         0.         0.64       0.         0.         0.
  0.         0.09551002 0.         0.         0.72       0.
  0.         0.         0.         0.09551002 0.04868355 0.
  0.04868355 0.         0.         0.06248139 0.         0.06248139
  0.         0.         0.         0.         0.         0.64
  0.         0.256      0.         0.         0.         0.
  0.         0.         0.         0.         0.         0.72
  0.72       0.         0.         0.         0.         0.
  0.64       0.         0.         0.256      0.         0.
  0.         0.09014012 0.         0.         0.         0.09551002
  0.256      0.         0.         0.64       0.         0.
  0.         0.         0.04868355 0.         0.         0.
  0.256      0.         0.09014012 0.256      0.         0.
  0.         0.         0.         0.         0.         0.
  0.         0.72       0.         0.         0.         0.
  1.         0.         0.256      0.         0.         0.
  0.         0.         0.256      0.         0.         0.
  0.64       0.         0.         0.         0.         0.72
  0.         0.         0.         0.         0.         0.
  0.         0.         0.         0.         0.         0.
  0.64       0.         0.         0.09551002 0.         0.
  0.         0.72       0.09551002 0.32       0.         0.
  0.64       0.         0.         0.         0.         0.
  0.         0.72       0.72       0.         0.         0.256
  0.         0.256      0.         0.72       0.09551002 0.
  0.         0.         0.         0.         0.         0.24338004
  0.         0.256      0.         0.         0.         0.34253503
  0.72       0.         0.         0.256      0.03183667 0.
  0.         0.         0.         0.256      0.256      0.
  0.         0.         0.         0.         0.         0.
  0.         0.         0.         0.         0.         0.
  0.         0.         0.72       0.         0.         0.64
  0.256      0.09551002 0.         0.         0.         0.72
  0.         0.         0.         0.         0.         0.
  0.256      0.         0.         0.         0.         0.02645056
  0.         0.03295268 0.         0.         0.         0.
  0.         0.         0.256      0.         0.72       0.256
  0.         0.         0.256      0.05392717 0.256      0.
  0.         0.         0.256      0.         0.         0.
  0.         0.         0.72       0.         0.         0.
  0.72       0.         0.         0.09551002 0.72       0.
  0.         0.09551002 0.         0.         0.         0.
  0.04868355 0.         0.         0.         0.72       0.64
  0.256      0.         0.72       0.         0.72       0.256
  0.64       0.         0.         0.         0.         0.09551002
  0.72       0.         0.         0.         0.         0.72
  0.         0.         0.72       0.256      0.64       0.72
  0.         0.         0.72       0.09551002 0.         0.09551002
  0.         0.         0.72       0.         0.04408427 0.
  0.09551002 0.         0.03295268 0.03295268 0.         0.
  0.         0.         0.         0.256      0.         0.
  0.         0.         0.36507006 0.         0.09551002 0.
  0.         0.         0.         0.         0.         0.
  0.         0.256      0.         0.09551002 0.09551002 0.
  0.         0.256      0.         0.         0.         0.
  0.         0.         0.         0.         0.72       0.40788717
  0.         0.         0.         0.         0.         0.
  0.         0.256      0.256      0.         0.         0.
  0.         0.         0.         0.         0.         0.
  0.64       0.72       0.         0.         0.         0.
  0.         0.         0.         0.         0.         0.06102698
  0.256      0.         0.         0.         0.         0.
  0.        ]]"
"[[0.         0.         0.         0.         0.         0.
  0.         0.         0.         0.         0.         0.
  0.         0.         0.         0.         0.         0.
  0.         0.         0.         0.         0.         0.
  0.         0.         0.         0.         0.         0.
  0.         0.         0.         0.         0.         0.
  0.         0.         0.         0.         0.         0.
  0.         0.         0.         0.47041869 0.         0.
  0.         0.         0.         0.         0.         0.
  0.         0.         0.         0.         0.         0.
  0.         0.         0.         0.         0.         0.
  0.         0.         0.         0.         0.         0.
  0.         0.         0.         0.         0.         0.
  0.         0.         0.         0.         0.         0.
  0.         0.         0.         0.         0.45399755 0.
  0.         0.         0.         0.         0.         0.
  0.         0.         0.         0.         0.         0.
  0.         0.         0.         0.         0.         0.
  0.         0.         0.         0.         0.         0.
  0.         0.         0.         0.         0.         0.
  0.         0.         0.         0.         0.39772057 0.
  0.         0.         0.         0.         0.         0.
  0.         0.         0.         0.         0.         0.
  0.         0.         0.         0.         0.         0.
  0.         0.         0.         0.         0.         0.
  0.         0.         0.         0.         0.         0.
  0.         0.         0.         0.         0.         0.
  0.         0.         0.         0.         0.         0.
  0.         0.         0.         0.         0.         0.
  0.         0.         0.         0.         0.         0.
  0.         0.         0.         0.         0.         0.
  0.         1.         0.         0.         0.30860131 0.
  0.         0.         0.         0.         0.         0.
  0.         0.         0.39342086 0.         0.         0.
  0.         0.         0.         0.         0.         0.
  0.         0.         0.         0.         0.         0.
  0.         0.         0.         0.         0.         0.
  0.         0.         0.         0.         0.         0.
  0.         0.         0.         0.         0.         0.
  0.         0.         0.         0.         0.         0.
  0.         0.         0.         0.         0.         0.
  0.         0.         0.         0.         0.         0.
  0.         0.         0.         0.         0.         0.
  0.         0.         0.         0.         0.         0.
  0.         0.30860131 0.         0.         0.         0.
  0.         0.         0.         0.         0.         0.
  0.         0.         0.         0.         0.         0.
  0.         0.         0.         0.         0.         0.
  0.         0.         0.         0.         0.         0.
  0.         0.         0.         0.         0.         0.
  0.         0.         0.         0.         0.         0.
  0.         0.         0.         0.         0.         0.
  0.         0.         0.         0.         0.         0.
  0.         0.         0.         0.         0.         0.
  0.         0.         0.         0.         0.         0.
  0.         0.         0.         0.         0.         0.
  0.         0.         0.         0.         0.         0.
  0.         0.         0.         0.         0.         0.45399755
  0.         0.         0.         0.         0.         0.
  0.         0.         0.         0.         0.         0.
  0.         0.         0.         0.         0.         0.
  0.         0.         0.         0.         0.41677561 0.
  0.         0.         0.         0.         0.         0.
  0.         0.         0.         0.         0.         0.
  0.         0.         0.         0.         0.         0.
  0.         0.         0.         0.         0.         0.
  0.         0.47041869 0.         0.         0.         0.
  0.         0.         0.         0.         0.         0.
  0.         0.         0.         0.         0.         0.
  0.         0.         0.         0.         0.         0.
  0.         0.         0.         0.         0.         0.
  0.         0.         0.         0.         0.         0.
  0.         0.         0.         0.         0.         0.
  0.         0.         0.         0.         0.         0.48683984
  0.         0.         0.         0.         0.         0.
  0.         0.         0.         0.         0.         0.
  0.         0.         0.         0.         0.         0.
  0.         0.         0.         0.         0.         0.
  0.        ]]"
"[[0.         0.         0.         0.         0.         0.
  0.         0.         0.         0.         0.         0.
  0.         0.         0.         0.8        0.         0.08533333
  0.         0.         0.         0.         0.         0.
  0.         0.         0.8        0.8        0.         0.
  0.64       0.         0.         0.         0.         0.
  0.         0.         0.         0.8        0.         0.
  0.         0.8        0.         0.         0.         0.
  0.         0.         0.64       0.         0.         0.
  0.         0.256      0.         0.         0.         0.
  0.256      0.128      0.8        0.         0.         0.
  0.         0.         0.         0.         0.         0.256
  0.         0.         0.8        0.         0.         0.
  0.         0.         0.         0.         0.         0.
  0.         0.         0.         0.         0.         0.
  0.         0.256      0.         0.         0.         0.
  0.         0.         0.256      0.         0.         0.
  0.         0.192      0.         0.         0.256      0.
  0.         0.         0.         0.21333333 0.07893333 0.
  0.07893333 0.         0.         0.128      0.         0.128
  0.         0.         0.         0.         0.         0.256
  0.         0.64       0.         0.         0.         0.
  0.         0.         0.         0.         0.         0.256
  0.256      0.         0.         0.         0.         0.
  0.256      0.         0.         0.8        0.         0.
  0.         0.08533333 0.         0.         0.         0.21333333
  0.64       0.         0.         0.256      0.         0.
  0.         0.         0.07893333 0.         0.         0.
  0.8        0.         0.08533333 0.8        0.         0.
  0.         0.         0.         0.         0.         0.
  0.         0.256      0.         0.         0.         0.
  0.256      0.         1.         0.         0.         0.
  0.         0.         0.64       0.         0.         0.
  0.256      0.         0.         0.         0.         0.256
  0.         0.         0.         0.         0.         0.
  0.         0.         0.         0.         0.         0.
  0.256      0.         0.         0.21333333 0.         0.
  0.         0.256      0.17066667 0.128      0.         0.
  0.256      0.         0.         0.         0.         0.
  0.         0.256      0.256      0.         0.         0.64
  0.         0.8        0.         0.256      0.17066667 0.
  0.         0.         0.         0.         0.         0.11377778
  0.         0.8        0.         0.         0.         0.128
  0.256      0.         0.         0.8        0.05688889 0.
  0.         0.         0.         0.8        0.64       0.
  0.         0.         0.         0.         0.         0.
  0.         0.         0.         0.         0.         0.
  0.         0.         0.256      0.         0.         0.256
  0.64       0.18488889 0.         0.         0.         0.256
  0.         0.         0.         0.         0.         0.
  0.64       0.         0.         0.         0.         0.03754667
  0.         0.03413333 0.         0.         0.         0.
  0.         0.         0.8        0.         0.256      0.8
  0.         0.         0.64       0.09386667 0.64       0.
  0.         0.         0.8        0.         0.         0.
  0.         0.         0.256      0.         0.         0.
  0.256      0.         0.         0.21333333 0.256      0.
  0.         0.21333333 0.         0.         0.         0.
  0.07893333 0.         0.         0.         0.256      0.256
  0.8        0.         0.256      0.         0.256      0.8
  0.256      0.         0.         0.         0.         0.21333333
  0.256      0.         0.         0.         0.         0.256
  0.         0.         0.256      0.8        0.256      0.256
  0.         0.         0.256      0.21333333 0.         0.192
  0.         0.         0.256      0.         0.06257778 0.
  0.21333333 0.         0.03413333 0.03413333 0.         0.
  0.         0.         0.         0.72       0.         0.
  0.         0.         0.17066667 0.         0.192      0.
  0.         0.         0.         0.         0.         0.
  0.         0.64       0.         0.21333333 0.17066667 0.
  0.         0.8        0.         0.         0.         0.
  0.         0.         0.         0.         0.256      0.15847619
  0.         0.         0.         0.         0.         0.
  0.         0.8        0.8        0.         0.         0.
  0.         0.         0.         0.         0.         0.
  0.256      0.256      0.         0.         0.         0.
  0.         0.         0.         0.         0.         0.1152
  0.64       0.         0.         0.         0.         0.
  0.        ]]"
"[[0.         0.         0.         0.         0.         0.13333333
  0.         0.         0.         0.         0.13333333 0.
  0.         0.13333333 0.         0.         0.         0.
  0.07191812 0.         0.         0.07191812 0.         0.
  0.         0.         0.         0.         0.06296782 0.
  0.         0.06050384 0.         0.         0.         0.
  0.         0.07191812 0.         0.         0.07191812 0.
  0.         0.         0.18270642 0.         0.         0.
  0.         0.         0.         0.         0.         0.
  0.         0.         0.         0.         0.18876302 0.
  0.         0.         0.         0.         0.         0.07191812
  0.         0.         0.         0.         0.         0.
  0.         0.         0.         0.         0.         0.
  0.         0.         0.07191812 0.07191812 0.20807863 0.
  0.         0.         0.         0.06728941 0.         0.07191812
  0.         0.         0.         0.         0.         0.
  0.07191812 0.         0.         0.07191812 0.         0.
  0.         0.         0.         0.         0.         0.
  0.07191812 0.07191812 0.         0.         0.         0.
  0.         0.         0.         0.         0.         0.
  0.         0.         0.18441578 0.         0.         0.
  0.         0.         0.         0.         0.07191812 0.
  0.         0.         0.         0.         0.         0.
  0.         0.         0.         0.14537366 0.07191812 0.
  0.         0.         0.         0.         0.         0.
  0.         0.         0.         0.         0.         0.
  0.         0.         0.         0.         0.         0.07191812
  0.         0.         0.         0.         0.         0.07191812
  0.         0.         0.         0.         0.         0.
  0.         0.07191812 0.         0.         0.         0.
  0.         0.         0.         0.         0.         0.18270642
  0.         0.         0.         1.         0.         0.
  0.         0.         0.         0.         0.         0.
  0.         0.         0.         0.         0.         0.
  0.07191812 0.         0.         0.         0.07191812 0.07191812
  0.         0.         0.         0.         0.         0.
  0.         0.         0.         0.         0.         0.
  0.         0.         0.         0.         0.         0.
  0.         0.         0.         0.         0.         0.
  0.         0.         0.         0.         0.         0.
  0.         0.         0.21070598 0.         0.         0.
  0.07191812 0.         0.         0.         0.07191812 0.
  0.         0.         0.15078902 0.         0.17862223 0.
  0.         0.         0.         0.         0.         0.
  0.         0.         0.         0.         0.         0.
  0.         0.         0.         0.         0.         0.
  0.         0.         0.         0.         0.         0.
  0.         0.         0.         0.         0.         0.
  0.         0.         0.         0.         0.07191812 0.
  0.         0.         0.         0.         0.         0.
  0.         0.         0.07191812 0.         0.15018422 0.
  0.07191812 0.         0.         0.         0.         0.
  0.         0.         0.         0.         0.         0.
  0.         0.         0.         0.         0.         0.
  0.         0.         0.         0.         0.         0.
  0.06296782 0.07191812 0.         0.         0.         0.
  0.         0.07191812 0.07191812 0.         0.         0.
  0.         0.         0.         0.         0.         0.
  0.         0.         0.07191812 0.         0.         0.
  0.         0.07191812 0.         0.         0.         0.
  0.         0.         0.         0.07191812 0.         0.
  0.         0.         0.         0.         0.         0.
  0.         0.         0.         0.         0.         0.
  0.19615079 0.         0.         0.         0.         0.
  0.         0.         0.         0.         0.         0.
  0.         0.07191812 0.         0.         0.         0.
  0.23397181 0.         0.         0.         0.07191812 0.07191812
  0.         0.         0.         0.         0.         0.
  0.         0.         0.         0.         0.         0.
  0.         0.         0.07191812 0.         0.         0.
  0.         0.         0.06050384 0.         0.         0.07191812
  0.         0.         0.07191812 0.         0.         0.
  0.         0.         0.1807475  0.         0.07191812 0.
  0.         0.         0.         0.         0.1807475  0.
  0.         0.         0.         0.29333333 0.         0.
  0.         0.         0.         0.         0.         0.
  0.         0.19093526 0.         0.07191812 0.         0.
  0.         0.         0.         0.         0.18752096 0.
  0.        ]]"
"[[0.         0.         0.         0.         0.         0.
  0.         0.         0.         0.         0.         0.
  0.         0.         0.         0.         0.         0.
  0.         0.         0.         0.         0.         0.
  0.         0.         0.         0.         0.         0.
  0.         0.         0.         0.         0.         0.
  0.         0.         0.         0.         0.         0.
  0.         0.         0.         0.22649559 0.         0.
  0.         0.         0.         0.         0.         0.
  0.         0.         0.         0.         0.         0.
  0.         0.         0.         0.         0.         0.
  0.         0.         0.         0.         0.         0.
  0.         0.         0.         0.         0.         0.
  0.         0.         0.         0.         0.         0.
  0.         0.         0.         0.         0.17723216 0.
  0.         0.         0.         0.         0.         0.
  0.         0.         0.         0.         0.         0.
  0.         0.         0.         0.         0.         0.
  0.         0.         0.         0.         0.         0.
  0.         0.         0.         0.         0.         0.
  0.         0.         0.         0.         0.53787951 0.
  0.         0.         0.         0.         0.         0.
  0.         0.         0.         0.         0.         0.
  0.         0.         0.         0.         0.         0.
  0.         0.         0.         0.         0.         0.
  0.         0.         0.         0.         0.         0.
  0.         0.         0.         0.         0.         0.
  0.         0.         0.         0.         0.         0.
  0.         0.         0.         0.         0.         0.
  0.         0.         0.         0.         0.         0.
  0.         0.         0.         0.         0.         0.
  0.         0.30860131 0.         0.         1.         0.
  0.         0.         0.         0.         0.         0.
  0.         0.         0.4833483  0.         0.         0.
  0.         0.         0.         0.         0.         0.
  0.         0.         0.         0.         0.         0.
  0.         0.         0.         0.         0.         0.
  0.         0.         0.         0.         0.         0.
  0.         0.         0.         0.         0.         0.
  0.         0.         0.         0.         0.         0.
  0.         0.         0.         0.         0.         0.
  0.         0.         0.         0.         0.         0.
  0.         0.         0.         0.         0.         0.
  0.         0.         0.         0.         0.         0.
  0.         0.8        0.         0.         0.         0.
  0.         0.         0.         0.         0.         0.
  0.         0.         0.         0.         0.         0.
  0.         0.         0.         0.         0.         0.
  0.         0.         0.         0.         0.         0.
  0.         0.         0.         0.         0.         0.
  0.         0.         0.         0.         0.         0.
  0.         0.         0.         0.         0.         0.
  0.         0.         0.         0.         0.         0.
  0.         0.         0.         0.         0.         0.
  0.         0.         0.         0.         0.         0.
  0.         0.         0.         0.         0.         0.
  0.         0.         0.         0.         0.         0.
  0.         0.         0.         0.         0.         0.17723216
  0.         0.         0.         0.         0.         0.
  0.         0.         0.         0.         0.         0.
  0.         0.         0.         0.         0.         0.
  0.         0.         0.         0.         0.43145098 0.
  0.         0.         0.         0.         0.         0.
  0.         0.         0.         0.         0.         0.
  0.         0.         0.         0.         0.         0.
  0.         0.         0.         0.         0.         0.
  0.         0.22649559 0.         0.         0.         0.
  0.         0.         0.         0.         0.         0.
  0.         0.         0.         0.         0.         0.
  0.         0.         0.         0.         0.         0.
  0.         0.         0.         0.         0.         0.
  0.         0.         0.         0.         0.         0.
  0.         0.         0.         0.         0.         0.
  0.         0.         0.         0.         0.         0.27575902
  0.         0.         0.         0.         0.         0.
  0.         0.         0.         0.         0.         0.
  0.         0.         0.         0.         0.         0.
  0.         0.         0.         0.         0.         0.
  0.        ]]"
"[[0.         0.         0.         0.         0.         0.
  0.         0.         0.         0.         0.         0.
  0.         0.         0.31091953 0.         0.37349362 0.
  0.         0.         0.         0.         0.         0.33678067
  0.         0.         0.         0.         0.         0.
  0.         0.         0.         0.         0.16678467 0.30664182
  0.28911228 0.         0.         0.         0.         0.
  0.         0.         0.         0.         0.27922137 0.31091953
  0.29787705 0.31091953 0.         0.         0.16678467 0.38172949
  0.30664182 0.         0.36536538 0.         0.         0.27744666
  0.         0.         0.         0.         0.         0.
  0.31091953 0.         0.         0.         0.         0.
  0.         0.28911228 0.         0.         0.28911228 0.40407763
  0.         0.38172949 0.         0.         0.         0.30878067
  0.         0.         0.30222454 0.         0.         0.
  0.         0.         0.         0.28911228 0.         0.
  0.         0.         0.         0.         0.31091953 0.34664182
  0.26894978 0.         0.         0.         0.         0.
  0.         0.         0.28911228 0.         0.         0.28911228
  0.         0.         0.27922137 0.         0.         0.
  0.27801224 0.31091953 0.         0.28911228 0.         0.
  0.21552028 0.         0.20967286 0.         0.         0.29400102
  0.27429239 0.21552028 0.         0.         0.         0.
  0.         0.27683809 0.2506562  0.         0.         0.31091953
  0.         0.21552028 0.28172768 0.         0.31091953 0.31091953
  0.         0.         0.29682718 0.28911228 0.40407763 0.
  0.         0.26864611 0.26556033 0.         0.         0.
  0.36288226 0.31091953 0.         0.         0.         0.
  0.         0.16095998 0.         0.         0.29974648 0.31091953
  0.28911228 0.         0.31778282 0.28911228 0.         0.24301266
  0.28911228 0.         0.38113962 0.26634078 0.28911228 0.
  0.         0.         0.         0.         0.         1.
  0.22349714 0.         0.         0.         0.27922137 0.
  0.         0.         0.         0.30664182 0.         0.
  0.         0.         0.31091953 0.31091953 0.         0.
  0.26754838 0.28911228 0.31091953 0.         0.34684996 0.
  0.         0.         0.28911228 0.         0.         0.
  0.25630471 0.         0.         0.         0.         0.40407763
  0.         0.31091953 0.         0.16678467 0.26864611 0.
  0.30664182 0.         0.         0.         0.         0.
  0.         0.         0.         0.         0.         0.40407763
  0.         0.2091091  0.31091953 0.2506562  0.         0.
  0.28911228 0.         0.         0.         0.         0.
  0.         0.30664182 0.         0.         0.         0.
  0.40407763 0.         0.31091953 0.         0.         0.
  0.         0.         0.2506562  0.31091953 0.         0.
  0.36288226 0.         0.28911228 0.         0.28723972 0.28911228
  0.30664182 0.23366164 0.         0.         0.26864611 0.
  0.         0.         0.         0.28911228 0.         0.
  0.         0.27606358 0.         0.26282806 0.         0.
  0.         0.30878067 0.         0.         0.         0.
  0.         0.         0.31091953 0.21552028 0.         0.31091953
  0.30664182 0.25896394 0.         0.21552028 0.         0.
  0.31778282 0.         0.         0.         0.         0.2696599
  0.28886705 0.         0.         0.28911228 0.         0.
  0.         0.         0.         0.         0.         0.26864611
  0.         0.         0.         0.         0.         0.28978742
  0.         0.         0.         0.         0.27351518 0.
  0.         0.         0.         0.33636187 0.         0.
  0.         0.         0.         0.22349714 0.         0.
  0.         0.         0.         0.         0.         0.
  0.         0.         0.         0.28911228 0.         0.
  0.31091953 0.31091953 0.         0.         0.         0.
  0.         0.27437431 0.         0.         0.         0.
  0.         0.         0.         0.         0.         0.31091953
  0.         0.         0.         0.         0.         0.
  0.         0.         0.         0.         0.         0.
  0.27607635 0.         0.         0.         0.         0.
  0.21552028 0.         0.30771124 0.         0.         0.27445242
  0.2506562  0.         0.         0.         0.         0.
  0.         0.         0.         0.31091953 0.25630471 0.
  0.21552028 0.37678067 0.         0.         0.         0.
  0.28911228 0.         0.         0.         0.         0.
  0.2506562  0.         0.         0.34664182 0.         0.
  0.         0.         0.         0.         0.28911228 0.29787705
  0.         0.         0.         0.28911228 0.28911228 0.
  0.28911228 0.         0.31091953 0.         0.         0.
  0.         0.         0.         0.         0.         0.
  0.        ]]"
"[[0.         0.         0.         0.         0.         0.
  0.         0.         0.         0.         0.         0.
  0.         0.         0.3418325  0.         0.27107437 0.
  0.         0.         0.         0.         0.         0.23569531
  0.         0.         0.         0.         0.         0.
  0.         0.         0.         0.         0.15640472 0.12955812
  0.27976745 0.         0.         0.         0.         0.
  0.         0.         0.         0.         0.25837138 0.3418325
  0.20466278 0.3418325  0.         0.         0.15640472 0.24716421
  0.12955812 0.         0.14409876 0.         0.         0.21060897
  0.         0.         0.         0.         0.         0.
  0.3418325  0.         0.         0.         0.         0.
  0.         0.27976745 0.         0.         0.27976745 0.26395853
  0.         0.24716421 0.         0.         0.         0.23569531
  0.         0.         0.25038602 0.         0.         0.
  0.         0.         0.         0.27976745 0.         0.
  0.         0.         0.         0.         0.3418325  0.12955812
  0.19579505 0.         0.         0.         0.         0.
  0.         0.         0.27976745 0.         0.         0.27976745
  0.         0.         0.25837138 0.         0.         0.
  0.20872795 0.3418325  0.         0.27976745 0.         0.
  0.13946573 0.         0.1707623  0.         0.         0.24703334
  0.21873291 0.13946573 0.         0.         0.         0.
  0.         0.25773812 0.25244863 0.         0.         0.3418325
  0.         0.13946573 0.22057966 0.         0.3418325  0.3418325
  0.         0.         0.1560136  0.27976745 0.26395853 0.
  0.         0.16412844 0.15174015 0.         0.         0.
  0.23332492 0.3418325  0.         0.         0.         0.
  0.         0.1334881  0.         0.         0.25773138 0.3418325
  0.27976745 0.         0.25298047 0.27976745 0.         0.17858407
  0.27976745 0.         0.26929541 0.20526186 0.27976745 0.
  0.         0.         0.         0.         0.         0.22349714
  1.         0.         0.         0.         0.25837138 0.
  0.         0.         0.         0.12955812 0.         0.
  0.         0.         0.3418325  0.3418325  0.         0.
  0.19863092 0.27976745 0.3418325  0.         0.23605688 0.
  0.         0.         0.27976745 0.         0.         0.
  0.53988372 0.         0.         0.         0.         0.26395853
  0.         0.3418325  0.         0.15640472 0.16412844 0.
  0.12955812 0.         0.         0.         0.         0.
  0.         0.         0.         0.         0.         0.26395853
  0.         0.19304279 0.3418325  0.25244863 0.         0.
  0.27976745 0.         0.         0.         0.         0.
  0.         0.12955812 0.         0.         0.         0.
  0.26395853 0.         0.3418325  0.         0.         0.
  0.         0.         0.25244863 0.3418325  0.         0.
  0.23332492 0.         0.27976745 0.         0.22453709 0.27976745
  0.12955812 0.10247209 0.         0.         0.16412844 0.
  0.         0.         0.         0.27976745 0.         0.
  0.         0.17876333 0.         0.44370652 0.         0.
  0.         0.23569531 0.         0.         0.         0.
  0.         0.         0.3418325  0.13946573 0.         0.3418325
  0.12955812 0.12046644 0.         0.13946573 0.         0.
  0.25298047 0.         0.         0.         0.         0.18929429
  0.17665458 0.         0.         0.27976745 0.         0.
  0.         0.         0.         0.         0.         0.16412844
  0.         0.         0.         0.         0.         0.28619175
  0.         0.         0.         0.         0.17378396 0.
  0.         0.         0.         0.21404348 0.         0.
  0.         0.         0.         0.8        0.         0.
  0.         0.         0.         0.         0.         0.
  0.         0.         0.         0.27976745 0.         0.
  0.3418325  0.3418325  0.         0.         0.         0.
  0.         0.21072437 0.         0.         0.         0.
  0.         0.         0.         0.         0.         0.3418325
  0.         0.         0.         0.         0.         0.
  0.         0.         0.         0.         0.         0.
  0.22328627 0.         0.         0.         0.         0.
  0.13946573 0.         0.18262671 0.         0.         0.16515133
  0.25244863 0.         0.         0.         0.         0.
  0.         0.         0.         0.3418325  0.53988372 0.
  0.13946573 0.23569531 0.         0.         0.         0.
  0.27976745 0.         0.         0.         0.         0.
  0.25244863 0.         0.         0.12955812 0.         0.
  0.         0.         0.         0.         0.27976745 0.20466278
  0.         0.         0.         0.27976745 0.27976745 0.
  0.27976745 0.         0.3418325  0.         0.         0.
  0.         0.         0.         0.         0.         0.
  0.        ]]"
"[[0.         0.         0.         0.         0.         0.
  0.         0.         0.         0.         0.         0.
  0.         0.         0.         0.         0.         0.
  0.         0.         0.         0.         0.         0.
  0.         0.128      0.         0.         0.         0.
  0.         0.         0.29866667 0.         0.         0.
  0.         0.         0.         0.         0.         0.
  0.         0.         0.         0.         0.         0.
  0.         0.         0.         0.256      0.         0.
  0.         0.         0.         0.8        0.         0.
  0.         0.         0.         0.2048     0.64       0.
  0.         0.         0.         0.         0.29866667 0.
  0.256      0.         0.         0.256      0.         0.
  0.64       0.         0.         0.         0.         0.
  0.8        0.64       0.         0.         0.         0.
  0.         0.         0.         0.         0.         0.64
  0.         0.256      0.         0.         0.         0.
  0.         0.         0.         0.8        0.         0.
  0.         0.         0.         0.         0.         0.
  0.         0.64       0.         0.         0.         0.
  0.         0.         0.         0.         0.         0.
  0.         0.         0.         0.128      0.         0.
  0.         0.         0.         0.         0.         0.
  0.         0.         0.         0.         0.         0.
  0.         0.         0.         0.         0.         0.
  0.         0.         0.         0.         0.         0.
  0.         0.         0.         0.         0.         0.
  0.         0.         0.         0.         0.         0.
  0.         0.         0.         0.         0.         0.
  0.         0.         0.         0.         0.8        0.
  0.         0.         0.         0.         0.         0.
  0.         0.         0.         0.         0.         0.
  0.         1.         0.         0.         0.         0.
  0.         0.128      0.         0.         0.         0.
  0.         0.2048     0.         0.         0.         0.
  0.         0.         0.         0.64       0.         0.
  0.         0.04266667 0.         0.         0.         0.
  0.         0.         0.         0.         0.         0.
  0.         0.         0.2048     0.         0.         0.04266667
  0.         0.         0.         0.8        0.         0.
  0.         0.         0.         0.         0.         0.
  0.         0.         0.         0.         0.         0.
  0.         0.         0.         0.         0.         0.
  0.         0.         0.         0.         0.         0.
  0.         0.         0.         0.         0.         0.8
  0.         0.         0.         0.         0.2048     0.
  0.         0.         0.         0.64       0.         0.
  0.         0.         0.         0.         0.         0.
  0.         0.         0.8        0.         0.         0.
  0.04266667 0.         0.         0.         0.         0.29866667
  0.         0.         0.         0.8        0.         0.
  0.         0.         0.         0.         0.8        0.
  0.         0.         0.         0.         0.         0.
  0.         0.         0.         0.         0.         0.
  0.         0.         0.         0.         0.29866667 0.
  0.         0.         0.         0.         0.04266667 0.
  0.         0.         0.         0.         0.         0.
  0.         0.         0.         0.256      0.         0.
  0.         0.         0.         0.         0.         0.
  0.         0.         0.         0.         0.         0.
  0.         0.         0.8        0.         0.256      0.
  0.         0.         0.8        0.         0.         0.
  0.         0.         0.         0.         0.         0.
  0.         0.         0.         0.         0.         0.
  0.         0.256      0.         0.2048     0.         0.
  0.         0.         0.         0.         0.         0.8
  0.         0.         0.         0.         0.         0.
  0.         0.         0.         0.2048     0.         0.8
  0.         0.         0.         0.         0.         0.
  0.         0.         0.         0.         0.         0.
  0.         0.         0.         0.         0.         0.
  0.         0.         0.         0.64       0.         0.
  0.         0.         0.         0.8        0.         0.
  0.         0.         0.         0.         0.         0.
  0.8        0.8        0.         0.         0.         0.
  0.         0.         0.         0.         0.         0.
  0.         0.         0.         0.         0.8        0.
  0.         0.8        0.2048     0.256      0.         0.
  0.        ]]"
"[[0.         0.         0.         0.         0.         0.
  0.         0.         0.         0.         0.         0.
  0.         0.         0.         0.64       0.         0.08533333
  0.         0.         0.         0.         0.         0.
  0.         0.         0.64       0.64       0.         0.
  0.8        0.         0.         0.         0.         0.
  0.         0.         0.         0.64       0.         0.
  0.         0.64       0.         0.         0.         0.
  0.         0.         0.8        0.         0.         0.
  0.         0.256      0.         0.         0.         0.
  0.256      0.128      0.64       0.         0.         0.
  0.         0.         0.         0.         0.         0.256
  0.         0.         0.64       0.         0.         0.
  0.         0.         0.         0.         0.         0.
  0.         0.         0.         0.         0.         0.
  0.         0.256      0.         0.         0.         0.
  0.         0.         0.256      0.         0.         0.
  0.         0.192      0.         0.         0.256      0.
  0.         0.         0.         0.21333333 0.07893333 0.
  0.07893333 0.         0.         0.128      0.         0.128
  0.         0.         0.         0.         0.         0.256
  0.         0.8        0.         0.         0.         0.
  0.         0.         0.         0.         0.         0.256
  0.256      0.         0.         0.         0.         0.
  0.256      0.         0.         0.64       0.         0.
  0.         0.08533333 0.         0.         0.         0.21333333
  0.8        0.         0.         0.256      0.         0.
  0.         0.         0.07893333 0.         0.         0.
  0.64       0.         0.08533333 0.64       0.         0.
  0.         0.         0.         0.         0.         0.
  0.         0.256      0.         0.         0.         0.
  0.256      0.         0.64       0.         0.         0.
  0.         0.         1.         0.         0.         0.
  0.256      0.         0.         0.         0.         0.256
  0.         0.         0.         0.         0.         0.
  0.         0.         0.         0.         0.         0.
  0.256      0.         0.         0.21333333 0.         0.
  0.         0.256      0.17066667 0.128      0.         0.
  0.256      0.         0.         0.         0.         0.
  0.         0.256      0.256      0.         0.         0.8
  0.         0.64       0.         0.256      0.17066667 0.
  0.         0.         0.         0.         0.         0.11377778
  0.         0.64       0.         0.         0.         0.128
  0.256      0.         0.         0.64       0.05688889 0.
  0.         0.         0.         0.64       0.8        0.
  0.         0.         0.         0.         0.         0.
  0.         0.         0.         0.         0.         0.
  0.         0.         0.256      0.         0.         0.256
  0.8        0.18488889 0.         0.         0.         0.256
  0.         0.         0.         0.         0.         0.
  0.8        0.         0.         0.         0.         0.03754667
  0.         0.03413333 0.         0.         0.         0.
  0.         0.         0.64       0.         0.256      0.64
  0.         0.         0.8        0.09386667 0.8        0.
  0.         0.         0.64       0.         0.         0.
  0.         0.         0.256      0.         0.         0.
  0.256      0.         0.         0.21333333 0.256      0.
  0.         0.21333333 0.         0.         0.         0.
  0.07893333 0.         0.         0.         0.256      0.256
  0.64       0.         0.256      0.         0.256      0.64
  0.256      0.         0.         0.         0.         0.21333333
  0.256      0.         0.         0.         0.         0.256
  0.         0.         0.256      0.64       0.256      0.256
  0.         0.         0.256      0.21333333 0.         0.192
  0.         0.         0.256      0.         0.06257778 0.
  0.21333333 0.         0.03413333 0.03413333 0.         0.
  0.         0.         0.         0.72       0.         0.
  0.         0.         0.17066667 0.         0.192      0.
  0.         0.         0.         0.         0.         0.
  0.         0.8        0.         0.21333333 0.17066667 0.
  0.         0.64       0.         0.         0.         0.
  0.         0.         0.         0.         0.256      0.15847619
  0.         0.         0.         0.         0.         0.
  0.         0.64       0.64       0.         0.         0.
  0.         0.         0.         0.         0.         0.
  0.256      0.256      0.         0.         0.         0.
  0.         0.         0.         0.         0.         0.1152
  0.8        0.         0.         0.         0.         0.
  0.        ]]"
"[[0.  0.  0.  0.  0.  0.  0.  0.  0.  0.  0.  0.  0.  0.  0.  0.  0.  0.
  0.  0.  0.  0.  0.  0.  0.  0.  0.  0.  0.  0.  0.  0.  0.  0.  0.  0.
  0.  0.  0.  0.  0.  0.  0.  0.  0.  0.  0.  0.  0.  0.  0.  0.  0.  0.
  0.  0.  0.  0.  0.  0.  0.  0.  0.  0.  0.  0.  0.  0.8 0.  0.  0.  0.
  0.  0.  0.  0.  0.  0.  0.  0.  0.  0.  0.  0.  0.  0.  0.  0.  0.  0.
  0.  0.  0.  0.  0.  0.  0.  0.  0.  0.  0.  0.  0.  0.  0.  0.  0.  0.
  0.  0.  0.  0.  0.  0.  0.  0.  0.  0.  0.8 0.  0.  0.  0.  0.  0.  0.
  0.  0.  0.  0.  0.  0.  0.  0.  0.  0.  0.8 0.  0.  0.  0.  0.  0.  0.
  0.  0.  0.  0.  0.  0.  0.  0.  0.  0.  0.  0.  0.  0.  0.  0.  0.  0.
  0.  0.  0.  0.  0.  0.  0.  0.  0.  0.  0.  0.  0.  0.  0.  0.  0.  0.
  0.  0.  0.  0.  0.  0.  0.  0.  0.  0.  0.  0.  0.  0.  0.  1.  0.  0.
  0.  0.  0.  0.  0.  0.  0.  0.  0.  0.  0.  0.  0.  0.  0.  0.  0.  0.
  0.  0.  0.  0.  0.  0.  0.  0.  0.  0.  0.8 0.  0.  0.  0.  0.  0.  0.
  0.  0.  0.  0.  0.8 0.  0.8 0.  0.  0.  0.  0.  0.  0.  0.  0.  0.  0.
  0.  0.  0.  0.8 0.  0.  0.  0.  0.8 0.  0.  0.  0.  0.  0.  0.  0.  0.
  0.8 0.  0.  0.  0.  0.  0.  0.  0.  0.  0.  0.  0.  0.  0.  0.  0.  0.
  0.  0.  0.  0.  0.  0.  0.  0.  0.8 0.  0.  0.  0.  0.  0.  0.  0.  0.
  0.  0.  0.  0.  0.  0.  0.  0.  0.  0.  0.  0.  0.  0.  0.  0.  0.  0.
  0.  0.  0.  0.  0.  0.  0.  0.  0.  0.8 0.  0.  0.  0.  0.  0.  0.  0.
  0.  0.  0.8 0.  0.  0.  0.  0.  0.  0.  0.  0.  0.  0.  0.  0.  0.  0.
  0.  0.  0.  0.  0.  0.  0.  0.  0.  0.  0.  0.  0.  0.  0.  0.  0.  0.
  0.  0.  0.  0.  0.8 0.  0.  0.  0.  0.  0.  0.  0.  0.  0.  0.  0.  0.
  0.  0.  0.8 0.  0.  0.  0.  0.8 0.  0.  0.  0.  0.  0.  0.  0.  0.  0.
  0.  0.  0.  0.  0.  0.  0.  0.  0.  0.  0.  0.  0.  0.  0.  0.  0.  0.
  0.  0.  0.  0.  0.  0.  0.  0.  0.  0.  0.  0.  0.  0.  0.  0.  0.  0.
  0.  0.  0.  0.  0.  0.  0.  0.  0.  0.  0.  0.  0.  0.  0.  0.  0.  0.
  0. ]]"
"[[0.         0.         0.         0.         0.         0.
  0.         0.         0.         0.         0.         0.
  0.         0.         0.45409874 0.         0.32124058 0.
  0.         0.         0.         0.         0.         0.29481149
  0.         0.         0.         0.         0.         0.
  0.         0.         0.         0.         0.16743072 0.21552425
  0.35217833 0.         0.         0.         0.         0.
  0.         0.         0.         0.         0.53409874 0.45409874
  0.28385129 0.45409874 0.         0.         0.16743072 0.29819684
  0.21552425 0.         0.22839708 0.         0.         0.27026736
  0.         0.         0.         0.         0.         0.
  0.45409874 0.         0.         0.         0.         0.
  0.         0.35217833 0.         0.         0.35217833 0.28599258
  0.         0.29819684 0.         0.         0.         0.33481149
  0.         0.         0.34060044 0.         0.         0.
  0.         0.         0.         0.35217833 0.         0.
  0.         0.         0.         0.         0.45409874 0.21552425
  0.27054691 0.         0.         0.         0.         0.
  0.         0.         0.35217833 0.         0.         0.35217833
  0.         0.         0.53409874 0.         0.         0.
  0.26979175 0.45409874 0.         0.35217833 0.         0.
  0.23804702 0.         0.21307569 0.         0.         0.43445512
  0.23636777 0.23804702 0.         0.         0.         0.
  0.         0.41887691 0.28244938 0.         0.         0.45409874
  0.         0.23804702 0.25397098 0.         0.45409874 0.45409874
  0.         0.         0.23355851 0.35217833 0.28599258 0.
  0.         0.23259321 0.21726081 0.         0.         0.
  0.28726291 0.45409874 0.         0.         0.         0.
  0.         0.15922306 0.         0.         0.38949491 0.45409874
  0.35217833 0.         0.30334598 0.35217833 0.         0.29615247
  0.35217833 0.         0.31242858 0.23972447 0.35217833 0.
  0.         0.         0.         0.         0.         0.27922137
  0.25837138 0.         0.         0.         1.         0.
  0.         0.         0.         0.21552425 0.         0.
  0.         0.         0.45409874 0.53409874 0.         0.
  0.23744837 0.35217833 0.45409874 0.         0.28657526 0.
  0.         0.         0.35217833 0.         0.         0.
  0.30527485 0.         0.         0.         0.         0.28599258
  0.         0.45409874 0.         0.16743072 0.23259321 0.
  0.21552425 0.         0.         0.         0.         0.
  0.         0.         0.         0.         0.         0.28599258
  0.         0.21962042 0.45409874 0.28244938 0.         0.
  0.35217833 0.         0.         0.         0.         0.
  0.         0.21552425 0.         0.         0.         0.
  0.28599258 0.         0.53409874 0.         0.         0.
  0.         0.         0.28244938 0.45409874 0.         0.
  0.28726291 0.         0.35217833 0.         0.26712738 0.35217833
  0.21552425 0.18318956 0.         0.         0.23259321 0.
  0.         0.         0.         0.35217833 0.         0.
  0.         0.25698002 0.         0.29493996 0.         0.
  0.         0.33481149 0.         0.         0.         0.
  0.         0.         0.45409874 0.23804702 0.         0.45409874
  0.21552425 0.19885479 0.         0.23804702 0.         0.
  0.30334598 0.         0.         0.         0.         0.24588425
  0.24316314 0.         0.         0.35217833 0.         0.
  0.         0.         0.         0.         0.         0.23259321
  0.         0.         0.         0.         0.         0.50743207
  0.         0.         0.         0.         0.23515338 0.
  0.         0.         0.         0.25929289 0.         0.
  0.         0.         0.         0.25837138 0.         0.
  0.         0.         0.         0.         0.         0.
  0.         0.         0.         0.35217833 0.         0.
  0.45409874 0.45409874 0.         0.         0.         0.
  0.         0.27015105 0.         0.         0.         0.
  0.         0.         0.         0.         0.         0.45409874
  0.         0.         0.         0.         0.         0.
  0.         0.         0.         0.         0.         0.
  0.38348333 0.         0.         0.         0.         0.
  0.23804702 0.         0.25516787 0.         0.         0.22671488
  0.28244938 0.         0.         0.         0.         0.
  0.         0.         0.         0.53409874 0.30527485 0.
  0.23804702 0.29481149 0.         0.         0.         0.
  0.35217833 0.         0.         0.         0.         0.
  0.28244938 0.         0.         0.21552425 0.         0.
  0.         0.         0.         0.         0.35217833 0.28385129
  0.         0.         0.         0.35217833 0.35217833 0.
  0.35217833 0.         0.45409874 0.         0.         0.
  0.         0.         0.         0.         0.         0.
  0.        ]]"
"[[0.         0.         0.         0.         0.         0.
  0.         0.         0.         0.         0.         0.
  0.         0.         0.         0.         0.         0.
  0.         0.         0.         0.         0.         0.
  0.         0.         0.         0.         0.         0.32
  0.         0.         0.         0.         0.         0.
  0.         0.         0.         0.         0.         0.
  0.         0.         0.         0.         0.         0.
  0.         0.         0.         0.         0.         0.
  0.         0.         0.         0.         0.         0.
  0.         0.10666667 0.         0.         0.         0.
  0.         0.         0.         0.         0.         0.
  0.         0.         0.         0.         0.         0.
  0.         0.         0.         0.         0.         0.
  0.         0.         0.         0.         0.         0.
  0.         0.         0.         0.         0.         0.
  0.         0.         0.         0.         0.         0.
  0.         0.10666667 0.32       0.         0.         0.
  0.         0.         0.         0.21333333 0.032      0.
  0.032      0.         0.         0.128      0.         0.128
  0.         0.         0.         0.         0.         0.
  0.         0.         0.         0.         0.         0.
  0.         0.         0.         0.         0.         0.
  0.         0.         0.         0.         0.         0.
  0.         0.         0.         0.         0.         0.
  0.         0.         0.         0.         0.         0.21333333
  0.         0.         0.         0.         0.         0.
  0.         0.         0.032      0.         0.4        0.
  0.         0.         0.         0.         0.         0.
  0.         0.         0.         0.         0.         0.
  0.         0.         0.         0.         0.         0.
  0.         0.         0.         0.         0.         0.
  0.         0.         0.         0.         0.         1.
  0.         0.         0.         0.         0.         0.
  0.         0.         0.         0.         0.         0.
  0.         0.         0.         0.         0.         0.
  0.         0.         0.         0.21333333 0.32       0.
  0.         0.         0.         0.         0.         0.
  0.         0.         0.         0.         0.         0.
  0.         0.         0.         0.         0.         0.
  0.         0.         0.         0.         0.         0.
  0.         0.         0.         0.         0.         0.
  0.         0.         0.         0.         0.         0.10666667
  0.         0.         0.         0.         0.26666667 0.
  0.         0.         0.         0.         0.         0.
  0.         0.         0.         0.         0.         0.
  0.         0.         0.         0.         0.         0.
  0.         0.         0.         0.         0.         0.
  0.         0.07111111 0.         0.         0.         0.
  0.         0.         0.         0.         0.         0.
  0.         0.         0.         0.         0.         0.16
  0.         0.         0.         0.         0.         0.
  0.         0.         0.         0.         0.         0.
  0.         0.         0.         0.04266667 0.         0.
  0.         0.         0.         0.         0.         0.
  0.         0.         0.         0.         0.         0.
  0.         0.         0.         0.21333333 0.         0.
  0.         0.21333333 0.         0.         0.         0.
  0.032      0.         0.         0.         0.         0.
  0.         0.         0.         0.         0.         0.
  0.         0.         0.         0.         0.         0.21333333
  0.         0.         0.         0.         0.         0.
  0.         0.         0.         0.         0.         0.
  0.         0.         0.         0.21333333 0.         0.10666667
  0.         0.         0.         0.         0.         0.
  0.21333333 0.         0.         0.         0.32       0.
  0.         0.         0.         0.         0.         0.
  0.         0.         0.         0.         0.10666667 0.
  0.         0.         0.         0.         0.8        0.
  0.         0.         0.         0.21333333 0.         0.
  0.         0.         0.         0.         0.         0.
  0.         0.         0.         0.         0.         0.07619048
  0.         0.         0.         0.         0.         0.
  0.         0.         0.         0.         0.         0.
  0.         0.         0.         0.         0.         0.
  0.         0.         0.         0.         0.         0.
  0.         0.         0.         0.         0.         0.064
  0.         0.         0.         0.         0.         0.
  0.        ]]"
"[[0.         0.         0.         0.         0.         0.
  0.         0.         0.         0.         0.         0.
  0.         0.         0.         0.256      0.         0.09014012
  0.         0.         0.         0.         0.         0.
  0.         0.         0.256      0.256      0.         0.
  0.256      0.         0.         0.         0.         0.
  0.         0.         0.         0.256      0.         0.
  0.         0.256      0.         0.         0.         0.
  0.         0.         0.256      0.         0.         0.
  0.         0.64       0.         0.         0.         0.
  0.64       0.42253503 0.256      0.         0.         0.
  0.         0.         0.         0.         0.         0.64
  0.         0.         0.256      0.         0.         0.
  0.         0.         0.         0.         0.         0.
  0.         0.         0.         0.         0.         0.
  0.         0.64       0.         0.         0.         0.
  0.         0.         0.64       0.         0.         0.
  0.         0.09551002 0.         0.         0.64       0.
  0.         0.         0.         0.09551002 0.04868355 0.
  0.04868355 0.         0.         0.06248139 0.         0.06248139
  0.         0.         0.         0.         0.         0.64
  0.         0.256      0.         0.         0.         0.
  0.         0.         0.         0.         0.         0.64
  0.64       0.         0.         0.         0.         0.
  0.64       0.         0.         0.256      0.         0.
  0.         0.09014012 0.         0.         0.         0.09551002
  0.256      0.         0.         0.64       0.         0.
  0.         0.         0.04868355 0.         0.         0.
  0.256      0.         0.09014012 0.256      0.         0.
  0.         0.         0.         0.         0.         0.
  0.         0.64       0.         0.         0.         0.
  0.64       0.         0.256      0.         0.         0.
  0.         0.         0.256      0.         0.         0.
  1.         0.         0.         0.         0.         0.64
  0.         0.         0.         0.         0.         0.
  0.         0.         0.         0.         0.         0.
  0.64       0.         0.         0.09551002 0.         0.
  0.         0.64       0.09551002 0.4        0.         0.
  0.64       0.         0.         0.         0.         0.
  0.         0.64       0.64       0.         0.         0.256
  0.         0.256      0.         0.64       0.09551002 0.
  0.         0.         0.         0.         0.         0.29671337
  0.         0.256      0.         0.         0.         0.42253503
  0.64       0.         0.         0.256      0.03183667 0.
  0.         0.         0.         0.256      0.256      0.
  0.         0.         0.         0.         0.         0.
  0.         0.         0.         0.         0.         0.
  0.         0.         0.64       0.         0.         0.64
  0.256      0.09551002 0.         0.         0.         0.64
  0.         0.         0.         0.         0.         0.
  0.256      0.         0.         0.         0.         0.02645056
  0.         0.03295268 0.         0.         0.         0.
  0.         0.         0.256      0.         0.64       0.256
  0.         0.         0.256      0.05392717 0.256      0.
  0.         0.         0.256      0.         0.         0.
  0.         0.         0.64       0.         0.         0.
  0.64       0.         0.         0.09551002 0.64       0.
  0.         0.09551002 0.         0.         0.         0.
  0.04868355 0.         0.         0.         0.64       0.64
  0.256      0.         0.64       0.         0.64       0.256
  0.64       0.         0.         0.         0.         0.09551002
  0.64       0.         0.         0.         0.         0.64
  0.         0.         0.64       0.256      0.64       0.64
  0.         0.         0.64       0.09551002 0.         0.09551002
  0.         0.         0.64       0.         0.04408427 0.
  0.09551002 0.         0.03295268 0.03295268 0.         0.
  0.         0.         0.         0.256      0.         0.
  0.         0.         0.36507006 0.         0.09551002 0.
  0.         0.         0.         0.         0.         0.
  0.         0.256      0.         0.09551002 0.09551002 0.
  0.         0.256      0.         0.         0.         0.
  0.         0.         0.         0.         0.64       0.40788717
  0.         0.         0.         0.         0.         0.
  0.         0.256      0.256      0.         0.         0.
  0.         0.         0.         0.         0.         0.
  0.64       0.64       0.         0.         0.         0.
  0.         0.         0.         0.         0.         0.06102698
  0.256      0.         0.         0.         0.         0.
  0.        ]]"
"[[0.         0.         0.         0.         0.         0.
  0.         0.         0.         0.         0.         0.
  0.         0.         0.         0.         0.         0.
  0.         0.         0.         0.         0.         0.
  0.32       0.8        0.         0.         0.         0.
  0.         0.         0.256      0.         0.         0.
  0.         0.         0.         0.         0.         0.
  0.         0.         0.         0.         0.         0.
  0.         0.         0.         0.32       0.         0.
  0.         0.         0.         0.128      0.         0.
  0.         0.         0.         0.08533333 0.128      0.
  0.         0.         0.         0.         0.256      0.
  0.32       0.         0.         0.32       0.         0.
  0.128      0.         0.         0.         0.         0.
  0.128      0.128      0.         0.         0.         0.
  0.         0.         0.         0.         0.         0.128
  0.         0.32       0.         0.         0.         0.
  0.         0.         0.         0.128      0.         0.
  0.         0.         0.         0.         0.         0.
  0.         0.128      0.         0.         0.         0.
  0.         0.         0.         0.         0.         0.
  0.         0.         0.         0.8        0.         0.
  0.         0.         0.         0.         0.         0.
  0.         0.         0.         0.         0.         0.
  0.         0.         0.         0.         0.         0.
  0.         0.         0.         0.         0.         0.
  0.         0.         0.         0.         0.         0.
  0.         0.         0.         0.         0.         0.
  0.         0.         0.         0.         0.         0.
  0.         0.         0.         0.         0.128      0.
  0.         0.         0.         0.         0.         0.
  0.         0.         0.         0.         0.         0.
  0.         0.128      0.         0.         0.         0.
  0.         1.         0.         0.         0.         0.
  0.         0.08533333 0.         0.         0.         0.
  0.         0.         0.         0.128      0.         0.
  0.         0.37333333 0.         0.         0.         0.16
  0.         0.         0.         0.         0.         0.
  0.         0.         0.08533333 0.         0.         0.37333333
  0.         0.         0.         0.128      0.         0.
  0.         0.         0.         0.         0.         0.
  0.         0.         0.         0.         0.         0.
  0.         0.         0.         0.         0.         0.
  0.         0.         0.         0.         0.         0.
  0.         0.         0.         0.         0.         0.128
  0.         0.         0.         0.         0.08533333 0.
  0.         0.         0.         0.128      0.         0.
  0.         0.         0.         0.         0.         0.
  0.         0.         0.128      0.         0.         0.
  0.37333333 0.         0.         0.         0.         0.256
  0.         0.         0.         0.128      0.         0.
  0.         0.         0.         0.         0.128      0.
  0.         0.         0.         0.         0.         0.
  0.         0.         0.         0.         0.         0.
  0.         0.         0.         0.         0.256      0.
  0.         0.         0.         0.         0.37333333 0.
  0.         0.         0.         0.         0.         0.
  0.         0.         0.         0.32       0.         0.
  0.         0.         0.         0.         0.         0.
  0.         0.         0.         0.         0.         0.
  0.         0.         0.128      0.         0.32       0.
  0.         0.         0.128      0.         0.         0.
  0.         0.         0.         0.         0.         0.
  0.         0.         0.         0.         0.         0.
  0.         0.32       0.         0.08533333 0.         0.
  0.         0.         0.         0.         0.         0.128
  0.         0.         0.         0.         0.         0.
  0.         0.         0.         0.08533333 0.         0.128
  0.         0.         0.         0.         0.         0.
  0.         0.         0.         0.         0.         0.
  0.         0.         0.         0.         0.         0.
  0.         0.         0.         0.128      0.         0.
  0.         0.         0.         0.128      0.         0.
  0.         0.         0.         0.         0.         0.
  0.128      0.128      0.32       0.         0.         0.
  0.         0.         0.         0.         0.         0.
  0.         0.         0.         0.         0.128      0.
  0.         0.128      0.08533333 0.32       0.         0.
  0.        ]]"
"[[0.         0.         0.         0.         0.         0.
  0.         0.         0.         0.         0.         0.
  0.         0.         0.         0.         0.         0.
  0.         0.         0.         0.         0.         0.
  0.         0.         0.         0.         0.         0.
  0.         0.         0.         0.         0.         0.
  0.         0.         0.         0.         0.         0.
  0.         0.         0.         0.34845714 0.         0.
  0.         0.         0.         0.         0.         0.
  0.         0.         0.         0.         0.         0.
  0.         0.         0.         0.         0.         0.
  0.         0.         0.         0.         0.         0.
  0.         0.         0.         0.         0.         0.
  0.         0.         0.         0.         0.         0.
  0.         0.         0.         0.         0.38482144 0.
  0.         0.         0.         0.         0.         0.
  0.         0.         0.         0.         0.         0.
  0.         0.         0.         0.         0.         0.
  0.         0.         0.         0.         0.         0.
  0.         0.         0.         0.         0.         0.
  0.         0.         0.         0.         0.39772057 0.
  0.         0.         0.         0.         0.         0.
  0.         0.         0.         0.         0.         0.
  0.         0.         0.         0.         0.         0.
  0.         0.         0.         0.         0.         0.
  0.         0.         0.         0.         0.         0.
  0.         0.         0.         0.         0.         0.
  0.         0.         0.         0.         0.         0.
  0.         0.         0.         0.         0.         0.
  0.         0.         0.         0.         0.         0.
  0.         0.         0.         0.         0.         0.
  0.         0.39342086 0.         0.         0.4833483  0.
  0.         0.         0.         0.         0.         0.
  0.         0.         1.         0.         0.         0.
  0.         0.         0.         0.         0.         0.
  0.         0.         0.         0.         0.         0.
  0.         0.         0.         0.         0.         0.
  0.         0.         0.         0.         0.         0.
  0.         0.         0.         0.         0.         0.
  0.         0.         0.         0.         0.         0.
  0.         0.         0.         0.         0.         0.
  0.         0.         0.         0.         0.         0.
  0.         0.         0.         0.         0.         0.
  0.         0.         0.         0.         0.         0.
  0.         0.4833483  0.         0.         0.         0.
  0.         0.         0.         0.         0.         0.
  0.         0.         0.         0.         0.         0.
  0.         0.         0.         0.         0.         0.
  0.         0.         0.         0.         0.         0.
  0.         0.         0.         0.         0.         0.
  0.         0.         0.         0.         0.         0.
  0.         0.         0.         0.         0.         0.
  0.         0.         0.         0.         0.         0.
  0.         0.         0.         0.         0.         0.
  0.         0.         0.         0.         0.         0.
  0.         0.         0.         0.         0.         0.
  0.         0.         0.         0.         0.         0.
  0.         0.         0.         0.         0.         0.38482144
  0.         0.         0.         0.         0.         0.
  0.         0.         0.         0.         0.         0.
  0.         0.         0.         0.         0.         0.
  0.         0.         0.         0.         0.41590272 0.
  0.         0.         0.         0.         0.         0.
  0.         0.         0.         0.         0.         0.
  0.         0.         0.         0.         0.         0.
  0.         0.         0.         0.         0.         0.
  0.         0.34845714 0.         0.         0.         0.
  0.         0.         0.         0.         0.         0.
  0.         0.         0.         0.         0.         0.
  0.         0.         0.         0.         0.         0.
  0.         0.         0.         0.         0.         0.
  0.         0.         0.         0.         0.         0.
  0.         0.         0.         0.         0.         0.
  0.         0.         0.         0.         0.         0.31209284
  0.         0.         0.         0.         0.         0.
  0.         0.         0.         0.         0.         0.
  0.         0.         0.         0.         0.         0.
  0.         0.         0.         0.         0.         0.
  0.        ]]"
"[[0.         0.         0.         0.         0.         0.
  0.         0.         0.         0.         0.         0.
  0.         0.         0.15288238 0.         0.31525492 0.
  0.         0.         0.         0.         0.         0.47644119
  0.         0.         0.         0.         0.         0.
  0.         0.         0.         0.         0.16555081 0.64
  0.19688817 0.         0.         0.         0.         0.
  0.         0.         0.         0.         0.21552425 0.15288238
  0.41844408 0.15288238 0.         0.         0.16555081 0.27588993
  0.8        0.         0.45152548 0.         0.         0.34526265
  0.         0.         0.         0.         0.         0.
  0.15288238 0.         0.         0.         0.         0.
  0.         0.19688817 0.         0.         0.19688817 0.17063393
  0.         0.27588993 0.         0.         0.         0.47644119
  0.         0.         0.38325685 0.         0.         0.
  0.         0.         0.         0.19688817 0.         0.
  0.         0.         0.         0.         0.15288238 0.64
  0.36359338 0.         0.         0.         0.         0.
  0.         0.         0.19688817 0.         0.         0.19688817
  0.         0.         0.21552425 0.         0.         0.
  0.34957728 0.15288238 0.         0.19688817 0.         0.
  0.27555516 0.         0.21844076 0.         0.         0.34598272
  0.43213208 0.27555516 0.         0.         0.         0.
  0.         0.21213688 0.18150249 0.         0.         0.15288238
  0.         0.27555516 0.33630438 0.         0.15288238 0.15288238
  0.         0.         0.56335653 0.19688817 0.17063393 0.
  0.         0.24811786 0.45541719 0.         0.         0.
  0.27126125 0.15288238 0.         0.         0.         0.
  0.         0.17325139 0.         0.         0.33986468 0.15288238
  0.19688817 0.         0.20050012 0.19688817 0.         0.26462456
  0.19688817 0.         0.27909967 0.39064853 0.19688817 0.
  0.         0.         0.         0.         0.         0.30664182
  0.12955812 0.         0.         0.         0.21552425 0.
  0.         0.         0.         1.         0.         0.
  0.         0.         0.15288238 0.15288238 0.         0.
  0.40248207 0.19688817 0.15288238 0.         0.25843857 0.
  0.         0.         0.19688817 0.         0.         0.
  0.16322314 0.         0.         0.         0.         0.17063393
  0.         0.15288238 0.         0.16555081 0.24811786 0.
  0.64       0.         0.         0.         0.         0.
  0.         0.         0.         0.         0.         0.17063393
  0.         0.19191423 0.15288238 0.18150249 0.         0.
  0.19688817 0.         0.         0.         0.         0.
  0.         0.8        0.         0.         0.         0.
  0.17063393 0.         0.15288238 0.         0.         0.
  0.         0.         0.18150249 0.15288238 0.         0.
  0.27126125 0.         0.19688817 0.         0.35197444 0.19688817
  0.8        0.4306133  0.         0.         0.24811786 0.
  0.         0.         0.         0.19688817 0.         0.
  0.         0.39968985 0.         0.21372071 0.         0.
  0.         0.47644119 0.         0.         0.         0.
  0.         0.         0.15288238 0.27555516 0.         0.15288238
  0.8        0.4875071  0.         0.27555516 0.         0.
  0.20050012 0.         0.         0.         0.         0.38582654
  0.47518149 0.         0.         0.19688817 0.         0.
  0.         0.         0.         0.         0.         0.24811786
  0.         0.         0.         0.         0.         0.19464363
  0.         0.         0.         0.         0.4332127  0.
  0.         0.         0.         0.2093759  0.         0.
  0.         0.         0.         0.12955812 0.         0.
  0.         0.         0.         0.         0.         0.
  0.         0.         0.         0.19688817 0.         0.
  0.15288238 0.15288238 0.         0.         0.         0.
  0.         0.32446679 0.         0.         0.         0.
  0.         0.         0.         0.         0.         0.15288238
  0.         0.         0.         0.         0.         0.
  0.         0.         0.         0.         0.         0.
  0.30955342 0.         0.         0.         0.         0.
  0.27555516 0.         0.5582206  0.         0.         0.46327201
  0.18150249 0.         0.         0.         0.         0.
  0.         0.         0.         0.15288238 0.16322314 0.
  0.27555516 0.39644119 0.         0.         0.         0.
  0.19688817 0.         0.         0.         0.         0.
  0.18150249 0.         0.         0.64       0.         0.
  0.         0.         0.         0.         0.19688817 0.41844408
  0.         0.         0.         0.19688817 0.19688817 0.
  0.19688817 0.         0.15288238 0.         0.         0.
  0.         0.         0.         0.         0.         0.
  0.        ]]"
"[[0.         0.         0.         0.         0.         0.
  0.         0.         0.         0.         0.         0.
  0.         0.         0.         0.         0.         0.
  0.         0.14876545 0.14876545 0.         0.15821213 0.
  0.         0.         0.         0.         0.         0.
  0.         0.         0.         0.20892317 0.         0.
  0.         0.         0.         0.         0.         0.26298264
  0.28161138 0.         0.         0.         0.         0.
  0.         0.         0.         0.         0.         0.
  0.         0.         0.         0.         0.         0.
  0.         0.         0.         0.         0.         0.
  0.         0.         0.14892288 0.         0.         0.
  0.         0.         0.         0.         0.         0.
  0.         0.         0.         0.         0.         0.
  0.         0.         0.         0.         0.         0.
  0.14064661 0.         0.27761526 0.         0.2382376  0.
  0.         0.         0.         0.         0.         0.
  0.         0.         0.         0.         0.         0.14892288
  0.         0.         0.         0.         0.         0.
  0.         0.         0.         0.         0.         0.
  0.         0.         0.         0.         0.         0.
  0.         0.         0.         0.         0.         0.
  0.         0.         0.         0.11581779 0.         0.
  0.         0.         0.         0.         0.         0.
  0.         0.         0.         0.         0.         0.
  0.26628694 0.         0.         0.         0.         0.
  0.         0.         0.         0.         0.         0.
  0.         0.         0.         0.13939591 0.         0.
  0.         0.         0.         0.         0.         0.
  0.         0.         0.         0.         0.         0.
  0.         0.         0.         0.         0.         0.
  0.         0.         0.         0.         0.         0.
  0.         0.         0.         0.         0.         0.
  0.         0.         0.         0.         1.         0.
  0.         0.         0.         0.         0.         0.
  0.         0.         0.         0.         0.         0.
  0.         0.         0.         0.         0.         0.
  0.         0.         0.         0.         0.         0.
  0.         0.         0.         0.         0.         0.
  0.         0.         0.         0.         0.         0.
  0.         0.         0.         0.         0.         0.
  0.         0.         0.         0.         0.         0.
  0.         0.         0.         0.         0.         0.
  0.         0.         0.         0.         0.         0.
  0.         0.         0.         0.         0.         0.
  0.         0.31226026 0.         0.         0.         0.26169884
  0.         0.         0.         0.         0.         0.
  0.         0.         0.         0.         0.         0.
  0.         0.         0.         0.         0.         0.
  0.         0.         0.         0.         0.         0.
  0.         0.         0.         0.         0.         0.
  0.         0.         0.         0.         0.         0.
  0.         0.         0.         0.         0.         0.
  0.         0.3219406  0.         0.         0.         0.
  0.         0.26131525 0.         0.         0.         0.27553236
  0.         0.         0.         0.         0.         0.
  0.         0.         0.         0.         0.         0.
  0.         0.         0.         0.         0.         0.
  0.         0.         0.         0.         0.         0.
  0.         0.         0.         0.         0.         0.
  0.         0.         0.         0.         0.         0.
  0.         0.18655215 0.         0.         0.         0.
  0.         0.         0.         0.         0.         0.
  0.         0.         0.         0.         0.         0.
  0.29591406 0.         0.         0.         0.         0.
  0.         0.         0.         0.         0.         0.
  0.         0.         0.         0.         0.         0.
  0.         0.         0.         0.         0.         0.
  0.         0.         0.         0.         0.         0.
  0.         0.         0.         0.         0.         0.
  0.11581779 0.         0.         0.         0.         0.
  0.         0.         0.         0.         0.         0.
  0.         0.         0.         0.         0.         0.24435489
  0.         0.         0.         0.         0.         0.
  0.         0.         0.         0.         0.         0.
  0.         0.         0.         0.         0.         0.
  0.         0.         0.         0.         0.         0.
  0.         0.         0.         0.         0.         0.
  0.        ]]"
"[[0.         0.         0.         0.         0.         0.
  0.         0.         0.         0.         0.         0.
  0.         0.         0.         0.256      0.         0.09014012
  0.         0.         0.         0.         0.         0.
  0.         0.         0.256      0.256      0.         0.
  0.256      0.         0.         0.         0.         0.
  0.         0.         0.         0.256      0.         0.
  0.         0.256      0.         0.         0.         0.
  0.         0.         0.256      0.         0.         0.
  0.         0.64       0.         0.         0.         0.
  0.64       0.34253503 0.256      0.         0.         0.
  0.         0.         0.         0.         0.         0.8
  0.         0.         0.256      0.         0.         0.
  0.         0.         0.         0.         0.         0.
  0.         0.         0.         0.         0.         0.
  0.         0.64       0.         0.         0.         0.
  0.         0.         0.64       0.         0.         0.
  0.         0.09551002 0.         0.         0.8        0.
  0.         0.         0.         0.09551002 0.04868355 0.
  0.04868355 0.         0.         0.06248139 0.         0.06248139
  0.         0.         0.         0.         0.         0.64
  0.         0.256      0.         0.         0.         0.
  0.         0.         0.         0.         0.         0.8
  0.64       0.         0.         0.         0.         0.
  0.64       0.         0.         0.256      0.         0.
  0.         0.09014012 0.         0.         0.         0.09551002
  0.256      0.         0.         0.64       0.         0.
  0.         0.         0.04868355 0.         0.         0.
  0.256      0.         0.09014012 0.256      0.         0.
  0.         0.         0.         0.         0.         0.
  0.         0.64       0.         0.         0.         0.
  0.72       0.         0.256      0.         0.         0.
  0.         0.         0.256      0.         0.         0.
  0.64       0.         0.         0.         0.         1.
  0.         0.         0.         0.         0.         0.
  0.         0.         0.         0.         0.         0.
  0.64       0.         0.         0.09551002 0.         0.
  0.         0.64       0.09551002 0.32       0.         0.
  0.64       0.         0.         0.         0.         0.
  0.         0.8        0.64       0.         0.         0.256
  0.         0.256      0.         0.64       0.09551002 0.
  0.         0.         0.         0.         0.         0.24338004
  0.         0.256      0.         0.         0.         0.34253503
  0.8        0.         0.         0.256      0.03183667 0.
  0.         0.         0.         0.256      0.256      0.
  0.         0.         0.         0.         0.         0.
  0.         0.         0.         0.         0.         0.
  0.         0.         0.8        0.         0.         0.64
  0.256      0.09551002 0.         0.         0.         0.8
  0.         0.         0.         0.         0.         0.
  0.256      0.         0.         0.         0.         0.02645056
  0.         0.03295268 0.         0.         0.         0.
  0.         0.         0.256      0.         0.8        0.256
  0.         0.         0.256      0.05392717 0.256      0.
  0.         0.         0.256      0.         0.         0.
  0.         0.         0.64       0.         0.         0.
  0.64       0.         0.         0.09551002 0.64       0.
  0.         0.09551002 0.         0.         0.         0.
  0.04868355 0.         0.         0.         0.8        0.64
  0.256      0.         0.64       0.         0.64       0.256
  0.64       0.         0.         0.         0.         0.09551002
  0.64       0.         0.         0.         0.         0.8
  0.         0.         0.8        0.256      0.64       0.64
  0.         0.         0.64       0.09551002 0.         0.09551002
  0.         0.         0.8        0.         0.04408427 0.
  0.09551002 0.         0.03295268 0.03295268 0.         0.
  0.         0.         0.         0.256      0.         0.
  0.         0.         0.36507006 0.         0.09551002 0.
  0.         0.         0.         0.         0.         0.
  0.         0.256      0.         0.09551002 0.09551002 0.
  0.         0.256      0.         0.         0.         0.
  0.         0.         0.         0.         0.64       0.40788717
  0.         0.         0.         0.         0.         0.
  0.         0.256      0.256      0.         0.         0.
  0.         0.         0.         0.         0.         0.
  0.64       0.64       0.         0.         0.         0.
  0.         0.         0.         0.         0.         0.06102698
  0.256      0.         0.         0.         0.         0.
  0.        ]]"
"[[0.         0.         0.         0.         0.         0.
  0.         0.         0.         0.         0.         0.
  0.         0.         0.         0.         0.         0.
  0.8        0.         0.         0.8        0.         0.
  0.         0.         0.         0.         0.18027303 0.
  0.         0.1714402  0.         0.         0.         0.
  0.         0.8        0.         0.         0.8        0.
  0.         0.         0.08535929 0.         0.         0.
  0.         0.         0.         0.         0.         0.
  0.         0.         0.         0.         0.12027214 0.
  0.         0.         0.         0.         0.         0.8
  0.         0.         0.         0.         0.         0.
  0.         0.         0.         0.         0.         0.
  0.         0.         0.8        0.8        0.12856171 0.
  0.         0.         0.         0.16985201 0.         0.8
  0.         0.         0.         0.         0.         0.
  0.8        0.         0.         0.8        0.         0.
  0.         0.         0.         0.         0.         0.
  0.8        0.8        0.         0.         0.         0.
  0.         0.         0.         0.         0.         0.
  0.         0.         0.08526979 0.         0.         0.
  0.         0.         0.         0.         0.8        0.
  0.         0.         0.         0.         0.         0.
  0.         0.         0.         0.11346386 0.8        0.
  0.         0.         0.         0.         0.         0.
  0.         0.         0.         0.         0.         0.
  0.         0.         0.         0.         0.         0.8
  0.         0.         0.         0.         0.         0.8
  0.         0.         0.         0.         0.         0.
  0.         0.8        0.         0.         0.         0.
  0.         0.         0.         0.         0.         0.08535929
  0.         0.         0.         0.07191812 0.         0.
  0.         0.         0.         0.         0.         0.
  0.         0.         0.         0.         0.         0.
  1.         0.         0.         0.         0.8        0.8
  0.         0.         0.         0.         0.         0.
  0.         0.         0.         0.         0.         0.
  0.         0.         0.         0.         0.         0.
  0.         0.         0.         0.         0.         0.
  0.         0.         0.         0.         0.         0.
  0.         0.         0.06428085 0.         0.         0.
  0.8        0.         0.         0.         0.8        0.
  0.         0.         0.12869422 0.         0.11497495 0.
  0.         0.         0.         0.         0.         0.
  0.         0.         0.         0.         0.         0.
  0.         0.         0.         0.         0.         0.
  0.         0.         0.         0.         0.         0.
  0.         0.         0.         0.         0.         0.
  0.         0.         0.         0.         0.8        0.
  0.         0.         0.         0.         0.         0.
  0.         0.         0.8        0.         0.08719264 0.
  0.8        0.         0.         0.         0.         0.
  0.         0.         0.         0.         0.         0.
  0.         0.         0.         0.         0.         0.
  0.         0.         0.         0.         0.         0.
  0.18027303 0.8        0.         0.         0.         0.
  0.         0.8        0.8        0.         0.         0.
  0.         0.         0.         0.         0.         0.
  0.         0.         0.8        0.         0.         0.
  0.         0.8        0.         0.         0.         0.
  0.         0.         0.         0.8        0.         0.
  0.         0.         0.         0.         0.         0.
  0.         0.         0.         0.         0.         0.
  0.08297931 0.         0.         0.         0.         0.
  0.         0.         0.         0.         0.         0.
  0.         0.8        0.         0.         0.         0.
  0.08630174 0.         0.         0.         0.8        0.8
  0.         0.         0.         0.         0.         0.
  0.         0.         0.         0.         0.         0.
  0.         0.         0.8        0.         0.         0.
  0.         0.         0.1714402  0.         0.         0.8
  0.         0.         0.8        0.         0.         0.
  0.         0.         0.09648754 0.         0.8        0.
  0.         0.         0.         0.         0.09648754 0.
  0.         0.         0.         0.         0.         0.
  0.         0.         0.         0.         0.         0.
  0.         0.09958583 0.         0.8        0.         0.
  0.         0.         0.         0.         0.11027147 0.
  0.        ]]"
"[[0.         0.         0.         0.         0.         0.
  0.         0.         0.         0.         0.         0.
  0.         0.         0.         0.         0.         0.
  0.         0.         0.         0.         0.         0.
  0.         0.08533333 0.         0.         0.         0.
  0.         0.         0.12515556 0.         0.         0.
  0.         0.         0.         0.         0.         0.
  0.         0.         0.         0.         0.         0.
  0.         0.         0.         0.17066667 0.         0.
  0.         0.         0.         0.2048     0.         0.
  0.         0.         0.         0.72       0.2048     0.
  0.         0.         0.         0.         0.12515556 0.
  0.17066667 0.         0.         0.17066667 0.         0.
  0.2048     0.         0.         0.         0.         0.
  0.2048     0.2048     0.         0.         0.         0.
  0.         0.         0.         0.         0.         0.2048
  0.         0.17066667 0.         0.         0.         0.
  0.         0.         0.         0.2048     0.         0.
  0.         0.         0.         0.         0.         0.
  0.         0.2048     0.         0.         0.         0.
  0.         0.         0.         0.         0.         0.
  0.         0.         0.         0.08533333 0.         0.
  0.         0.         0.         0.         0.         0.
  0.         0.         0.         0.         0.         0.
  0.         0.         0.         0.         0.         0.
  0.         0.         0.         0.         0.         0.
  0.         0.         0.         0.         0.         0.
  0.         0.         0.         0.         0.         0.
  0.         0.         0.         0.         0.         0.
  0.         0.         0.         0.         0.2048     0.
  0.         0.         0.         0.         0.         0.
  0.         0.         0.         0.         0.         0.
  0.         0.2048     0.         0.         0.         0.
  0.         0.08533333 0.         0.         0.         0.
  0.         1.         0.         0.         0.         0.
  0.         0.         0.         0.2048     0.         0.
  0.         0.02844444 0.         0.         0.         0.
  0.         0.         0.         0.         0.         0.
  0.         0.         0.72       0.         0.         0.02844444
  0.         0.         0.         0.2048     0.         0.
  0.         0.         0.         0.         0.         0.
  0.         0.         0.         0.         0.         0.
  0.         0.         0.         0.         0.         0.
  0.         0.         0.         0.         0.         0.
  0.         0.         0.         0.         0.         0.2048
  0.         0.         0.         0.         0.72       0.
  0.         0.         0.         0.2048     0.         0.
  0.         0.         0.         0.         0.         0.
  0.         0.         0.2048     0.         0.         0.
  0.02844444 0.         0.         0.         0.         0.12515556
  0.         0.         0.         0.2048     0.         0.
  0.         0.         0.         0.         0.2048     0.
  0.         0.         0.         0.         0.         0.
  0.         0.         0.         0.         0.         0.
  0.         0.         0.         0.         0.12515556 0.
  0.         0.         0.         0.         0.02844444 0.
  0.         0.         0.         0.         0.         0.
  0.         0.         0.         0.17066667 0.         0.
  0.         0.         0.         0.         0.         0.
  0.         0.         0.         0.         0.         0.
  0.         0.         0.2048     0.         0.17066667 0.
  0.         0.         0.2048     0.         0.         0.
  0.         0.         0.         0.         0.         0.
  0.         0.         0.         0.         0.         0.
  0.         0.17066667 0.         0.72       0.         0.
  0.         0.         0.         0.         0.         0.2048
  0.         0.         0.         0.         0.         0.
  0.         0.         0.         0.72       0.         0.2048
  0.         0.         0.         0.         0.         0.
  0.         0.         0.         0.         0.         0.
  0.         0.         0.         0.         0.         0.
  0.         0.         0.         0.2048     0.         0.
  0.         0.         0.         0.2048     0.         0.
  0.         0.         0.         0.         0.         0.
  0.2048     0.2048     0.         0.         0.         0.
  0.         0.         0.         0.         0.         0.
  0.         0.         0.         0.         0.2048     0.
  0.         0.2048     0.72       0.17066667 0.         0.
  0.        ]]"
"[[0.         0.         0.         0.         0.         0.
  0.         0.         0.         0.         0.         0.
  0.         0.         0.8        0.         0.39229413 0.
  0.         0.         0.         0.         0.         0.33244119
  0.         0.         0.         0.         0.         0.
  0.         0.         0.         0.         0.17043872 0.15288238
  0.44519629 0.         0.         0.         0.         0.
  0.         0.         0.         0.         0.45409874 0.8
  0.29903933 0.8        0.         0.         0.17043872 0.35113562
  0.15288238 0.         0.18604718 0.         0.         0.27974558
  0.         0.         0.         0.         0.         0.
  0.64       0.         0.         0.         0.         0.
  0.         0.44519629 0.         0.         0.44519629 0.35958374
  0.         0.35113562 0.         0.         0.         0.39644119
  0.         0.         0.46602622 0.         0.         0.
  0.         0.         0.         0.44519629 0.         0.
  0.         0.         0.         0.         0.8        0.15288238
  0.27302556 0.         0.         0.         0.         0.
  0.         0.         0.44519629 0.         0.         0.44519629
  0.         0.         0.45409874 0.         0.         0.
  0.27743458 0.8        0.         0.44519629 0.         0.
  0.16524586 0.         0.20305623 0.         0.         0.42526996
  0.22394201 0.16524586 0.         0.         0.         0.
  0.         0.4415524  0.34433176 0.         0.         0.64
  0.         0.16524586 0.25945255 0.         0.8        0.8
  0.         0.         0.20029674 0.44519629 0.35958374 0.
  0.         0.21680308 0.18548975 0.         0.         0.
  0.32874686 0.8        0.         0.         0.         0.
  0.         0.14873826 0.         0.         0.45281874 0.8
  0.44519629 0.         0.36440154 0.44519629 0.         0.27181922
  0.44519629 0.         0.38411653 0.23334155 0.44519629 0.
  0.         0.         0.         0.         0.         0.31091953
  0.3418325  0.         0.         0.         0.45409874 0.
  0.         0.         0.         0.15288238 0.         0.
  0.         0.         1.         0.64       0.         0.
  0.2284161  0.44519629 0.8        0.         0.33097328 0.
  0.         0.         0.44519629 0.         0.         0.
  0.39351439 0.         0.         0.         0.         0.35958374
  0.         0.8        0.         0.17043872 0.21680308 0.
  0.15288238 0.         0.         0.         0.         0.
  0.         0.         0.         0.         0.         0.35958374
  0.         0.23079213 0.8        0.34433176 0.         0.
  0.44519629 0.         0.         0.         0.         0.
  0.         0.15288238 0.         0.         0.         0.
  0.35958374 0.         0.64       0.         0.         0.
  0.         0.         0.34433176 0.8        0.         0.
  0.32874686 0.         0.44519629 0.         0.2815388  0.44519629
  0.15288238 0.12566528 0.         0.         0.21680308 0.
  0.         0.         0.         0.44519629 0.         0.
  0.         0.25487425 0.         0.36805328 0.         0.
  0.         0.39644119 0.         0.         0.         0.
  0.         0.         0.8        0.16524586 0.         0.8
  0.15288238 0.14292334 0.         0.16524586 0.         0.
  0.36440154 0.         0.         0.         0.         0.24508734
  0.22752403 0.         0.         0.44519629 0.         0.
  0.         0.         0.         0.         0.         0.21680308
  0.         0.         0.         0.         0.         0.51606583
  0.         0.         0.         0.         0.21967129 0.
  0.         0.         0.         0.28819341 0.         0.
  0.         0.         0.         0.3418325  0.         0.
  0.         0.         0.         0.         0.         0.
  0.         0.         0.         0.44519629 0.         0.
  0.8        0.8        0.         0.         0.         0.
  0.         0.29723816 0.         0.         0.         0.
  0.         0.         0.         0.         0.         0.8
  0.         0.         0.         0.         0.         0.
  0.         0.         0.         0.         0.         0.
  0.37473012 0.         0.         0.         0.         0.
  0.16524586 0.         0.24266179 0.         0.         0.2049482
  0.34433176 0.         0.         0.         0.         0.
  0.         0.         0.         0.64       0.39351439 0.
  0.16524586 0.33244119 0.         0.         0.         0.
  0.44519629 0.         0.         0.         0.         0.
  0.34433176 0.         0.         0.15288238 0.         0.
  0.         0.         0.         0.         0.44519629 0.29903933
  0.         0.         0.         0.44519629 0.44519629 0.
  0.44519629 0.         0.8        0.         0.         0.
  0.         0.         0.         0.         0.         0.
  0.        ]]"
"[[0.         0.         0.         0.         0.         0.
  0.         0.         0.         0.         0.         0.
  0.         0.         0.64       0.         0.39229413 0.
  0.         0.         0.         0.         0.         0.33244119
  0.         0.         0.         0.         0.         0.
  0.         0.         0.         0.         0.17043872 0.15288238
  0.44519629 0.         0.         0.         0.         0.
  0.         0.         0.         0.         0.53409874 0.64
  0.29903933 0.64       0.         0.         0.17043872 0.35113562
  0.15288238 0.         0.18604718 0.         0.         0.27974558
  0.         0.         0.         0.         0.         0.
  0.64       0.         0.         0.         0.         0.
  0.         0.44519629 0.         0.         0.44519629 0.35958374
  0.         0.35113562 0.         0.         0.         0.39644119
  0.         0.         0.41269289 0.         0.         0.
  0.         0.         0.         0.44519629 0.         0.
  0.         0.         0.         0.         0.64       0.15288238
  0.27302556 0.         0.         0.         0.         0.
  0.         0.         0.44519629 0.         0.         0.44519629
  0.         0.         0.53409874 0.         0.         0.
  0.27743458 0.64       0.         0.44519629 0.         0.
  0.16524586 0.         0.20305623 0.         0.         0.46526996
  0.22394201 0.16524586 0.         0.         0.         0.
  0.         0.46821907 0.34433176 0.         0.         0.64
  0.         0.16524586 0.25945255 0.         0.64       0.64
  0.         0.         0.20029674 0.44519629 0.35958374 0.
  0.         0.21680308 0.18548975 0.         0.         0.
  0.32874686 0.64       0.         0.         0.         0.
  0.         0.14873826 0.         0.         0.49281874 0.64
  0.44519629 0.         0.36440154 0.44519629 0.         0.27181922
  0.44519629 0.         0.38411653 0.23334155 0.44519629 0.
  0.         0.         0.         0.         0.         0.31091953
  0.3418325  0.         0.         0.         0.53409874 0.
  0.         0.         0.         0.15288238 0.         0.
  0.         0.         0.64       1.         0.         0.
  0.2284161  0.44519629 0.64       0.         0.33097328 0.
  0.         0.         0.44519629 0.         0.         0.
  0.39351439 0.         0.         0.         0.         0.35958374
  0.         0.64       0.         0.17043872 0.21680308 0.
  0.15288238 0.         0.         0.         0.         0.
  0.         0.         0.         0.         0.         0.35958374
  0.         0.23079213 0.64       0.34433176 0.         0.
  0.44519629 0.         0.         0.         0.         0.
  0.         0.15288238 0.         0.         0.         0.
  0.35958374 0.         0.8        0.         0.         0.
  0.         0.         0.34433176 0.64       0.         0.
  0.32874686 0.         0.44519629 0.         0.2815388  0.44519629
  0.15288238 0.12566528 0.         0.         0.21680308 0.
  0.         0.         0.         0.44519629 0.         0.
  0.         0.25487425 0.         0.36805328 0.         0.
  0.         0.39644119 0.         0.         0.         0.
  0.         0.         0.64       0.16524586 0.         0.64
  0.15288238 0.14292334 0.         0.16524586 0.         0.
  0.36440154 0.         0.         0.         0.         0.24508734
  0.22752403 0.         0.         0.44519629 0.         0.
  0.         0.         0.         0.         0.         0.21680308
  0.         0.         0.         0.         0.         0.56939916
  0.         0.         0.         0.         0.21967129 0.
  0.         0.         0.         0.28819341 0.         0.
  0.         0.         0.         0.3418325  0.         0.
  0.         0.         0.         0.         0.         0.
  0.         0.         0.         0.44519629 0.         0.
  0.64       0.64       0.         0.         0.         0.
  0.         0.29723816 0.         0.         0.         0.
  0.         0.         0.         0.         0.         0.64
  0.         0.         0.         0.         0.         0.
  0.         0.         0.         0.         0.         0.
  0.39758727 0.         0.         0.         0.         0.
  0.16524586 0.         0.24266179 0.         0.         0.2049482
  0.34433176 0.         0.         0.         0.         0.
  0.         0.         0.         0.8        0.39351439 0.
  0.16524586 0.33244119 0.         0.         0.         0.
  0.44519629 0.         0.         0.         0.         0.
  0.34433176 0.         0.         0.15288238 0.         0.
  0.         0.         0.         0.         0.44519629 0.29903933
  0.         0.         0.         0.44519629 0.44519629 0.
  0.44519629 0.         0.64       0.         0.         0.
  0.         0.         0.         0.         0.         0.
  0.        ]]"
"[[0.         0.         0.         0.         0.         0.
  0.         0.         0.         0.         0.         0.
  0.         0.         0.         0.         0.         0.
  0.8        0.         0.         0.8        0.         0.
  0.         0.         0.         0.         0.18027303 0.
  0.         0.1714402  0.         0.         0.         0.
  0.         0.8        0.         0.         0.8        0.
  0.         0.         0.08535929 0.         0.         0.
  0.         0.         0.         0.         0.         0.
  0.         0.         0.         0.         0.12027214 0.
  0.         0.         0.         0.         0.         0.8
  0.         0.         0.         0.         0.         0.
  0.         0.         0.         0.         0.         0.
  0.         0.         0.8        0.8        0.12856171 0.
  0.         0.         0.         0.16985201 0.         0.8
  0.         0.         0.         0.         0.         0.
  0.8        0.         0.         0.8        0.         0.
  0.         0.         0.         0.         0.         0.
  0.8        0.8        0.         0.         0.         0.
  0.         0.         0.         0.         0.         0.
  0.         0.         0.08526979 0.         0.         0.
  0.         0.         0.         0.         0.8        0.
  0.         0.         0.         0.         0.         0.
  0.         0.         0.         0.11346386 0.8        0.
  0.         0.         0.         0.         0.         0.
  0.         0.         0.         0.         0.         0.
  0.         0.         0.         0.         0.         0.8
  0.         0.         0.         0.         0.         0.8
  0.         0.         0.         0.         0.         0.
  0.         0.8        0.         0.         0.         0.
  0.         0.         0.         0.         0.         0.08535929
  0.         0.         0.         0.07191812 0.         0.
  0.         0.         0.         0.         0.         0.
  0.         0.         0.         0.         0.         0.
  0.8        0.         0.         0.         1.         0.8
  0.         0.         0.         0.         0.         0.
  0.         0.         0.         0.         0.         0.
  0.         0.         0.         0.         0.         0.
  0.         0.         0.         0.         0.         0.
  0.         0.         0.         0.         0.         0.
  0.         0.         0.06428085 0.         0.         0.
  0.8        0.         0.         0.         0.8        0.
  0.         0.         0.12869422 0.         0.11497495 0.
  0.         0.         0.         0.         0.         0.
  0.         0.         0.         0.         0.         0.
  0.         0.         0.         0.         0.         0.
  0.         0.         0.         0.         0.         0.
  0.         0.         0.         0.         0.         0.
  0.         0.         0.         0.         0.8        0.
  0.         0.         0.         0.         0.         0.
  0.         0.         0.8        0.         0.08719264 0.
  0.8        0.         0.         0.         0.         0.
  0.         0.         0.         0.         0.         0.
  0.         0.         0.         0.         0.         0.
  0.         0.         0.         0.         0.         0.
  0.18027303 0.8        0.         0.         0.         0.
  0.         0.8        0.8        0.         0.         0.
  0.         0.         0.         0.         0.         0.
  0.         0.         0.8        0.         0.         0.
  0.         0.8        0.         0.         0.         0.
  0.         0.         0.         0.8        0.         0.
  0.         0.         0.         0.         0.         0.
  0.         0.         0.         0.         0.         0.
  0.08297931 0.         0.         0.         0.         0.
  0.         0.         0.         0.         0.         0.
  0.         0.8        0.         0.         0.         0.
  0.08630174 0.         0.         0.         0.8        0.8
  0.         0.         0.         0.         0.         0.
  0.         0.         0.         0.         0.         0.
  0.         0.         0.8        0.         0.         0.
  0.         0.         0.1714402  0.         0.         0.8
  0.         0.         0.8        0.         0.         0.
  0.         0.         0.09648754 0.         0.8        0.
  0.         0.         0.         0.         0.09648754 0.
  0.         0.         0.         0.         0.         0.
  0.         0.         0.         0.         0.         0.
  0.         0.09958583 0.         0.8        0.         0.
  0.         0.         0.         0.         0.11027147 0.
  0.        ]]"
"[[0.         0.         0.         0.         0.         0.
  0.         0.         0.         0.         0.         0.
  0.         0.         0.         0.         0.         0.
  0.8        0.         0.         0.8        0.         0.
  0.         0.         0.         0.         0.18027303 0.
  0.         0.1714402  0.         0.         0.         0.
  0.         0.8        0.         0.         0.8        0.
  0.         0.         0.08535929 0.         0.         0.
  0.         0.         0.         0.         0.         0.
  0.         0.         0.         0.         0.12027214 0.
  0.         0.         0.         0.         0.         0.8
  0.         0.         0.         0.         0.         0.
  0.         0.         0.         0.         0.         0.
  0.         0.         0.8        0.8        0.12856171 0.
  0.         0.         0.         0.16985201 0.         0.8
  0.         0.         0.         0.         0.         0.
  0.8        0.         0.         0.8        0.         0.
  0.         0.         0.         0.         0.         0.
  0.8        0.8        0.         0.         0.         0.
  0.         0.         0.         0.         0.         0.
  0.         0.         0.08526979 0.         0.         0.
  0.         0.         0.         0.         0.8        0.
  0.         0.         0.         0.         0.         0.
  0.         0.         0.         0.11346386 0.8        0.
  0.         0.         0.         0.         0.         0.
  0.         0.         0.         0.         0.         0.
  0.         0.         0.         0.         0.         0.8
  0.         0.         0.         0.         0.         0.8
  0.         0.         0.         0.         0.         0.
  0.         0.8        0.         0.         0.         0.
  0.         0.         0.         0.         0.         0.08535929
  0.         0.         0.         0.07191812 0.         0.
  0.         0.         0.         0.         0.         0.
  0.         0.         0.         0.         0.         0.
  0.8        0.         0.         0.         0.8        1.
  0.         0.         0.         0.         0.         0.
  0.         0.         0.         0.         0.         0.
  0.         0.         0.         0.         0.         0.
  0.         0.         0.         0.         0.         0.
  0.         0.         0.         0.         0.         0.
  0.         0.         0.06428085 0.         0.         0.
  0.8        0.         0.         0.         0.8        0.
  0.         0.         0.12869422 0.         0.11497495 0.
  0.         0.         0.         0.         0.         0.
  0.         0.         0.         0.         0.         0.
  0.         0.         0.         0.         0.         0.
  0.         0.         0.         0.         0.         0.
  0.         0.         0.         0.         0.         0.
  0.         0.         0.         0.         0.8        0.
  0.         0.         0.         0.         0.         0.
  0.         0.         0.8        0.         0.08719264 0.
  0.8        0.         0.         0.         0.         0.
  0.         0.         0.         0.         0.         0.
  0.         0.         0.         0.         0.         0.
  0.         0.         0.         0.         0.         0.
  0.18027303 0.8        0.         0.         0.         0.
  0.         0.8        0.8        0.         0.         0.
  0.         0.         0.         0.         0.         0.
  0.         0.         0.8        0.         0.         0.
  0.         0.8        0.         0.         0.         0.
  0.         0.         0.         0.8        0.         0.
  0.         0.         0.         0.         0.         0.
  0.         0.         0.         0.         0.         0.
  0.08297931 0.         0.         0.         0.         0.
  0.         0.         0.         0.         0.         0.
  0.         0.8        0.         0.         0.         0.
  0.08630174 0.         0.         0.         0.8        0.8
  0.         0.         0.         0.         0.         0.
  0.         0.         0.         0.         0.         0.
  0.         0.         0.8        0.         0.         0.
  0.         0.         0.1714402  0.         0.         0.8
  0.         0.         0.8        0.         0.         0.
  0.         0.         0.09648754 0.         0.8        0.
  0.         0.         0.         0.         0.09648754 0.
  0.         0.         0.         0.         0.         0.
  0.         0.         0.         0.         0.         0.
  0.         0.09958583 0.         0.8        0.         0.
  0.         0.         0.         0.         0.11027147 0.
  0.        ]]"
"[[0.         0.         0.         0.         0.         0.
  0.         0.         0.         0.         0.         0.
  0.         0.         0.2284161  0.         0.28558476 0.
  0.         0.         0.         0.         0.         0.31480908
  0.         0.         0.         0.         0.         0.
  0.         0.         0.         0.         0.16631744 0.40888207
  0.25335758 0.         0.         0.         0.         0.
  0.         0.         0.         0.         0.23744837 0.2284161
  0.33111982 0.2284161  0.         0.         0.16631744 0.25946592
  0.40248207 0.         0.319007   0.         0.         0.28728215
  0.         0.         0.         0.         0.         0.
  0.2284161  0.         0.         0.         0.         0.
  0.         0.25335758 0.         0.         0.25335758 0.20504341
  0.         0.25946592 0.         0.         0.         0.31544908
  0.         0.         0.29475191 0.         0.         0.
  0.         0.         0.         0.25335758 0.         0.
  0.         0.         0.         0.         0.2284161  0.40248207
  0.29413994 0.         0.         0.         0.         0.
  0.         0.         0.25335758 0.         0.         0.25335758
  0.         0.         0.23744837 0.         0.         0.
  0.28878578 0.2284161  0.         0.25335758 0.         0.
  0.23810984 0.         0.23445925 0.         0.         0.27644873
  0.32923105 0.23810984 0.         0.         0.         0.
  0.         0.23913296 0.23450738 0.         0.         0.2284161
  0.         0.23810984 0.28389646 0.         0.2284161  0.2284161
  0.         0.         0.36860669 0.25335758 0.20504341 0.
  0.         0.22501569 0.33636938 0.         0.         0.
  0.25372422 0.2284161  0.         0.         0.         0.
  0.         0.16244486 0.         0.         0.27695076 0.2284161
  0.25335758 0.         0.2260759  0.25335758 0.         0.24329931
  0.25335758 0.         0.26544942 0.31418447 0.25335758 0.
  0.         0.         0.         0.         0.         0.26754838
  0.19863092 0.         0.         0.         0.23744837 0.
  0.         0.         0.         0.40248207 0.         0.
  0.         0.         0.2284161  0.2284161  0.         0.
  1.         0.25335758 0.2284161  0.         0.25097895 0.
  0.         0.         0.25335758 0.         0.         0.
  0.22599425 0.         0.         0.         0.         0.20504341
  0.         0.2284161  0.         0.16631744 0.22501569 0.
  0.40888207 0.         0.         0.         0.         0.
  0.         0.         0.         0.         0.         0.20504341
  0.         0.19558638 0.2284161  0.23450738 0.         0.
  0.25335758 0.         0.         0.         0.         0.
  0.         0.40248207 0.         0.         0.         0.
  0.20504341 0.         0.2284161  0.         0.         0.
  0.         0.         0.23450738 0.2284161  0.         0.
  0.25372422 0.         0.25335758 0.         0.28810019 0.25335758
  0.40248207 0.31895    0.         0.         0.22501569 0.
  0.         0.         0.         0.25335758 0.         0.
  0.         0.31946747 0.         0.24790799 0.         0.
  0.         0.31544908 0.         0.         0.         0.
  0.         0.         0.2284161  0.23810984 0.         0.2284161
  0.40248207 0.34978075 0.         0.23810984 0.         0.
  0.2260759  0.         0.         0.         0.         0.3112213
  0.34156788 0.         0.         0.25335758 0.         0.
  0.         0.         0.         0.         0.         0.22501569
  0.         0.         0.         0.         0.         0.23443762
  0.         0.         0.         0.         0.32985338 0.
  0.         0.         0.         0.21502955 0.         0.
  0.         0.         0.         0.19863092 0.         0.
  0.         0.         0.         0.         0.         0.
  0.         0.         0.         0.25335758 0.         0.
  0.2284161  0.2284161  0.         0.         0.         0.
  0.         0.28472451 0.         0.         0.         0.
  0.         0.         0.         0.         0.         0.2284161
  0.         0.         0.         0.         0.         0.
  0.         0.         0.         0.         0.         0.
  0.26298319 0.         0.         0.         0.         0.
  0.23810984 0.         0.35928317 0.         0.         0.33833134
  0.23450738 0.         0.         0.         0.         0.
  0.         0.         0.         0.2284161  0.22599425 0.
  0.23810984 0.31480908 0.         0.         0.         0.
  0.25335758 0.         0.         0.         0.         0.
  0.23450738 0.         0.         0.40248207 0.         0.
  0.         0.         0.         0.         0.25335758 0.33111982
  0.         0.         0.         0.25335758 0.25335758 0.
  0.25335758 0.         0.2284161  0.         0.         0.
  0.         0.         0.         0.         0.         0.
  0.        ]]"
"[[0.         0.         0.         0.         0.         0.
  0.         0.         0.         0.         0.         0.
  0.         0.         0.44519629 0.         0.34109358 0.
  0.         0.         0.         0.         0.         0.30504223
  0.         0.         0.         0.         0.         0.
  0.         0.         0.         0.         0.16722223 0.19688817
  0.8        0.         0.         0.         0.         0.
  0.         0.         0.         0.         0.35217833 0.44519629
  0.49844408 0.44519629 0.         0.         0.16722223 0.31392908
  0.19688817 0.         0.21882826 0.         0.         0.27036244
  0.         0.         0.         0.         0.         0.
  0.44519629 0.         0.         0.         0.         0.
  0.         0.8        0.         0.         0.8        0.30559631
  0.         0.31392908 0.         0.         0.         0.32104223
  0.         0.         0.48069482 0.         0.         0.
  0.         0.         0.         0.8        0.         0.
  0.         0.         0.         0.         0.44519629 0.19688817
  0.27244033 0.         0.         0.         0.         0.
  0.         0.         0.8        0.         0.         0.8
  0.         0.         0.35217833 0.         0.         0.
  0.26934124 0.44519629 0.         0.8        0.         0.
  0.19803805 0.         0.21273726 0.         0.         0.33661028
  0.23367679 0.19803805 0.         0.         0.         0.
  0.         0.34800769 0.30330801 0.         0.         0.44519629
  0.         0.19803805 0.25181577 0.         0.44519629 0.44519629
  0.         0.         0.22385962 0.8        0.30559631 0.
  0.         0.23221395 0.2088635  0.         0.         0.
  0.30030989 0.44519629 0.         0.         0.         0.
  0.         0.15772201 0.         0.         0.35121833 0.44519629
  0.8        0.         0.32270512 0.8        0.         0.25781531
  0.8        0.         0.33221926 0.2599427  0.8        0.
  0.         0.         0.         0.         0.         0.28911228
  0.27976745 0.         0.         0.         0.35217833 0.
  0.         0.         0.         0.19688817 0.         0.
  0.         0.         0.44519629 0.44519629 0.         0.
  0.25335758 1.         0.44519629 0.         0.3007382  0.
  0.         0.         0.8        0.         0.         0.
  0.53988372 0.         0.         0.         0.         0.30559631
  0.         0.44519629 0.         0.16722223 0.23221395 0.
  0.19688817 0.         0.         0.         0.         0.
  0.         0.         0.         0.         0.         0.30559631
  0.         0.22204062 0.44519629 0.30330801 0.         0.
  0.8        0.         0.         0.         0.         0.
  0.         0.19688817 0.         0.         0.         0.
  0.30559631 0.         0.44519629 0.         0.         0.
  0.         0.         0.30330801 0.44519629 0.         0.
  0.30030989 0.         0.8        0.         0.26506675 0.8
  0.19688817 0.16938025 0.         0.         0.23221395 0.
  0.         0.         0.         0.8        0.         0.
  0.         0.3976032  0.         0.4551134  0.         0.
  0.         0.32104223 0.         0.         0.         0.
  0.         0.         0.44519629 0.19803805 0.         0.44519629
  0.19688817 0.18448348 0.         0.19803805 0.         0.
  0.32270512 0.         0.         0.         0.         0.26945262
  0.23880605 0.         0.         0.8        0.         0.
  0.         0.         0.         0.         0.         0.23221395
  0.         0.         0.         0.         0.         0.38318432
  0.         0.         0.         0.         0.23220332 0.
  0.         0.         0.         0.26890513 0.         0.
  0.         0.         0.         0.27976745 0.         0.
  0.         0.         0.         0.         0.         0.
  0.         0.         0.         0.8        0.         0.
  0.44519629 0.44519629 0.         0.         0.         0.
  0.         0.27067282 0.         0.         0.         0.
  0.         0.         0.         0.         0.         0.44519629
  0.         0.         0.         0.         0.         0.
  0.         0.         0.         0.         0.         0.
  0.31138062 0.         0.         0.         0.         0.
  0.19803805 0.         0.2509652  0.         0.         0.22037888
  0.30330801 0.         0.         0.         0.         0.
  0.         0.         0.         0.44519629 0.53988372 0.
  0.19803805 0.30504223 0.         0.         0.         0.
  0.8        0.         0.         0.         0.         0.
  0.30330801 0.         0.         0.19688817 0.         0.
  0.         0.         0.         0.         0.8        0.49844408
  0.         0.         0.         0.8        0.8        0.
  0.8        0.         0.44519629 0.         0.         0.
  0.         0.         0.         0.         0.         0.
  0.        ]]"
"[[0.         0.         0.         0.         0.         0.
  0.         0.         0.         0.         0.         0.
  0.         0.         0.8        0.         0.39229413 0.
  0.         0.         0.         0.         0.         0.33244119
  0.         0.         0.         0.         0.         0.
  0.         0.         0.         0.         0.17043872 0.15288238
  0.44519629 0.         0.         0.         0.         0.
  0.         0.         0.         0.         0.45409874 0.8
  0.29903933 0.8        0.         0.         0.17043872 0.35113562
  0.15288238 0.         0.18604718 0.         0.         0.27974558
  0.         0.         0.         0.         0.         0.
  0.64       0.         0.         0.         0.         0.
  0.         0.44519629 0.         0.         0.44519629 0.35958374
  0.         0.35113562 0.         0.         0.         0.39644119
  0.         0.         0.46602622 0.         0.         0.
  0.         0.         0.         0.44519629 0.         0.
  0.         0.         0.         0.         0.8        0.15288238
  0.27302556 0.         0.         0.         0.         0.
  0.         0.         0.44519629 0.         0.         0.44519629
  0.         0.         0.45409874 0.         0.         0.
  0.27743458 0.8        0.         0.44519629 0.         0.
  0.16524586 0.         0.20305623 0.         0.         0.42526996
  0.22394201 0.16524586 0.         0.         0.         0.
  0.         0.4415524  0.34433176 0.         0.         0.64
  0.         0.16524586 0.25945255 0.         0.8        0.8
  0.         0.         0.20029674 0.44519629 0.35958374 0.
  0.         0.21680308 0.18548975 0.         0.         0.
  0.32874686 0.8        0.         0.         0.         0.
  0.         0.14873826 0.         0.         0.45281874 0.8
  0.44519629 0.         0.36440154 0.44519629 0.         0.27181922
  0.44519629 0.         0.38411653 0.23334155 0.44519629 0.
  0.         0.         0.         0.         0.         0.31091953
  0.3418325  0.         0.         0.         0.45409874 0.
  0.         0.         0.         0.15288238 0.         0.
  0.         0.         0.8        0.64       0.         0.
  0.2284161  0.44519629 1.         0.         0.33097328 0.
  0.         0.         0.44519629 0.         0.         0.
  0.39351439 0.         0.         0.         0.         0.35958374
  0.         0.8        0.         0.17043872 0.21680308 0.
  0.15288238 0.         0.         0.         0.         0.
  0.         0.         0.         0.         0.         0.35958374
  0.         0.23079213 0.8        0.34433176 0.         0.
  0.44519629 0.         0.         0.         0.         0.
  0.         0.15288238 0.         0.         0.         0.
  0.35958374 0.         0.64       0.         0.         0.
  0.         0.         0.34433176 0.8        0.         0.
  0.32874686 0.         0.44519629 0.         0.2815388  0.44519629
  0.15288238 0.12566528 0.         0.         0.21680308 0.
  0.         0.         0.         0.44519629 0.         0.
  0.         0.25487425 0.         0.36805328 0.         0.
  0.         0.39644119 0.         0.         0.         0.
  0.         0.         0.8        0.16524586 0.         0.8
  0.15288238 0.14292334 0.         0.16524586 0.         0.
  0.36440154 0.         0.         0.         0.         0.24508734
  0.22752403 0.         0.         0.44519629 0.         0.
  0.         0.         0.         0.         0.         0.21680308
  0.         0.         0.         0.         0.         0.51606583
  0.         0.         0.         0.         0.21967129 0.
  0.         0.         0.         0.28819341 0.         0.
  0.         0.         0.         0.3418325  0.         0.
  0.         0.         0.         0.         0.         0.
  0.         0.         0.         0.44519629 0.         0.
  0.8        0.8        0.         0.         0.         0.
  0.         0.29723816 0.         0.         0.         0.
  0.         0.         0.         0.         0.         0.8
  0.         0.         0.         0.         0.         0.
  0.         0.         0.         0.         0.         0.
  0.37473012 0.         0.         0.         0.         0.
  0.16524586 0.         0.24266179 0.         0.         0.2049482
  0.34433176 0.         0.         0.         0.         0.
  0.         0.         0.         0.64       0.39351439 0.
  0.16524586 0.33244119 0.         0.         0.         0.
  0.44519629 0.         0.         0.         0.         0.
  0.34433176 0.         0.         0.15288238 0.         0.
  0.         0.         0.         0.         0.44519629 0.29903933
  0.         0.         0.         0.44519629 0.44519629 0.
  0.44519629 0.         0.8        0.         0.         0.
  0.         0.         0.         0.         0.         0.
  0.        ]]"
"[[0.         0.         0.         0.         0.         0.
  0.         0.         0.         0.         0.         0.
  0.         0.         0.         0.         0.         0.
  0.         0.         0.         0.         0.         0.
  0.         0.128      0.         0.         0.         0.
  0.         0.         0.29866667 0.         0.         0.
  0.         0.         0.         0.         0.         0.
  0.         0.         0.         0.         0.         0.
  0.         0.         0.         0.256      0.         0.
  0.         0.         0.         0.64       0.         0.
  0.         0.         0.         0.2048     0.8        0.
  0.         0.         0.         0.         0.29866667 0.
  0.256      0.         0.         0.256      0.         0.
  0.8        0.         0.         0.         0.         0.
  0.64       0.8        0.         0.         0.         0.
  0.         0.         0.         0.         0.         0.8
  0.         0.256      0.         0.         0.         0.
  0.         0.         0.         0.64       0.         0.
  0.         0.         0.         0.         0.         0.
  0.         0.8        0.         0.         0.         0.
  0.         0.         0.         0.         0.         0.
  0.         0.         0.         0.128      0.         0.
  0.         0.         0.         0.         0.         0.
  0.         0.         0.         0.         0.         0.
  0.         0.         0.         0.         0.         0.
  0.         0.         0.         0.         0.         0.
  0.         0.         0.         0.         0.         0.
  0.         0.         0.         0.         0.         0.
  0.         0.         0.         0.         0.         0.
  0.         0.         0.         0.         0.64       0.
  0.         0.         0.         0.         0.         0.
  0.         0.         0.         0.         0.         0.
  0.         0.64       0.         0.         0.         0.
  0.         0.128      0.         0.         0.         0.
  0.         0.2048     0.         0.         0.         0.
  0.         0.         0.         1.         0.         0.
  0.         0.04266667 0.         0.         0.         0.
  0.         0.         0.         0.         0.         0.
  0.         0.         0.2048     0.         0.         0.04266667
  0.         0.         0.         0.64       0.         0.
  0.         0.         0.         0.         0.         0.
  0.         0.         0.         0.         0.         0.
  0.         0.         0.         0.         0.         0.
  0.         0.         0.         0.         0.         0.
  0.         0.         0.         0.         0.         0.64
  0.         0.         0.         0.         0.2048     0.
  0.         0.         0.         0.8        0.         0.
  0.         0.         0.         0.         0.         0.
  0.         0.         0.64       0.         0.         0.
  0.04266667 0.         0.         0.         0.         0.29866667
  0.         0.         0.         0.64       0.         0.
  0.         0.         0.         0.         0.64       0.
  0.         0.         0.         0.         0.         0.
  0.         0.         0.         0.         0.         0.
  0.         0.         0.         0.         0.29866667 0.
  0.         0.         0.         0.         0.04266667 0.
  0.         0.         0.         0.         0.         0.
  0.         0.         0.         0.256      0.         0.
  0.         0.         0.         0.         0.         0.
  0.         0.         0.         0.         0.         0.
  0.         0.         0.64       0.         0.256      0.
  0.         0.         0.64       0.         0.         0.
  0.         0.         0.         0.         0.         0.
  0.         0.         0.         0.         0.         0.
  0.         0.256      0.         0.2048     0.         0.
  0.         0.         0.         0.         0.         0.64
  0.         0.         0.         0.         0.         0.
  0.         0.         0.         0.2048     0.         0.64
  0.         0.         0.         0.         0.         0.
  0.         0.         0.         0.         0.         0.
  0.         0.         0.         0.         0.         0.
  0.         0.         0.         0.8        0.         0.
  0.         0.         0.         0.64       0.         0.
  0.         0.         0.         0.         0.         0.
  0.64       0.64       0.         0.         0.         0.
  0.         0.         0.         0.         0.         0.
  0.         0.         0.         0.         0.64       0.
  0.         0.64       0.2048     0.256      0.         0.
  0.        ]]"
"[[0.         0.         0.         0.         0.         0.
  0.         0.         0.         0.         0.         0.
  0.         0.         0.33097328 0.         0.36561409 0.
  0.         0.         0.         0.         0.         0.33310593
  0.         0.         0.         0.         0.         0.
  0.         0.         0.         0.         0.16901023 0.25843857
  0.3007382  0.         0.         0.         0.         0.
  0.         0.         0.         0.         0.28657526 0.33097328
  0.27958838 0.33097328 0.         0.         0.16901023 0.35903463
  0.25843857 0.         0.30636789 0.         0.         0.26665081
  0.         0.         0.         0.         0.         0.
  0.33097328 0.         0.         0.         0.         0.
  0.         0.3007382  0.         0.         0.3007382  0.36689079
  0.         0.35903463 0.         0.         0.         0.29470593
  0.         0.         0.29671668 0.         0.         0.
  0.         0.         0.         0.3007382  0.         0.
  0.         0.         0.         0.         0.33097328 0.28129572
  0.25806368 0.         0.         0.         0.         0.
  0.         0.         0.3007382  0.         0.         0.3007382
  0.         0.         0.28657526 0.         0.         0.
  0.26663999 0.33097328 0.         0.3007382  0.         0.
  0.20616207 0.         0.20754362 0.         0.         0.29064059
  0.25756363 0.20616207 0.         0.         0.         0.
  0.         0.29727579 0.33616322 0.         0.         0.33097328
  0.         0.20616207 0.26367852 0.         0.33097328 0.33097328
  0.         0.         0.26140045 0.3007382  0.36689079 0.
  0.         0.33188193 0.23830722 0.         0.         0.
  0.35450918 0.33097328 0.         0.         0.         0.
  0.         0.15869347 0.         0.         0.29801724 0.33097328
  0.3007382  0.         0.3698276  0.3007382  0.         0.23892296
  0.3007382  0.         0.36593327 0.25181383 0.3007382  0.
  0.         0.         0.         0.         0.         0.34684996
  0.23605688 0.         0.         0.         0.28657526 0.
  0.         0.         0.         0.25843857 0.         0.
  0.         0.         0.33097328 0.33097328 0.         0.
  0.25097895 0.3007382  0.33097328 0.         1.         0.
  0.         0.         0.3007382  0.         0.         0.
  0.26839754 0.         0.         0.         0.         0.36689079
  0.         0.33097328 0.         0.16901023 0.33188193 0.
  0.25843857 0.         0.         0.         0.         0.
  0.         0.         0.         0.         0.         0.36689079
  0.         0.21175682 0.33097328 0.33616322 0.         0.
  0.3007382  0.         0.         0.         0.         0.
  0.         0.25843857 0.         0.         0.         0.
  0.36689079 0.         0.33097328 0.         0.         0.
  0.         0.         0.33616322 0.33097328 0.         0.
  0.35450918 0.         0.3007382  0.         0.27340346 0.3007382
  0.25843857 0.20567458 0.         0.         0.33188193 0.
  0.         0.         0.         0.3007382  0.         0.
  0.         0.25800388 0.         0.26903291 0.         0.
  0.         0.29470593 0.         0.         0.         0.
  0.         0.         0.33097328 0.20616207 0.         0.33097328
  0.25843857 0.22606132 0.         0.20616207 0.         0.
  0.3698276  0.         0.         0.         0.         0.2527805
  0.26165104 0.         0.         0.3007382  0.         0.
  0.         0.         0.         0.         0.         0.33188193
  0.         0.         0.         0.         0.         0.3013746
  0.         0.         0.         0.         0.25041123 0.
  0.         0.         0.         0.34938636 0.         0.
  0.         0.         0.         0.23605688 0.         0.
  0.         0.         0.         0.         0.         0.
  0.         0.         0.         0.3007382  0.         0.
  0.33097328 0.33097328 0.         0.         0.         0.
  0.         0.26794313 0.         0.         0.         0.
  0.         0.         0.         0.         0.         0.33097328
  0.         0.         0.         0.         0.         0.
  0.         0.         0.         0.         0.         0.
  0.27315602 0.         0.         0.         0.         0.
  0.20616207 0.         0.27681285 0.         0.         0.24742781
  0.33616322 0.         0.         0.         0.         0.
  0.         0.         0.         0.33097328 0.26839754 0.
  0.20616207 0.3445345  0.         0.         0.         0.
  0.3007382  0.         0.         0.         0.         0.
  0.33616322 0.         0.         0.28129572 0.         0.
  0.         0.         0.         0.         0.3007382  0.27958838
  0.         0.         0.         0.3007382  0.3007382  0.
  0.3007382  0.         0.33097328 0.         0.         0.
  0.         0.         0.         0.         0.         0.
  0.        ]]"
"[[0.         0.         0.         0.         0.         0.
  0.         0.         0.         0.         0.         0.
  0.         0.         0.         0.         0.         0.
  0.         0.         0.         0.         0.         0.
  0.         0.         0.         0.         0.         0.
  0.         0.         0.         0.         0.         0.
  0.         0.         0.13952609 0.         0.         0.
  0.         0.         0.         0.         0.         0.
  0.         0.         0.         0.         0.         0.
  0.         0.         0.         0.         0.         0.
  0.         0.         0.         0.         0.         0.
  0.         0.         0.         0.06723239 0.         0.
  0.         0.         0.         0.         0.         0.
  0.         0.         0.         0.         0.         0.
  0.         0.         0.         0.         0.         0.
  0.         0.         0.         0.         0.         0.
  0.         0.         0.         0.         0.         0.
  0.         0.         0.         0.         0.         0.
  0.         0.         0.         0.         0.         0.
  0.         0.         0.         0.         0.         0.
  0.         0.         0.         0.         0.         0.
  0.         0.         0.         0.         0.         0.
  0.         0.         0.2820771  0.         0.         0.
  0.         0.         0.         0.         0.         0.
  0.         0.         0.         0.         0.         0.
  0.         0.         0.         0.         0.         0.
  0.         0.         0.         0.         0.         0.
  0.         0.         0.         0.         0.         0.
  0.         0.         0.         0.         0.         0.
  0.         0.         0.         0.         0.         0.
  0.         0.         0.         0.         0.         0.
  0.         0.         0.         0.         0.         0.
  0.         0.         0.         0.         0.         0.
  0.         0.         0.         0.         0.         0.
  0.         0.         0.         0.         0.         0.
  0.         0.         0.         0.         0.         1.
  0.         0.         0.         0.         0.         0.
  0.         0.         0.         0.         0.         0.
  0.         0.         0.         0.         0.         0.
  0.         0.         0.         0.         0.         0.
  0.         0.         0.         0.         0.         0.
  0.         0.         0.         0.         0.         0.
  0.         0.         0.         0.         0.         0.
  0.         0.         0.         0.         0.         0.15886662
  0.         0.         0.         0.         0.         0.
  0.         0.         0.         0.         0.         0.
  0.         0.06348911 0.         0.         0.         0.
  0.         0.         0.         0.13952609 0.         0.
  0.         0.         0.         0.         0.         0.
  0.         0.         0.         0.         0.19972053 0.
  0.         0.         0.         0.         0.         0.
  0.         0.         0.         0.         0.         0.
  0.         0.         0.         0.         0.         0.
  0.         0.         0.         0.         0.         0.
  0.         0.         0.         0.         0.         0.
  0.         0.         0.         0.         0.         0.
  0.         0.         0.         0.         0.         0.
  0.4        0.         0.         0.         0.         0.
  0.         0.4        0.         0.         0.         0.
  0.         0.         0.         0.         0.         0.
  0.         0.11564337 0.         0.         0.         0.
  0.         0.         0.         0.         0.         0.
  0.         0.         0.         0.         0.         0.
  0.         0.         0.         0.         0.         0.
  0.         0.         0.         0.         0.         0.
  0.         0.         0.         0.         0.         0.
  0.         0.         0.         0.         0.         0.
  0.         0.         0.         0.         0.         0.
  0.         0.06348911 0.         0.06312187 0.         0.
  0.         0.         0.         0.         0.         0.06723239
  0.         0.         0.         0.         0.         0.
  0.         0.         0.         0.         0.         0.
  0.         0.06348911 0.         0.         0.         0.
  0.         0.         0.         0.         0.         0.
  0.         0.         0.         0.         0.         0.
  0.         0.         0.14831019 0.         0.         0.17754459
  0.         0.         0.         0.         0.         0.
  0.         0.         0.         0.         0.         0.
  0.        ]]"
"[[0.         0.         0.         0.         0.         0.
  0.         0.         0.         0.         0.         0.
  0.         0.         0.         0.256      0.         0.09014012
  0.         0.         0.         0.         0.         0.
  0.         0.         0.256      0.256      0.         0.
  0.256      0.         0.         0.         0.         0.
  0.         0.         0.         0.256      0.         0.
  0.         0.256      0.         0.         0.         0.
  0.         0.         0.256      0.         0.         0.
  0.         0.8        0.         0.         0.         0.
  0.8        0.34253503 0.256      0.         0.         0.
  0.         0.         0.         0.         0.         0.64
  0.         0.         0.256      0.         0.         0.
  0.         0.         0.         0.         0.         0.
  0.         0.         0.         0.         0.         0.
  0.         0.8        0.         0.         0.         0.
  0.         0.         0.8        0.         0.         0.
  0.         0.09551002 0.         0.         0.64       0.
  0.         0.         0.         0.09551002 0.04868355 0.
  0.04868355 0.         0.         0.06248139 0.         0.06248139
  0.         0.         0.         0.         0.         0.8
  0.         0.256      0.         0.         0.         0.
  0.         0.         0.         0.         0.         0.64
  0.64       0.         0.         0.         0.         0.
  0.8        0.         0.         0.256      0.         0.
  0.         0.09014012 0.         0.         0.         0.09551002
  0.256      0.         0.         0.8        0.         0.
  0.         0.         0.04868355 0.         0.         0.
  0.256      0.         0.09014012 0.256      0.         0.
  0.         0.         0.         0.         0.         0.
  0.         0.64       0.         0.         0.         0.
  0.64       0.         0.256      0.         0.         0.
  0.         0.         0.256      0.         0.         0.
  0.64       0.         0.         0.         0.         0.64
  0.         0.         0.         0.         0.         0.
  0.         0.         0.         0.         0.         0.
  1.         0.         0.         0.09551002 0.         0.
  0.         0.64       0.09551002 0.32       0.         0.
  0.8        0.         0.         0.         0.         0.
  0.         0.64       0.64       0.         0.         0.256
  0.         0.256      0.         0.64       0.09551002 0.
  0.         0.         0.         0.         0.         0.24338004
  0.         0.256      0.         0.         0.         0.34253503
  0.64       0.         0.         0.256      0.03183667 0.
  0.         0.         0.         0.256      0.256      0.
  0.         0.         0.         0.         0.         0.
  0.         0.         0.         0.         0.         0.
  0.         0.         0.64       0.         0.         0.8
  0.256      0.09551002 0.         0.         0.         0.64
  0.         0.         0.         0.         0.         0.
  0.256      0.         0.         0.         0.         0.02645056
  0.         0.03295268 0.         0.         0.         0.
  0.         0.         0.256      0.         0.64       0.256
  0.         0.         0.256      0.05392717 0.256      0.
  0.         0.         0.256      0.         0.         0.
  0.         0.         0.64       0.         0.         0.
  0.64       0.         0.         0.09551002 0.64       0.
  0.         0.09551002 0.         0.         0.         0.
  0.04868355 0.         0.         0.         0.64       0.8
  0.256      0.         0.64       0.         0.64       0.256
  0.8        0.         0.         0.         0.         0.09551002
  0.64       0.         0.         0.         0.         0.64
  0.         0.         0.64       0.256      0.8        0.64
  0.         0.         0.64       0.09551002 0.         0.09551002
  0.         0.         0.64       0.         0.04408427 0.
  0.09551002 0.         0.03295268 0.03295268 0.         0.
  0.         0.         0.         0.256      0.         0.
  0.         0.         0.44507006 0.         0.09551002 0.
  0.         0.         0.         0.         0.         0.
  0.         0.256      0.         0.09551002 0.09551002 0.
  0.         0.256      0.         0.         0.         0.
  0.         0.         0.         0.         0.64       0.40788717
  0.         0.         0.         0.         0.         0.
  0.         0.256      0.256      0.         0.         0.
  0.         0.         0.         0.         0.         0.
  0.8        0.64       0.         0.         0.         0.
  0.         0.         0.         0.         0.         0.06102698
  0.256      0.         0.         0.         0.         0.
  0.        ]]"
"[[0.         0.         0.         0.         0.26666667 0.
  0.         0.         0.         0.         0.         0.
  0.         0.         0.         0.         0.         0.
  0.         0.         0.         0.         0.         0.
  0.37333333 0.37333333 0.         0.         0.         0.
  0.         0.         0.15644444 0.         0.         0.
  0.         0.         0.         0.         0.         0.
  0.         0.         0.         0.         0.         0.
  0.         0.         0.         0.10666667 0.         0.
  0.         0.         0.         0.04266667 0.         0.
  0.         0.         0.         0.02844444 0.04266667 0.
  0.         0.         0.         0.         0.15644444 0.
  0.10666667 0.         0.         0.10666667 0.         0.
  0.04266667 0.         0.         0.         0.         0.
  0.04266667 0.04266667 0.         0.         0.         0.
  0.         0.         0.         0.         0.         0.04266667
  0.         0.10666667 0.         0.         0.         0.
  0.         0.         0.         0.04266667 0.         0.
  0.         0.         0.         0.         0.         0.
  0.         0.04266667 0.         0.         0.         0.
  0.         0.         0.         0.         0.         0.
  0.         0.         0.         0.37333333 0.         0.
  0.         0.         0.         0.         0.         0.
  0.         0.         0.         0.         0.         0.
  0.         0.         0.         0.         0.         0.
  0.         0.         0.         0.         0.         0.
  0.         0.         0.         0.         0.         0.
  0.         0.         0.         0.         0.         0.
  0.         0.         0.         0.         0.         0.
  0.         0.         0.         0.         0.04266667 0.
  0.         0.         0.         0.         0.         0.
  0.         0.         0.         0.         0.         0.
  0.         0.04266667 0.         0.         0.         0.
  0.         0.37333333 0.         0.         0.         0.
  0.         0.02844444 0.         0.         0.         0.
  0.         0.         0.         0.04266667 0.         0.
  0.         1.         0.         0.         0.         0.32
  0.         0.         0.         0.         0.         0.
  0.         0.         0.02844444 0.         0.         0.33777778
  0.         0.         0.         0.04266667 0.         0.
  0.         0.         0.         0.         0.         0.
  0.         0.         0.         0.         0.         0.
  0.         0.         0.         0.         0.         0.
  0.         0.         0.         0.         0.         0.
  0.         0.         0.         0.         0.         0.04266667
  0.         0.         0.         0.         0.02844444 0.
  0.         0.         0.         0.04266667 0.         0.
  0.         0.         0.         0.         0.         0.
  0.         0.         0.04266667 0.         0.         0.
  0.33777778 0.         0.         0.         0.         0.15644444
  0.         0.         0.         0.04266667 0.         0.
  0.         0.         0.         0.         0.04266667 0.
  0.         0.         0.         0.         0.         0.
  0.         0.         0.         0.         0.         0.
  0.         0.         0.         0.         0.15644444 0.
  0.         0.         0.         0.         0.33777778 0.
  0.         0.         0.         0.         0.         0.
  0.         0.         0.         0.10666667 0.         0.
  0.         0.         0.         0.         0.         0.
  0.         0.         0.         0.         0.         0.
  0.         0.         0.04266667 0.         0.10666667 0.
  0.         0.         0.04266667 0.         0.         0.
  0.         0.         0.         0.         0.         0.
  0.         0.         0.         0.         0.         0.
  0.         0.10666667 0.         0.02844444 0.         0.
  0.         0.         0.         0.         0.         0.04266667
  0.         0.         0.         0.         0.         0.
  0.         0.         0.         0.02844444 0.         0.04266667
  0.         0.         0.         0.         0.         0.
  0.         0.         0.         0.         0.         0.
  0.         0.         0.         0.         0.         0.
  0.         0.         0.         0.04266667 0.         0.
  0.         0.         0.         0.04266667 0.         0.
  0.         0.         0.         0.         0.         0.
  0.04266667 0.04266667 0.37333333 0.         0.         0.
  0.         0.         0.         0.         0.         0.
  0.         0.         0.         0.         0.04266667 0.
  0.         0.04266667 0.02844444 0.10666667 0.         0.
  0.        ]]"
"[[0.         0.         0.         0.         0.         0.
  0.         0.         0.         0.         0.         0.
  0.         0.         0.44519629 0.         0.34109358 0.
  0.         0.         0.         0.         0.         0.30504223
  0.         0.         0.         0.         0.         0.
  0.         0.         0.         0.         0.16722223 0.19688817
  0.8        0.         0.         0.         0.         0.
  0.         0.         0.         0.         0.35217833 0.44519629
  0.49844408 0.44519629 0.         0.         0.16722223 0.31392908
  0.19688817 0.         0.21882826 0.         0.         0.27036244
  0.         0.         0.         0.         0.         0.
  0.44519629 0.         0.         0.         0.         0.
  0.         0.8        0.         0.         0.8        0.30559631
  0.         0.31392908 0.         0.         0.         0.32104223
  0.         0.         0.48069482 0.         0.         0.
  0.         0.         0.         0.8        0.         0.
  0.         0.         0.         0.         0.44519629 0.19688817
  0.27244033 0.         0.         0.         0.         0.
  0.         0.         0.8        0.         0.         0.8
  0.         0.         0.35217833 0.         0.         0.
  0.26934124 0.44519629 0.         0.8        0.         0.
  0.19803805 0.         0.21273726 0.         0.         0.33661028
  0.23367679 0.19803805 0.         0.         0.         0.
  0.         0.34800769 0.30330801 0.         0.         0.44519629
  0.         0.19803805 0.25181577 0.         0.44519629 0.44519629
  0.         0.         0.22385962 0.8        0.30559631 0.
  0.         0.23221395 0.2088635  0.         0.         0.
  0.30030989 0.44519629 0.         0.         0.         0.
  0.         0.15772201 0.         0.         0.35121833 0.44519629
  0.8        0.         0.32270512 0.8        0.         0.25781531
  0.8        0.         0.33221926 0.2599427  0.8        0.
  0.         0.         0.         0.         0.         0.28911228
  0.27976745 0.         0.         0.         0.35217833 0.
  0.         0.         0.         0.19688817 0.         0.
  0.         0.         0.44519629 0.44519629 0.         0.
  0.25335758 0.8        0.44519629 0.         0.3007382  0.
  0.         0.         1.         0.         0.         0.
  0.53988372 0.         0.         0.         0.         0.30559631
  0.         0.44519629 0.         0.16722223 0.23221395 0.
  0.19688817 0.         0.         0.         0.         0.
  0.         0.         0.         0.         0.         0.30559631
  0.         0.22204062 0.44519629 0.30330801 0.         0.
  0.8        0.         0.         0.         0.         0.
  0.         0.19688817 0.         0.         0.         0.
  0.30559631 0.         0.44519629 0.         0.         0.
  0.         0.         0.30330801 0.44519629 0.         0.
  0.30030989 0.         0.8        0.         0.26506675 0.8
  0.19688817 0.16938025 0.         0.         0.23221395 0.
  0.         0.         0.         0.8        0.         0.
  0.         0.3976032  0.         0.4551134  0.         0.
  0.         0.32104223 0.         0.         0.         0.
  0.         0.         0.44519629 0.19803805 0.         0.44519629
  0.19688817 0.18448348 0.         0.19803805 0.         0.
  0.32270512 0.         0.         0.         0.         0.26945262
  0.23880605 0.         0.         0.8        0.         0.
  0.         0.         0.         0.         0.         0.23221395
  0.         0.         0.         0.         0.         0.38318432
  0.         0.         0.         0.         0.23220332 0.
  0.         0.         0.         0.26890513 0.         0.
  0.         0.         0.         0.27976745 0.         0.
  0.         0.         0.         0.         0.         0.
  0.         0.         0.         0.8        0.         0.
  0.44519629 0.44519629 0.         0.         0.         0.
  0.         0.27067282 0.         0.         0.         0.
  0.         0.         0.         0.         0.         0.44519629
  0.         0.         0.         0.         0.         0.
  0.         0.         0.         0.         0.         0.
  0.31138062 0.         0.         0.         0.         0.
  0.19803805 0.         0.2509652  0.         0.         0.22037888
  0.30330801 0.         0.         0.         0.         0.
  0.         0.         0.         0.44519629 0.53988372 0.
  0.19803805 0.30504223 0.         0.         0.         0.
  0.8        0.         0.         0.         0.         0.
  0.30330801 0.         0.         0.19688817 0.         0.
  0.         0.         0.         0.         0.8        0.49844408
  0.         0.         0.         0.8        0.8        0.
  0.8        0.         0.44519629 0.         0.         0.
  0.         0.         0.         0.         0.         0.
  0.        ]]"
"[[0.         0.         0.         0.         0.         0.
  0.         0.         0.         0.         0.         0.
  0.         0.         0.         0.21333333 0.         0.04621189
  0.         0.         0.         0.         0.         0.
  0.         0.         0.21333333 0.21333333 0.         0.11940134
  0.21333333 0.         0.         0.         0.         0.
  0.         0.         0.         0.21333333 0.         0.
  0.         0.21333333 0.         0.         0.         0.
  0.         0.         0.21333333 0.         0.         0.
  0.         0.09551002 0.         0.         0.         0.
  0.09551002 0.09078023 0.21333333 0.         0.         0.
  0.         0.         0.         0.         0.         0.09551002
  0.         0.         0.21333333 0.         0.         0.
  0.         0.         0.         0.         0.         0.
  0.         0.         0.         0.         0.         0.
  0.         0.09551002 0.         0.         0.         0.
  0.         0.         0.09551002 0.         0.         0.
  0.         0.43878689 0.11940134 0.         0.09551002 0.
  0.         0.         0.         0.8        0.05117994 0.
  0.05117994 0.         0.         0.09494043 0.         0.09494043
  0.         0.         0.         0.         0.         0.09551002
  0.         0.21333333 0.         0.         0.         0.
  0.         0.         0.         0.         0.         0.09551002
  0.09551002 0.         0.         0.         0.         0.
  0.09551002 0.         0.         0.21333333 0.         0.
  0.         0.04621189 0.         0.         0.         0.8
  0.21333333 0.         0.         0.09551002 0.         0.
  0.         0.         0.05117994 0.         0.10666667 0.
  0.21333333 0.         0.04621189 0.21333333 0.         0.
  0.         0.         0.         0.         0.         0.
  0.         0.09551002 0.         0.         0.         0.
  0.09551002 0.         0.21333333 0.         0.         0.
  0.         0.         0.21333333 0.         0.         0.21333333
  0.09551002 0.         0.         0.         0.         0.09551002
  0.         0.         0.         0.         0.         0.
  0.         0.         0.         0.         0.         0.
  0.09551002 0.         0.         1.         0.11940134 0.
  0.         0.09551002 0.07757377 0.04775501 0.         0.
  0.09551002 0.         0.         0.         0.         0.
  0.         0.09551002 0.09551002 0.         0.         0.21333333
  0.         0.21333333 0.         0.09551002 0.07757377 0.
  0.         0.         0.         0.         0.         0.04724064
  0.         0.21333333 0.         0.         0.         0.09078023
  0.09551002 0.         0.         0.21333333 0.09696904 0.
  0.         0.         0.         0.21333333 0.21333333 0.
  0.         0.         0.         0.         0.         0.
  0.         0.         0.         0.         0.         0.
  0.         0.         0.09551002 0.         0.         0.09551002
  0.21333333 0.31838252 0.         0.         0.         0.09551002
  0.         0.         0.         0.         0.         0.
  0.21333333 0.         0.         0.         0.         0.06462253
  0.         0.0277926  0.         0.         0.         0.
  0.         0.         0.21333333 0.         0.09551002 0.21333333
  0.         0.         0.21333333 0.05897572 0.21333333 0.
  0.         0.         0.21333333 0.         0.         0.
  0.         0.         0.09551002 0.         0.         0.
  0.09551002 0.         0.         0.8        0.09551002 0.
  0.         0.8        0.         0.         0.         0.
  0.05117994 0.         0.         0.         0.09551002 0.09551002
  0.21333333 0.         0.09551002 0.         0.09551002 0.21333333
  0.09551002 0.         0.         0.         0.         0.8
  0.09551002 0.         0.         0.         0.         0.09551002
  0.         0.         0.09551002 0.21333333 0.09551002 0.09551002
  0.         0.         0.09551002 0.8        0.         0.43878689
  0.         0.         0.09551002 0.         0.03659311 0.
  0.8        0.         0.0277926  0.0277926  0.11940134 0.
  0.         0.         0.         0.21333333 0.         0.
  0.         0.         0.07086095 0.         0.43878689 0.
  0.         0.         0.         0.         0.21333333 0.
  0.         0.21333333 0.         0.8        0.07757377 0.
  0.         0.21333333 0.         0.         0.         0.
  0.         0.         0.         0.         0.09551002 0.09052911
  0.         0.         0.         0.         0.         0.
  0.         0.21333333 0.21333333 0.         0.         0.
  0.         0.         0.         0.         0.         0.
  0.09551002 0.09551002 0.         0.         0.         0.
  0.         0.         0.         0.         0.         0.07142535
  0.21333333 0.         0.         0.         0.         0.
  0.        ]]"
"[[0.         0.         0.         0.         0.         0.
  0.         0.         0.         0.         0.         0.
  0.         0.         0.         0.         0.         0.16901401
  0.         0.         0.         0.         0.         0.
  0.         0.         0.         0.         0.         0.8
  0.         0.         0.         0.         0.         0.
  0.         0.         0.         0.         0.         0.
  0.         0.         0.         0.         0.         0.
  0.         0.         0.         0.         0.         0.
  0.         0.         0.         0.         0.         0.
  0.         0.11267601 0.         0.         0.         0.
  0.         0.         0.         0.         0.         0.
  0.         0.         0.         0.         0.         0.
  0.         0.         0.         0.         0.         0.
  0.         0.         0.         0.         0.         0.
  0.         0.         0.         0.         0.         0.
  0.         0.         0.         0.         0.         0.
  0.         0.07880267 0.8        0.         0.         0.
  0.         0.         0.         0.11940134 0.03638861 0.
  0.03638861 0.         0.         0.07458022 0.         0.07458022
  0.         0.         0.         0.         0.         0.
  0.         0.         0.         0.         0.         0.
  0.         0.         0.         0.         0.         0.
  0.         0.         0.         0.         0.         0.
  0.         0.         0.         0.         0.         0.
  0.         0.16901401 0.         0.         0.         0.11940134
  0.         0.         0.         0.         0.         0.
  0.         0.         0.03638861 0.         0.16       0.
  0.         0.         0.16901401 0.         0.         0.
  0.         0.         0.         0.         0.         0.
  0.         0.         0.         0.         0.         0.
  0.         0.         0.         0.         0.         0.
  0.         0.         0.         0.         0.         0.32
  0.         0.         0.         0.         0.         0.
  0.         0.         0.         0.         0.         0.
  0.         0.         0.         0.         0.         0.
  0.         0.         0.         0.11940134 1.         0.
  0.         0.         0.03820401 0.         0.         0.
  0.         0.         0.         0.         0.         0.
  0.         0.         0.         0.         0.         0.
  0.         0.         0.         0.         0.03820401 0.
  0.         0.         0.         0.         0.         0.056338
  0.         0.         0.         0.         0.         0.11267601
  0.         0.         0.         0.         0.11940134 0.
  0.         0.         0.         0.         0.         0.
  0.         0.         0.         0.         0.         0.
  0.         0.         0.         0.         0.         0.
  0.         0.         0.         0.         0.         0.
  0.         0.06526978 0.         0.         0.         0.
  0.         0.         0.         0.         0.         0.
  0.         0.         0.         0.         0.         0.07819484
  0.         0.02157087 0.         0.         0.         0.
  0.         0.         0.         0.         0.         0.
  0.         0.         0.         0.04132786 0.         0.
  0.         0.         0.         0.         0.         0.
  0.         0.         0.         0.         0.         0.
  0.         0.         0.         0.11940134 0.         0.
  0.         0.11940134 0.         0.         0.         0.
  0.03638861 0.         0.         0.         0.         0.
  0.         0.         0.         0.         0.         0.
  0.         0.         0.         0.         0.         0.11940134
  0.         0.         0.         0.         0.         0.
  0.         0.         0.         0.         0.         0.
  0.         0.         0.         0.11940134 0.         0.07880267
  0.         0.         0.         0.         0.02365807 0.
  0.11940134 0.         0.02157087 0.02157087 0.8        0.
  0.         0.         0.         0.         0.         0.
  0.         0.         0.08450701 0.         0.07880267 0.
  0.         0.         0.         0.         0.32       0.
  0.         0.         0.         0.11940134 0.03820401 0.
  0.         0.         0.         0.         0.         0.
  0.         0.         0.         0.         0.         0.17062372
  0.         0.         0.         0.         0.         0.
  0.         0.         0.         0.         0.         0.
  0.         0.         0.         0.         0.         0.
  0.         0.         0.         0.         0.         0.
  0.         0.         0.         0.         0.         0.04978639
  0.         0.         0.         0.         0.         0.
  0.        ]]"
"[[0.         0.         0.         0.         0.4        0.
  0.         0.         0.         0.         0.         0.
  0.         0.         0.         0.         0.         0.
  0.         0.         0.         0.         0.         0.
  0.4        0.16       0.         0.         0.         0.
  0.         0.         0.10666667 0.         0.         0.
  0.         0.         0.         0.         0.         0.
  0.         0.         0.         0.         0.         0.
  0.         0.         0.         0.         0.         0.
  0.         0.         0.         0.         0.         0.
  0.         0.         0.         0.         0.         0.
  0.         0.         0.         0.         0.10666667 0.
  0.         0.         0.         0.         0.         0.
  0.         0.         0.         0.         0.         0.
  0.         0.         0.         0.         0.         0.
  0.         0.         0.         0.         0.         0.
  0.         0.         0.         0.         0.         0.
  0.         0.         0.         0.         0.         0.
  0.         0.         0.         0.         0.         0.
  0.         0.         0.         0.         0.         0.
  0.         0.         0.         0.         0.         0.
  0.         0.         0.         0.16       0.         0.
  0.         0.         0.         0.         0.         0.
  0.         0.         0.         0.         0.         0.
  0.         0.         0.         0.         0.         0.
  0.         0.         0.         0.         0.         0.
  0.         0.         0.         0.         0.         0.
  0.         0.         0.         0.         0.         0.
  0.         0.         0.         0.         0.         0.
  0.         0.         0.         0.         0.         0.
  0.         0.         0.         0.         0.         0.
  0.         0.         0.         0.         0.         0.
  0.         0.         0.         0.         0.         0.
  0.         0.16       0.         0.         0.         0.
  0.         0.         0.         0.         0.         0.
  0.         0.         0.         0.         0.         0.
  0.         0.32       0.         0.         0.         1.
  0.         0.         0.         0.         0.         0.
  0.         0.         0.         0.         0.         0.32
  0.         0.         0.         0.         0.         0.
  0.         0.         0.         0.         0.         0.
  0.         0.         0.         0.         0.         0.
  0.         0.         0.         0.         0.         0.
  0.         0.         0.         0.         0.         0.
  0.         0.         0.         0.         0.         0.
  0.         0.         0.         0.         0.         0.
  0.         0.         0.         0.         0.         0.
  0.         0.         0.         0.         0.         0.
  0.         0.         0.         0.         0.         0.
  0.32       0.         0.         0.         0.         0.10666667
  0.         0.         0.         0.         0.         0.
  0.         0.         0.         0.         0.         0.
  0.         0.         0.         0.         0.         0.
  0.         0.         0.         0.         0.         0.
  0.         0.         0.         0.         0.10666667 0.
  0.         0.         0.         0.         0.32       0.
  0.         0.         0.         0.         0.         0.
  0.         0.         0.         0.         0.         0.
  0.         0.         0.         0.         0.         0.
  0.         0.         0.         0.         0.         0.
  0.         0.         0.         0.         0.         0.
  0.         0.         0.         0.         0.         0.
  0.         0.         0.         0.         0.         0.
  0.         0.         0.         0.         0.         0.
  0.         0.         0.         0.         0.         0.
  0.         0.         0.         0.         0.         0.
  0.         0.         0.         0.         0.         0.
  0.         0.         0.         0.         0.         0.
  0.         0.         0.         0.         0.         0.
  0.         0.         0.         0.         0.         0.
  0.         0.         0.         0.         0.         0.
  0.         0.         0.         0.         0.         0.
  0.         0.         0.         0.         0.         0.
  0.         0.         0.         0.         0.         0.
  0.         0.         0.4        0.         0.         0.
  0.         0.         0.         0.         0.         0.
  0.         0.         0.         0.         0.         0.
  0.         0.         0.         0.         0.         0.
  0.        ]]"
"[[0.         0.         0.         0.         0.         0.
  0.         0.         0.         0.         0.         0.
  0.         0.         0.39351439 0.         0.30608398 0.
  0.         0.         0.         0.         0.         0.27036877
  0.         0.         0.         0.         0.         0.
  0.         0.         0.         0.         0.16181348 0.16322314
  0.53988372 0.         0.         0.         0.         0.
  0.         0.         0.         0.         0.30527485 0.39351439
  0.35155343 0.39351439 0.         0.         0.16181348 0.28054665
  0.16322314 0.         0.18146351 0.         0.         0.2404857
  0.         0.         0.         0.         0.         0.
  0.39351439 0.         0.         0.         0.         0.
  0.         0.53988372 0.         0.         0.53988372 0.28477742
  0.         0.28054665 0.         0.         0.         0.27836877
  0.         0.         0.36554042 0.         0.         0.
  0.         0.         0.         0.53988372 0.         0.
  0.         0.         0.         0.         0.39351439 0.16322314
  0.23411769 0.         0.         0.         0.         0.
  0.         0.         0.53988372 0.         0.         0.53988372
  0.         0.         0.30527485 0.         0.         0.
  0.23903459 0.39351439 0.         0.53988372 0.         0.
  0.16875189 0.         0.19174978 0.         0.         0.29182181
  0.22620485 0.16875189 0.         0.         0.         0.
  0.         0.3028729  0.27787832 0.         0.         0.39351439
  0.         0.16875189 0.23619772 0.         0.39351439 0.39351439
  0.         0.         0.18993661 0.53988372 0.28477742 0.
  0.         0.1981712  0.18030182 0.         0.         0.
  0.26681741 0.39351439 0.         0.         0.         0.
  0.         0.14560506 0.         0.         0.30447485 0.39351439
  0.53988372 0.         0.2878428  0.53988372 0.         0.21819969
  0.53988372 0.         0.30075734 0.23260228 0.53988372 0.
  0.         0.         0.         0.         0.         0.25630471
  0.53988372 0.         0.         0.         0.30527485 0.
  0.         0.         0.         0.16322314 0.         0.
  0.         0.         0.39351439 0.39351439 0.         0.
  0.22599425 0.53988372 0.39351439 0.         0.26839754 0.
  0.         0.         0.53988372 0.         0.         0.
  1.         0.         0.         0.         0.         0.28477742
  0.         0.39351439 0.         0.16181348 0.1981712  0.
  0.16322314 0.         0.         0.         0.         0.
  0.         0.         0.         0.         0.         0.28477742
  0.         0.2075417  0.39351439 0.27787832 0.         0.
  0.53988372 0.         0.         0.         0.         0.
  0.         0.16322314 0.         0.         0.         0.
  0.28477742 0.         0.39351439 0.         0.         0.
  0.         0.         0.27787832 0.39351439 0.         0.
  0.26681741 0.         0.53988372 0.         0.24480192 0.53988372
  0.16322314 0.13592617 0.         0.         0.1981712  0.
  0.         0.         0.         0.53988372 0.         0.
  0.         0.28818326 0.         0.44940996 0.         0.
  0.         0.27836877 0.         0.         0.         0.
  0.         0.         0.39351439 0.16875189 0.         0.39351439
  0.16322314 0.15247496 0.         0.16875189 0.         0.
  0.2878428  0.         0.         0.         0.         0.22937346
  0.20773031 0.         0.         0.53988372 0.         0.
  0.         0.         0.         0.         0.         0.1981712
  0.         0.         0.         0.         0.         0.33468803
  0.         0.         0.         0.         0.20299364 0.
  0.         0.         0.         0.24147431 0.         0.
  0.         0.         0.         0.53988372 0.         0.
  0.         0.         0.         0.         0.         0.
  0.         0.         0.         0.53988372 0.         0.
  0.39351439 0.39351439 0.         0.         0.         0.
  0.         0.2406986  0.         0.         0.         0.
  0.         0.         0.         0.         0.         0.39351439
  0.         0.         0.         0.         0.         0.
  0.         0.         0.         0.         0.         0.
  0.26733344 0.         0.         0.         0.         0.
  0.16875189 0.         0.21679596 0.         0.         0.1927651
  0.27787832 0.         0.         0.         0.         0.
  0.         0.         0.         0.39351439 0.53988372 0.
  0.16875189 0.27036877 0.         0.         0.         0.
  0.53988372 0.         0.         0.         0.         0.
  0.27787832 0.         0.         0.16322314 0.         0.
  0.         0.         0.         0.         0.53988372 0.35155343
  0.         0.         0.         0.53988372 0.53988372 0.
  0.53988372 0.         0.39351439 0.         0.         0.
  0.         0.         0.         0.         0.         0.
  0.        ]]"
"[[0.         0.         0.         0.         0.         0.
  0.         0.         0.         0.         0.         0.
  0.         0.         0.         0.256      0.         0.09014012
  0.         0.         0.         0.         0.         0.
  0.         0.         0.256      0.256      0.         0.
  0.256      0.         0.         0.         0.         0.
  0.         0.         0.         0.256      0.         0.
  0.         0.256      0.         0.         0.         0.
  0.         0.         0.256      0.         0.         0.
  0.         0.64       0.         0.         0.         0.
  0.64       0.34253503 0.256      0.         0.         0.
  0.         0.         0.         0.         0.         0.64
  0.         0.         0.256      0.         0.         0.
  0.         0.         0.         0.         0.         0.
  0.         0.         0.         0.         0.         0.
  0.         0.64       0.         0.         0.         0.
  0.         0.         0.64       0.         0.         0.
  0.         0.09551002 0.         0.         0.64       0.
  0.         0.         0.         0.09551002 0.04868355 0.
  0.04868355 0.         0.         0.06248139 0.         0.06248139
  0.         0.         0.         0.         0.         0.64
  0.         0.256      0.         0.         0.         0.
  0.         0.         0.         0.         0.         0.64
  0.8        0.         0.         0.         0.         0.
  0.64       0.         0.         0.256      0.         0.
  0.         0.09014012 0.         0.         0.         0.09551002
  0.256      0.         0.         0.64       0.         0.
  0.         0.         0.04868355 0.         0.         0.
  0.256      0.         0.09014012 0.256      0.         0.
  0.         0.         0.         0.         0.         0.
  0.         0.8        0.         0.         0.         0.
  0.72       0.         0.256      0.         0.         0.
  0.         0.         0.256      0.         0.         0.
  0.64       0.         0.         0.         0.         0.64
  0.         0.         0.         0.         0.         0.
  0.         0.         0.         0.         0.         0.
  0.64       0.         0.         0.09551002 0.         0.
  0.         1.         0.09551002 0.32       0.         0.
  0.64       0.         0.         0.         0.         0.
  0.         0.64       0.8        0.         0.         0.256
  0.         0.256      0.         0.8        0.09551002 0.
  0.         0.         0.         0.         0.         0.24338004
  0.         0.256      0.         0.         0.         0.34253503
  0.64       0.         0.         0.256      0.03183667 0.
  0.         0.         0.         0.256      0.256      0.
  0.         0.         0.         0.         0.         0.
  0.         0.         0.         0.         0.         0.
  0.         0.         0.64       0.         0.         0.64
  0.256      0.09551002 0.         0.         0.         0.64
  0.         0.         0.         0.         0.         0.
  0.256      0.         0.         0.         0.         0.02645056
  0.         0.03295268 0.         0.         0.         0.
  0.         0.         0.256      0.         0.64       0.256
  0.         0.         0.256      0.05392717 0.256      0.
  0.         0.         0.256      0.         0.         0.
  0.         0.         0.8        0.         0.         0.
  0.8        0.         0.         0.09551002 0.8        0.
  0.         0.09551002 0.         0.         0.         0.
  0.04868355 0.         0.         0.         0.64       0.64
  0.256      0.         0.8        0.         0.8        0.256
  0.64       0.         0.         0.         0.         0.09551002
  0.8        0.         0.         0.         0.         0.64
  0.         0.         0.64       0.256      0.64       0.8
  0.         0.         0.8        0.09551002 0.         0.09551002
  0.         0.         0.64       0.         0.04408427 0.
  0.09551002 0.         0.03295268 0.03295268 0.         0.
  0.         0.         0.         0.256      0.         0.
  0.         0.         0.36507006 0.         0.09551002 0.
  0.         0.         0.         0.         0.         0.
  0.         0.256      0.         0.09551002 0.09551002 0.
  0.         0.256      0.         0.         0.         0.
  0.         0.         0.         0.         0.8        0.40788717
  0.         0.         0.         0.         0.         0.
  0.         0.256      0.256      0.         0.         0.
  0.         0.         0.         0.         0.         0.
  0.64       0.8        0.         0.         0.         0.
  0.         0.         0.         0.         0.         0.06102698
  0.256      0.         0.         0.         0.         0.
  0.        ]]"
"[[0.         0.         0.         0.         0.         0.
  0.         0.         0.         0.         0.         0.
  0.         0.         0.         0.17066667 0.         0.07261868
  0.         0.         0.         0.         0.         0.
  0.         0.         0.17066667 0.17066667 0.         0.03820401
  0.17066667 0.         0.         0.         0.         0.
  0.         0.         0.         0.17066667 0.         0.
  0.         0.17066667 0.         0.         0.         0.
  0.         0.         0.17066667 0.         0.         0.
  0.         0.09551002 0.         0.         0.         0.
  0.09551002 0.06664854 0.17066667 0.         0.         0.
  0.         0.         0.         0.         0.         0.09551002
  0.         0.         0.17066667 0.         0.         0.
  0.         0.         0.         0.         0.         0.
  0.         0.         0.         0.         0.         0.
  0.         0.09551002 0.         0.         0.         0.
  0.         0.         0.09551002 0.         0.         0.
  0.         0.35878689 0.03820401 0.         0.09551002 0.
  0.         0.         0.         0.07757377 0.05797481 0.
  0.05797481 0.         0.         0.05168383 0.         0.05168383
  0.         0.         0.         0.         0.         0.09551002
  0.         0.17066667 0.         0.         0.         0.
  0.         0.         0.         0.         0.         0.09551002
  0.09551002 0.         0.         0.         0.         0.
  0.09551002 0.         0.         0.17066667 0.         0.
  0.         0.07261868 0.         0.         0.         0.07757377
  0.17066667 0.         0.         0.09551002 0.         0.
  0.         0.         0.05797481 0.         0.         0.
  0.17066667 0.         0.07261868 0.17066667 0.         0.
  0.         0.         0.         0.         0.         0.
  0.         0.09551002 0.         0.         0.         0.
  0.09551002 0.         0.17066667 0.         0.         0.
  0.         0.         0.17066667 0.         0.         0.
  0.09551002 0.         0.         0.         0.         0.09551002
  0.         0.         0.         0.         0.         0.
  0.         0.         0.         0.         0.         0.
  0.09551002 0.         0.         0.07757377 0.03820401 0.
  0.         0.09551002 1.         0.04775501 0.         0.
  0.09551002 0.         0.         0.         0.         0.
  0.         0.09551002 0.09551002 0.         0.         0.17066667
  0.         0.17066667 0.         0.09551002 0.8        0.
  0.         0.         0.         0.         0.         0.0560429
  0.         0.17066667 0.         0.         0.         0.06664854
  0.09551002 0.         0.         0.17066667 0.21333333 0.
  0.         0.         0.         0.17066667 0.17066667 0.
  0.         0.         0.         0.         0.         0.
  0.         0.         0.         0.         0.         0.
  0.         0.         0.09551002 0.         0.         0.09551002
  0.17066667 0.50585792 0.         0.         0.         0.09551002
  0.         0.         0.         0.         0.         0.
  0.17066667 0.         0.         0.         0.         0.03604308
  0.         0.04715967 0.         0.         0.         0.
  0.         0.         0.17066667 0.         0.09551002 0.17066667
  0.         0.         0.17066667 0.06157985 0.17066667 0.
  0.         0.         0.17066667 0.         0.         0.
  0.         0.         0.09551002 0.         0.         0.
  0.09551002 0.         0.         0.07757377 0.09551002 0.
  0.         0.07757377 0.         0.         0.         0.
  0.05797481 0.         0.         0.         0.09551002 0.09551002
  0.17066667 0.         0.09551002 0.         0.09551002 0.17066667
  0.09551002 0.         0.         0.         0.         0.07757377
  0.09551002 0.         0.         0.         0.         0.09551002
  0.         0.         0.09551002 0.17066667 0.09551002 0.09551002
  0.         0.         0.09551002 0.07757377 0.         0.43878689
  0.         0.         0.09551002 0.         0.0600718  0.
  0.07757377 0.         0.04715967 0.04715967 0.03820401 0.
  0.         0.         0.         0.17066667 0.         0.
  0.         0.         0.08406435 0.         0.43878689 0.
  0.         0.         0.         0.         0.         0.
  0.         0.17066667 0.         0.07757377 0.8        0.
  0.         0.17066667 0.         0.         0.         0.
  0.         0.         0.         0.         0.09551002 0.07580712
  0.         0.         0.         0.         0.         0.
  0.         0.17066667 0.17066667 0.         0.         0.
  0.         0.         0.         0.         0.         0.
  0.09551002 0.09551002 0.         0.         0.         0.
  0.         0.         0.         0.         0.         0.06380935
  0.17066667 0.         0.         0.         0.         0.
  0.        ]]"
"[[0.         0.         0.         0.         0.         0.
  0.4        0.         0.         0.4        0.         0.
  0.         0.         0.         0.128      0.         0.04507006
  0.         0.         0.         0.         0.         0.
  0.         0.         0.128      0.128      0.         0.
  0.128      0.         0.         0.         0.         0.
  0.         0.         0.         0.128      0.         0.
  0.         0.128      0.         0.         0.         0.
  0.         0.         0.128      0.         0.         0.
  0.         0.32       0.         0.         0.         0.
  0.32       0.21126751 0.128      0.         0.         0.
  0.         0.         0.         0.         0.         0.32
  0.         0.         0.128      0.         0.         0.
  0.         0.         0.         0.         0.         0.
  0.         0.         0.         0.         0.         0.
  0.         0.32       0.         0.         0.         0.
  0.         0.         0.32       0.         0.         0.
  0.         0.04775501 0.         0.         0.32       0.
  0.         0.         0.         0.04775501 0.02434177 0.
  0.02434177 0.         0.         0.0312407  0.         0.0312407
  0.         0.         0.         0.         0.         0.32
  0.         0.128      0.         0.         0.         0.
  0.         0.         0.         0.         0.         0.32
  0.32       0.         0.         0.         0.         0.
  0.32       0.         0.         0.128      0.         0.
  0.         0.04507006 0.         0.         0.         0.04775501
  0.128      0.         0.         0.32       0.         0.
  0.         0.         0.02434177 0.         0.2        0.
  0.128      0.         0.04507006 0.128      0.         0.
  0.         0.         0.         0.         0.         0.
  0.         0.32       0.         0.         0.         0.
  0.32       0.         0.128      0.         0.         0.
  0.         0.         0.128      0.         0.         0.
  0.4        0.         0.         0.         0.         0.32
  0.         0.         0.         0.         0.         0.
  0.         0.         0.         0.         0.         0.
  0.32       0.         0.         0.04775501 0.         0.
  0.         0.32       0.04775501 1.         0.         0.
  0.32       0.         0.         0.         0.         0.
  0.         0.32       0.32       0.         0.         0.128
  0.         0.128      0.         0.32       0.04775501 0.
  0.         0.         0.         0.         0.         0.28169002
  0.         0.128      0.         0.         0.         0.21126751
  0.32       0.         0.         0.128      0.14925167 0.
  0.         0.         0.         0.128      0.128      0.
  0.         0.         0.         0.         0.         0.
  0.         0.         0.         0.         0.         0.
  0.         0.         0.32       0.         0.         0.32
  0.128      0.04775501 0.         0.         0.         0.32
  0.         0.         0.         0.         0.         0.
  0.128      0.         0.         0.         0.         0.09322528
  0.         0.01647634 0.         0.         0.         0.
  0.         0.         0.128      0.         0.32       0.128
  0.         0.         0.128      0.02696358 0.128      0.
  0.         0.         0.128      0.         0.         0.
  0.         0.         0.32       0.         0.         0.
  0.32       0.         0.         0.04775501 0.32       0.
  0.         0.04775501 0.         0.         0.         0.
  0.02434177 0.         0.         0.         0.32       0.32
  0.128      0.         0.32       0.         0.32       0.128
  0.32       0.         0.         0.         0.         0.04775501
  0.32       0.         0.         0.         0.         0.32
  0.         0.         0.32       0.128      0.32       0.32
  0.         0.         0.32       0.04775501 0.         0.04775501
  0.         0.         0.32       0.         0.02204213 0.
  0.04775501 0.         0.01647634 0.01647634 0.         0.
  0.         0.         0.         0.128      0.         0.
  0.         0.         0.18253503 0.         0.04775501 0.
  0.         0.         0.         0.         0.         0.
  0.         0.128      0.         0.04775501 0.04775501 0.
  0.         0.128      0.         0.         0.         0.
  0.         0.         0.         0.         0.32       0.20394358
  0.         0.         0.         0.         0.         0.
  0.         0.128      0.128      0.         0.         0.
  0.         0.         0.         0.         0.         0.
  0.32       0.32       0.         0.         0.         0.
  0.         0.         0.         0.         0.         0.03051349
  0.128      0.         0.         0.         0.         0.
  0.        ]]"
"[[0.  0.  0.  0.  0.  0.  0.  0.  0.  0.  0.  0.  0.  0.  0.  0.  0.  0.
  0.  0.  0.  0.  0.  0.  0.  0.  0.  0.  0.  0.  0.  0.  0.  0.  0.  0.
  0.  0.  0.  0.  0.  0.  0.  0.  0.  0.  0.  0.  0.  0.  0.  0.  0.  0.
  0.  0.  0.  0.  0.  0.  0.  0.  0.  0.  0.  0.  0.  0.8 0.  0.  0.  0.
  0.  0.  0.  0.  0.  0.  0.  0.  0.  0.  0.  0.  0.  0.  0.  0.  0.  0.
  0.  0.  0.  0.  0.  0.  0.  0.  0.  0.  0.  0.  0.  0.  0.  0.  0.  0.
  0.  0.  0.  0.  0.  0.  0.  0.  0.  0.  0.8 0.  0.  0.  0.  0.  0.  0.
  0.  0.  0.  0.  0.  0.  0.  0.  0.  0.  0.8 0.  0.  0.  0.  0.  0.  0.
  0.  0.  0.  0.  0.  0.  0.  0.  0.  0.  0.  0.  0.  0.  0.  0.  0.  0.
  0.  0.  0.  0.  0.  0.  0.  0.  0.  0.  0.  0.  0.  0.  0.  0.  0.  0.
  0.  0.  0.  0.  0.  0.  0.  0.  0.  0.  0.  0.  0.  0.  0.  0.8 0.  0.
  0.  0.  0.  0.  0.  0.  0.  0.  0.  0.  0.  0.  0.  0.  0.  0.  0.  0.
  0.  0.  0.  0.  0.  0.  0.  0.  0.  0.  1.  0.  0.  0.  0.  0.  0.  0.
  0.  0.  0.  0.  0.8 0.  0.8 0.  0.  0.  0.  0.  0.  0.  0.  0.  0.  0.
  0.  0.  0.  0.8 0.  0.  0.  0.  0.8 0.  0.  0.  0.  0.  0.  0.  0.  0.
  0.8 0.  0.  0.  0.  0.  0.  0.  0.  0.  0.  0.  0.  0.  0.  0.  0.  0.
  0.  0.  0.  0.  0.  0.  0.  0.  0.8 0.  0.  0.  0.  0.  0.  0.  0.  0.
  0.  0.  0.  0.  0.  0.  0.  0.  0.  0.  0.  0.  0.  0.  0.  0.  0.  0.
  0.  0.  0.  0.  0.  0.  0.  0.  0.  0.8 0.  0.  0.  0.  0.  0.  0.  0.
  0.  0.  0.8 0.  0.  0.  0.  0.  0.  0.  0.  0.  0.  0.  0.  0.  0.  0.
  0.  0.  0.  0.  0.  0.  0.  0.  0.  0.  0.  0.  0.  0.  0.  0.  0.  0.
  0.  0.  0.  0.  0.8 0.  0.  0.  0.  0.  0.  0.  0.  0.  0.  0.  0.  0.
  0.  0.  0.8 0.  0.  0.  0.  0.8 0.  0.  0.  0.  0.  0.  0.  0.  0.  0.
  0.  0.  0.  0.  0.  0.  0.  0.  0.  0.  0.  0.  0.  0.  0.  0.  0.  0.
  0.  0.  0.  0.  0.  0.  0.  0.  0.  0.  0.  0.  0.  0.  0.  0.  0.  0.
  0.  0.  0.  0.  0.  0.  0.  0.  0.  0.  0.  0.  0.  0.  0.  0.  0.  0.
  0. ]]"
"[[0.         0.         0.         0.         0.         0.
  0.         0.         0.         0.         0.         0.
  0.         0.         0.35958374 0.         0.33926714 0.
  0.         0.         0.         0.         0.         0.29710884
  0.         0.         0.         0.         0.         0.
  0.         0.         0.         0.         0.17208581 0.17063393
  0.30559631 0.         0.         0.         0.         0.
  0.         0.         0.         0.         0.28599258 0.35958374
  0.23811512 0.35958374 0.         0.         0.17208581 0.40797885
  0.17063393 0.         0.19636338 0.         0.         0.24101567
  0.         0.         0.         0.         0.         0.
  0.35958374 0.         0.         0.         0.         0.
  0.         0.30559631 0.         0.         0.30559631 0.8
  0.         0.40797885 0.         0.         0.         0.26510884
  0.         0.         0.27860466 0.         0.         0.
  0.         0.         0.         0.30559631 0.         0.
  0.         0.         0.         0.         0.35958374 0.17063393
  0.22370217 0.         0.         0.         0.         0.
  0.         0.         0.30559631 0.         0.         0.30559631
  0.         0.         0.28599258 0.         0.         0.
  0.23995    0.35958374 0.         0.30559631 0.         0.
  0.17635228 0.         0.19455173 0.         0.         0.27555071
  0.20424631 0.17635228 0.         0.         0.         0.
  0.         0.28345615 0.26595026 0.         0.         0.35958374
  0.         0.17635228 0.25186727 0.         0.35958374 0.35958374
  0.         0.         0.19330586 0.30559631 0.8        0.
  0.         0.26239101 0.18258472 0.         0.         0.
  0.38371421 0.35958374 0.         0.         0.         0.
  0.         0.15372301 0.         0.         0.28535258 0.35958374
  0.30559631 0.         0.34298738 0.30559631 0.         0.21398058
  0.30559631 0.         0.45445036 0.20753212 0.30559631 0.
  0.         0.         0.         0.         0.         0.40407763
  0.26395853 0.         0.         0.         0.28599258 0.
  0.         0.         0.         0.17063393 0.         0.
  0.         0.         0.35958374 0.35958374 0.         0.
  0.20504341 0.30559631 0.35958374 0.         0.36689079 0.
  0.         0.         0.30559631 0.         0.         0.
  0.28477742 0.         0.         0.         0.         1.
  0.         0.35958374 0.         0.17208581 0.26239101 0.
  0.17063393 0.         0.         0.         0.         0.
  0.         0.         0.         0.         0.         0.8
  0.         0.2093391  0.35958374 0.26595026 0.         0.
  0.30559631 0.         0.         0.         0.         0.
  0.         0.17063393 0.         0.         0.         0.
  0.8        0.         0.35958374 0.         0.         0.
  0.         0.         0.26595026 0.35958374 0.         0.
  0.38371421 0.         0.30559631 0.         0.25383871 0.30559631
  0.17063393 0.14038758 0.         0.         0.26239101 0.
  0.         0.         0.         0.30559631 0.         0.
  0.         0.21309942 0.         0.27501933 0.         0.
  0.         0.26510884 0.         0.         0.         0.
  0.         0.         0.35958374 0.17635228 0.         0.35958374
  0.17063393 0.15844308 0.         0.17635228 0.         0.
  0.34298738 0.         0.         0.         0.         0.21384464
  0.20671603 0.         0.         0.30559631 0.         0.
  0.         0.         0.         0.         0.         0.26239101
  0.         0.         0.         0.         0.         0.31052297
  0.         0.         0.         0.         0.20180077 0.
  0.         0.         0.         0.53119551 0.         0.
  0.         0.         0.         0.26395853 0.         0.
  0.         0.         0.         0.         0.         0.
  0.         0.         0.         0.30559631 0.         0.
  0.35958374 0.35958374 0.         0.         0.         0.
  0.         0.24312856 0.         0.         0.         0.
  0.         0.         0.         0.         0.         0.35958374
  0.         0.         0.         0.         0.         0.
  0.         0.         0.         0.         0.         0.
  0.25453898 0.         0.         0.         0.         0.
  0.17635228 0.         0.21787139 0.         0.         0.19318937
  0.26595026 0.         0.         0.         0.         0.
  0.         0.         0.         0.35958374 0.28477742 0.
  0.17635228 0.29710884 0.         0.         0.         0.
  0.30559631 0.         0.         0.         0.         0.
  0.26595026 0.         0.         0.17063393 0.         0.
  0.         0.         0.         0.         0.30559631 0.23811512
  0.         0.         0.         0.30559631 0.30559631 0.
  0.30559631 0.         0.35958374 0.         0.         0.
  0.         0.         0.         0.         0.         0.
  0.        ]]"
"[[0.         0.         0.         0.         0.         0.
  0.         0.         0.         0.         0.         0.
  0.         0.         0.         0.256      0.         0.09014012
  0.         0.         0.         0.         0.         0.
  0.         0.         0.256      0.256      0.         0.
  0.256      0.         0.         0.         0.         0.
  0.         0.         0.         0.256      0.         0.
  0.         0.256      0.         0.         0.         0.
  0.         0.         0.256      0.         0.         0.
  0.         0.8        0.         0.         0.         0.
  0.8        0.34253503 0.256      0.         0.         0.
  0.         0.         0.         0.         0.         0.64
  0.         0.         0.256      0.         0.         0.
  0.         0.         0.         0.         0.         0.
  0.         0.         0.         0.         0.         0.
  0.         0.8        0.         0.         0.         0.
  0.         0.         0.8        0.         0.         0.
  0.         0.09551002 0.         0.         0.64       0.
  0.         0.         0.         0.09551002 0.04868355 0.
  0.04868355 0.         0.         0.06248139 0.         0.06248139
  0.         0.         0.         0.         0.         0.8
  0.         0.256      0.         0.         0.         0.
  0.         0.         0.         0.         0.         0.64
  0.64       0.         0.         0.         0.         0.
  0.8        0.         0.         0.256      0.         0.
  0.         0.09014012 0.         0.         0.         0.09551002
  0.256      0.         0.         0.8        0.         0.
  0.         0.         0.04868355 0.         0.         0.
  0.256      0.         0.09014012 0.256      0.         0.
  0.         0.         0.         0.         0.         0.
  0.         0.64       0.         0.         0.         0.
  0.64       0.         0.256      0.         0.         0.
  0.         0.         0.256      0.         0.         0.
  0.64       0.         0.         0.         0.         0.64
  0.         0.         0.         0.         0.         0.
  0.         0.         0.         0.         0.         0.
  0.8        0.         0.         0.09551002 0.         0.
  0.         0.64       0.09551002 0.32       0.         0.
  1.         0.         0.         0.         0.         0.
  0.         0.64       0.64       0.         0.         0.256
  0.         0.256      0.         0.64       0.09551002 0.
  0.         0.         0.         0.         0.         0.24338004
  0.         0.256      0.         0.         0.         0.34253503
  0.64       0.         0.         0.256      0.03183667 0.
  0.         0.         0.         0.256      0.256      0.
  0.         0.         0.         0.         0.         0.
  0.         0.         0.         0.         0.         0.
  0.         0.         0.64       0.         0.         0.8
  0.256      0.09551002 0.         0.         0.         0.64
  0.         0.         0.         0.         0.         0.
  0.256      0.         0.         0.         0.         0.02645056
  0.         0.03295268 0.         0.         0.         0.
  0.         0.         0.256      0.         0.64       0.256
  0.         0.         0.256      0.05392717 0.256      0.
  0.         0.         0.256      0.         0.         0.
  0.         0.         0.64       0.         0.         0.
  0.64       0.         0.         0.09551002 0.64       0.
  0.         0.09551002 0.         0.         0.         0.
  0.04868355 0.         0.         0.         0.64       0.8
  0.256      0.         0.64       0.         0.64       0.256
  0.8        0.         0.         0.         0.         0.09551002
  0.64       0.         0.         0.         0.         0.64
  0.         0.         0.64       0.256      0.8        0.64
  0.         0.         0.64       0.09551002 0.         0.09551002
  0.         0.         0.64       0.         0.04408427 0.
  0.09551002 0.         0.03295268 0.03295268 0.         0.
  0.         0.         0.         0.256      0.         0.
  0.         0.         0.44507006 0.         0.09551002 0.
  0.         0.         0.         0.         0.         0.
  0.         0.256      0.         0.09551002 0.09551002 0.
  0.         0.256      0.         0.         0.         0.
  0.         0.         0.         0.         0.64       0.40788717
  0.         0.         0.         0.         0.         0.
  0.         0.256      0.256      0.         0.         0.
  0.         0.         0.         0.         0.         0.
  0.8        0.64       0.         0.         0.         0.
  0.         0.         0.         0.         0.         0.06102698
  0.256      0.         0.         0.         0.         0.
  0.        ]]"
"[[0.         0.         0.         0.         0.         0.
  0.         0.         0.         0.         0.         0.
  0.         0.         0.8        0.         0.39229413 0.
  0.         0.         0.         0.         0.         0.33244119
  0.         0.         0.         0.         0.         0.
  0.         0.         0.         0.         0.17043872 0.15288238
  0.44519629 0.         0.         0.         0.         0.
  0.         0.         0.         0.         0.45409874 0.8
  0.29903933 0.8        0.         0.         0.17043872 0.35113562
  0.15288238 0.         0.18604718 0.         0.         0.27974558
  0.         0.         0.         0.         0.         0.
  0.64       0.         0.         0.         0.         0.
  0.         0.44519629 0.         0.         0.44519629 0.35958374
  0.         0.35113562 0.         0.         0.         0.39644119
  0.         0.         0.46602622 0.         0.         0.
  0.         0.         0.         0.44519629 0.         0.
  0.         0.         0.         0.         0.8        0.15288238
  0.27302556 0.         0.         0.         0.         0.
  0.         0.         0.44519629 0.         0.         0.44519629
  0.         0.         0.45409874 0.         0.         0.
  0.27743458 0.8        0.         0.44519629 0.         0.
  0.16524586 0.         0.20305623 0.         0.         0.42526996
  0.22394201 0.16524586 0.         0.         0.         0.
  0.         0.4415524  0.34433176 0.         0.         0.64
  0.         0.16524586 0.25945255 0.         0.8        0.8
  0.         0.         0.20029674 0.44519629 0.35958374 0.
  0.         0.21680308 0.18548975 0.         0.         0.
  0.32874686 0.8        0.         0.         0.         0.
  0.         0.14873826 0.         0.         0.45281874 0.8
  0.44519629 0.         0.36440154 0.44519629 0.         0.27181922
  0.44519629 0.         0.38411653 0.23334155 0.44519629 0.
  0.         0.         0.         0.         0.         0.31091953
  0.3418325  0.         0.         0.         0.45409874 0.
  0.         0.         0.         0.15288238 0.         0.
  0.         0.         0.8        0.64       0.         0.
  0.2284161  0.44519629 0.8        0.         0.33097328 0.
  0.         0.         0.44519629 0.         0.         0.
  0.39351439 0.         0.         0.         0.         0.35958374
  0.         1.         0.         0.17043872 0.21680308 0.
  0.15288238 0.         0.         0.         0.         0.
  0.         0.         0.         0.         0.         0.35958374
  0.         0.23079213 0.8        0.34433176 0.         0.
  0.44519629 0.         0.         0.         0.         0.
  0.         0.15288238 0.         0.         0.         0.
  0.35958374 0.         0.64       0.         0.         0.
  0.         0.         0.34433176 0.8        0.         0.
  0.32874686 0.         0.44519629 0.         0.2815388  0.44519629
  0.15288238 0.12566528 0.         0.         0.21680308 0.
  0.         0.         0.         0.44519629 0.         0.
  0.         0.25487425 0.         0.36805328 0.         0.
  0.         0.39644119 0.         0.         0.         0.
  0.         0.         0.8        0.16524586 0.         0.8
  0.15288238 0.14292334 0.         0.16524586 0.         0.
  0.36440154 0.         0.         0.         0.         0.24508734
  0.22752403 0.         0.         0.44519629 0.         0.
  0.         0.         0.         0.         0.         0.21680308
  0.         0.         0.         0.         0.         0.51606583
  0.         0.         0.         0.         0.21967129 0.
  0.         0.         0.         0.28819341 0.         0.
  0.         0.         0.         0.3418325  0.         0.
  0.         0.         0.         0.         0.         0.
  0.         0.         0.         0.44519629 0.         0.
  0.8        0.8        0.         0.         0.         0.
  0.         0.29723816 0.         0.         0.         0.
  0.         0.         0.         0.         0.         0.8
  0.         0.         0.         0.         0.         0.
  0.         0.         0.         0.         0.         0.
  0.37473012 0.         0.         0.         0.         0.
  0.16524586 0.         0.24266179 0.         0.         0.2049482
  0.34433176 0.         0.         0.         0.         0.
  0.         0.         0.         0.64       0.39351439 0.
  0.16524586 0.33244119 0.         0.         0.         0.
  0.44519629 0.         0.         0.         0.         0.
  0.34433176 0.         0.         0.15288238 0.         0.
  0.         0.         0.         0.         0.44519629 0.29903933
  0.         0.         0.         0.44519629 0.44519629 0.
  0.44519629 0.         0.8        0.         0.         0.
  0.         0.         0.         0.         0.         0.
  0.        ]]"
"[[0.         0.         0.         0.         0.         0.
  0.         0.         0.         0.         0.         0.
  0.         0.         0.         0.         0.         0.
  0.         0.         0.         0.         0.         0.
  0.         0.08533333 0.         0.         0.         0.
  0.         0.         0.12515556 0.         0.         0.
  0.         0.         0.         0.         0.         0.
  0.         0.         0.         0.         0.         0.
  0.         0.         0.         0.17066667 0.         0.
  0.         0.         0.         0.2048     0.         0.
  0.         0.         0.         0.72       0.2048     0.
  0.         0.         0.         0.         0.12515556 0.
  0.17066667 0.         0.         0.17066667 0.         0.
  0.2048     0.         0.         0.         0.         0.
  0.2048     0.2048     0.         0.         0.         0.
  0.         0.         0.         0.         0.         0.2048
  0.         0.17066667 0.         0.         0.         0.
  0.         0.         0.         0.2048     0.         0.
  0.         0.         0.         0.         0.         0.
  0.         0.2048     0.         0.         0.         0.
  0.         0.         0.         0.         0.         0.
  0.         0.         0.         0.08533333 0.         0.
  0.         0.         0.         0.         0.         0.
  0.         0.         0.         0.         0.         0.
  0.         0.         0.         0.         0.         0.
  0.         0.         0.         0.         0.         0.
  0.         0.         0.         0.         0.         0.
  0.         0.         0.         0.         0.         0.
  0.         0.         0.         0.         0.         0.
  0.         0.         0.         0.         0.2048     0.
  0.         0.         0.         0.         0.         0.
  0.         0.         0.         0.         0.         0.
  0.         0.2048     0.         0.         0.         0.
  0.         0.08533333 0.         0.         0.         0.
  0.         0.72       0.         0.         0.         0.
  0.         0.         0.         0.2048     0.         0.
  0.         0.02844444 0.         0.         0.         0.
  0.         0.         0.         0.         0.         0.
  0.         0.         1.         0.         0.         0.02844444
  0.         0.         0.         0.2048     0.         0.
  0.         0.         0.         0.         0.         0.
  0.         0.         0.         0.         0.         0.
  0.         0.         0.         0.         0.         0.
  0.         0.         0.         0.         0.         0.
  0.         0.         0.         0.         0.         0.2048
  0.         0.         0.         0.         0.72       0.
  0.         0.         0.         0.2048     0.         0.
  0.         0.         0.         0.         0.         0.
  0.         0.         0.2048     0.         0.         0.
  0.02844444 0.         0.         0.         0.         0.12515556
  0.         0.         0.         0.2048     0.         0.
  0.         0.         0.         0.         0.2048     0.
  0.         0.         0.         0.         0.         0.
  0.         0.         0.         0.         0.         0.
  0.         0.         0.         0.         0.12515556 0.
  0.         0.         0.         0.         0.02844444 0.
  0.         0.         0.         0.         0.         0.
  0.         0.         0.         0.17066667 0.         0.
  0.         0.         0.         0.         0.         0.
  0.         0.         0.         0.         0.         0.
  0.         0.         0.2048     0.         0.17066667 0.
  0.         0.         0.2048     0.         0.         0.
  0.         0.         0.         0.         0.         0.
  0.         0.         0.         0.         0.         0.
  0.         0.17066667 0.         0.72       0.         0.
  0.         0.         0.         0.         0.         0.2048
  0.         0.         0.         0.         0.         0.
  0.         0.         0.         0.72       0.         0.2048
  0.         0.         0.         0.         0.         0.
  0.         0.         0.         0.         0.         0.
  0.         0.         0.         0.         0.         0.
  0.         0.         0.         0.2048     0.         0.
  0.         0.         0.         0.2048     0.         0.
  0.         0.         0.         0.         0.         0.
  0.2048     0.2048     0.         0.         0.         0.
  0.         0.         0.         0.         0.         0.
  0.         0.         0.         0.         0.2048     0.
  0.         0.2048     0.72       0.17066667 0.         0.
  0.        ]]"
"[[0.         0.         0.         0.         0.         0.
  0.         0.         0.         0.         0.         0.
  0.         0.         0.17043872 0.         0.16880941 0.
  0.         0.         0.         0.         0.         0.16799476
  0.         0.         0.         0.         0.         0.
  0.         0.         0.         0.         0.8        0.16555081
  0.16722223 0.         0.         0.         0.         0.
  0.         0.         0.         0.         0.16743072 0.17043872
  0.16638652 0.17043872 0.         0.         0.8        0.16751548
  0.16555081 0.         0.16230707 0.         0.         0.18273736
  0.         0.         0.         0.         0.         0.
  0.17043872 0.         0.         0.         0.         0.
  0.         0.16722223 0.         0.         0.16722223 0.17208581
  0.         0.16751548 0.         0.         0.         0.16799476
  0.         0.         0.16773725 0.         0.         0.
  0.         0.         0.         0.16722223 0.         0.
  0.         0.         0.         0.         0.17043872 0.16555081
  0.19280432 0.         0.         0.         0.         0.
  0.         0.         0.16722223 0.         0.         0.16722223
  0.         0.         0.16743072 0.         0.         0.
  0.18192297 0.17043872 0.         0.16722223 0.         0.
  0.164199   0.         0.16696009 0.         0.         0.16771274
  0.16558941 0.164199   0.         0.         0.         0.
  0.         0.16946811 0.18349698 0.         0.         0.17043872
  0.         0.164199   0.16760282 0.         0.17043872 0.17043872
  0.         0.         0.16384744 0.16722223 0.17208581 0.
  0.         0.16199724 0.16968286 0.         0.         0.
  0.16659577 0.17043872 0.         0.         0.         0.
  0.         0.22272214 0.         0.         0.1676085  0.17043872
  0.16722223 0.         0.16621798 0.16722223 0.         0.16410237
  0.16722223 0.         0.16962851 0.1644135  0.16722223 0.
  0.         0.         0.         0.         0.         0.16678467
  0.15640472 0.         0.         0.         0.16743072 0.
  0.         0.         0.         0.16555081 0.         0.
  0.         0.         0.17043872 0.17043872 0.         0.
  0.16631744 0.16722223 0.17043872 0.         0.16901023 0.
  0.         0.         0.16722223 0.         0.         0.
  0.16181348 0.         0.         0.         0.         0.17208581
  0.         0.17043872 0.         1.         0.16199724 0.
  0.16555081 0.         0.         0.         0.         0.
  0.         0.         0.         0.         0.         0.17208581
  0.         0.39937727 0.17043872 0.18349698 0.         0.
  0.16722223 0.         0.         0.         0.         0.
  0.         0.16555081 0.         0.         0.         0.
  0.17208581 0.         0.17043872 0.         0.         0.
  0.         0.         0.18349698 0.17043872 0.         0.
  0.16659577 0.         0.16722223 0.         0.17085593 0.16722223
  0.16555081 0.14873932 0.         0.         0.16199724 0.
  0.         0.         0.         0.16722223 0.         0.
  0.         0.16093591 0.         0.16265921 0.         0.
  0.         0.16799476 0.         0.         0.         0.
  0.         0.         0.17043872 0.164199   0.         0.17043872
  0.16555081 0.1578832  0.         0.164199   0.         0.
  0.16621798 0.         0.         0.         0.         0.16820749
  0.16517052 0.         0.         0.16722223 0.         0.
  0.         0.         0.         0.         0.         0.16199724
  0.         0.         0.         0.         0.         0.16843339
  0.         0.         0.         0.         0.16763207 0.
  0.         0.         0.         0.16704153 0.         0.
  0.         0.         0.         0.15640472 0.         0.
  0.         0.         0.         0.         0.         0.
  0.         0.         0.         0.16722223 0.         0.
  0.17043872 0.17043872 0.         0.         0.         0.
  0.         0.17195651 0.         0.         0.         0.
  0.         0.         0.         0.         0.         0.17043872
  0.         0.         0.         0.         0.         0.
  0.         0.         0.         0.         0.         0.
  0.16615164 0.         0.         0.         0.         0.
  0.164199   0.         0.16677278 0.         0.         0.17521362
  0.18349698 0.         0.         0.         0.         0.
  0.         0.         0.         0.17043872 0.16181348 0.
  0.164199   0.16799476 0.         0.         0.         0.
  0.16722223 0.         0.         0.         0.         0.
  0.18349698 0.         0.         0.16555081 0.         0.
  0.         0.         0.         0.         0.16722223 0.16638652
  0.         0.         0.         0.16722223 0.16722223 0.
  0.16722223 0.         0.17043872 0.         0.         0.
  0.         0.         0.         0.         0.         0.
  0.        ]]"
"[[0.         0.         0.         0.         0.         0.
  0.         0.         0.         0.         0.         0.
  0.         0.         0.21680308 0.         0.24430801 0.
  0.         0.         0.         0.         0.         0.24526047
  0.         0.         0.         0.         0.         0.
  0.         0.         0.         0.         0.16199724 0.24811786
  0.23221395 0.         0.         0.         0.         0.
  0.         0.         0.         0.         0.23259321 0.21680308
  0.24016591 0.21680308 0.         0.         0.16199724 0.26339751
  0.24811786 0.         0.28489518 0.         0.         0.23982354
  0.         0.         0.         0.         0.         0.
  0.21680308 0.         0.         0.         0.         0.
  0.         0.23221395 0.         0.         0.23221395 0.26239101
  0.         0.26339751 0.         0.         0.         0.23246047
  0.         0.         0.2323783  0.         0.         0.
  0.         0.         0.         0.23221395 0.         0.
  0.         0.         0.         0.         0.21680308 0.24811786
  0.24683543 0.         0.         0.         0.         0.
  0.         0.         0.23221395 0.         0.         0.23221395
  0.         0.         0.23259321 0.         0.         0.
  0.24101164 0.21680308 0.         0.23221395 0.         0.
  0.23343399 0.         0.21532363 0.         0.         0.23252684
  0.22638944 0.23343399 0.         0.         0.         0.
  0.         0.23057086 0.20618598 0.         0.         0.21680308
  0.         0.23343399 0.23164734 0.         0.21680308 0.21680308
  0.         0.         0.23982839 0.23221395 0.26239101 0.
  0.         0.8        0.22693568 0.         0.         0.
  0.35283125 0.21680308 0.         0.         0.         0.
  0.         0.16624335 0.         0.         0.23233721 0.21680308
  0.23221395 0.         0.52120154 0.23221395 0.         0.24052941
  0.23221395 0.         0.24882876 0.2249411  0.23221395 0.
  0.         0.         0.         0.         0.         0.26864611
  0.16412844 0.         0.         0.         0.23259321 0.
  0.         0.         0.         0.24811786 0.         0.
  0.         0.         0.21680308 0.21680308 0.         0.
  0.22501569 0.23221395 0.21680308 0.         0.33188193 0.
  0.         0.         0.23221395 0.         0.         0.
  0.1981712  0.         0.         0.         0.         0.26239101
  0.         0.21680308 0.         0.16199724 1.         0.
  0.24811786 0.         0.         0.         0.         0.
  0.         0.         0.         0.         0.         0.26239101
  0.         0.20108995 0.21680308 0.20618598 0.         0.
  0.23221395 0.         0.         0.         0.         0.
  0.         0.24811786 0.         0.         0.         0.
  0.26239101 0.         0.21680308 0.         0.         0.
  0.         0.         0.20618598 0.21680308 0.         0.
  0.35283125 0.         0.23221395 0.         0.23037372 0.23221395
  0.24811786 0.22140631 0.         0.         0.8        0.
  0.         0.         0.         0.23221395 0.         0.
  0.         0.23420424 0.         0.20267889 0.         0.
  0.         0.23246047 0.         0.         0.         0.
  0.         0.         0.21680308 0.23343399 0.         0.21680308
  0.24811786 0.23237837 0.         0.23343399 0.         0.
  0.52120154 0.         0.         0.         0.         0.22530946
  0.23401893 0.         0.         0.23221395 0.         0.
  0.         0.         0.         0.         0.         0.8
  0.         0.         0.         0.         0.         0.22732984
  0.         0.         0.         0.         0.22828683 0.
  0.         0.         0.         0.53119551 0.         0.
  0.         0.         0.         0.16412844 0.         0.
  0.         0.         0.         0.         0.         0.
  0.         0.         0.         0.23221395 0.         0.
  0.21680308 0.21680308 0.         0.         0.         0.
  0.         0.22393477 0.         0.         0.         0.
  0.         0.         0.         0.         0.         0.21680308
  0.         0.         0.         0.         0.         0.
  0.         0.         0.         0.         0.         0.
  0.23697015 0.         0.         0.         0.         0.
  0.23343399 0.         0.24028917 0.         0.         0.22540619
  0.20618598 0.         0.         0.         0.         0.
  0.         0.         0.         0.21680308 0.1981712  0.
  0.23343399 0.24526047 0.         0.         0.         0.
  0.23221395 0.         0.         0.         0.         0.
  0.20618598 0.         0.         0.24811786 0.         0.
  0.         0.         0.         0.         0.23221395 0.24016591
  0.         0.         0.         0.23221395 0.23221395 0.
  0.23221395 0.         0.21680308 0.         0.         0.
  0.         0.         0.         0.         0.         0.
  0.        ]]"
"[[0.         0.         0.         0.         0.26666667 0.
  0.         0.         0.         0.         0.         0.
  0.         0.         0.         0.         0.         0.
  0.         0.         0.         0.         0.         0.
  0.37333333 0.37333333 0.         0.         0.         0.
  0.         0.         0.15644444 0.         0.         0.
  0.         0.         0.         0.         0.         0.
  0.         0.         0.         0.         0.         0.
  0.         0.         0.         0.10666667 0.         0.
  0.         0.         0.         0.04266667 0.         0.
  0.         0.         0.         0.02844444 0.04266667 0.
  0.         0.         0.         0.         0.15644444 0.
  0.10666667 0.         0.         0.10666667 0.         0.
  0.04266667 0.         0.         0.         0.         0.
  0.04266667 0.04266667 0.         0.         0.         0.
  0.         0.         0.         0.         0.         0.04266667
  0.         0.10666667 0.         0.         0.         0.
  0.         0.         0.         0.04266667 0.         0.
  0.         0.         0.         0.         0.         0.
  0.         0.04266667 0.         0.         0.         0.
  0.         0.         0.         0.         0.         0.
  0.         0.         0.         0.37333333 0.         0.
  0.         0.         0.         0.         0.         0.
  0.         0.         0.         0.         0.         0.
  0.         0.         0.         0.         0.         0.
  0.         0.         0.         0.         0.         0.
  0.         0.         0.         0.         0.         0.
  0.         0.         0.         0.         0.         0.
  0.         0.         0.         0.         0.         0.
  0.         0.         0.         0.         0.04266667 0.
  0.         0.         0.         0.         0.         0.
  0.         0.         0.         0.         0.         0.
  0.         0.04266667 0.         0.         0.         0.
  0.         0.37333333 0.         0.         0.         0.
  0.         0.02844444 0.         0.         0.         0.
  0.         0.         0.         0.04266667 0.         0.
  0.         0.33777778 0.         0.         0.         0.32
  0.         0.         0.         0.         0.         0.
  0.         0.         0.02844444 0.         0.         1.
  0.         0.         0.         0.04266667 0.         0.
  0.         0.         0.         0.         0.         0.
  0.         0.         0.         0.         0.         0.
  0.         0.         0.         0.         0.         0.
  0.         0.         0.         0.         0.         0.
  0.         0.         0.         0.         0.         0.04266667
  0.         0.         0.         0.         0.02844444 0.
  0.         0.         0.         0.04266667 0.         0.
  0.         0.         0.         0.         0.         0.
  0.         0.         0.04266667 0.         0.         0.
  0.33777778 0.         0.         0.         0.         0.15644444
  0.         0.         0.         0.04266667 0.         0.
  0.         0.         0.         0.         0.04266667 0.
  0.         0.         0.         0.         0.         0.
  0.         0.         0.         0.         0.         0.
  0.         0.         0.         0.         0.15644444 0.
  0.         0.         0.         0.         0.33777778 0.
  0.         0.         0.         0.         0.         0.
  0.         0.         0.         0.10666667 0.         0.
  0.         0.         0.         0.         0.         0.
  0.         0.         0.         0.         0.         0.
  0.         0.         0.04266667 0.         0.10666667 0.
  0.         0.         0.04266667 0.         0.         0.
  0.         0.         0.         0.         0.         0.
  0.         0.         0.         0.         0.         0.
  0.         0.10666667 0.         0.02844444 0.         0.
  0.         0.         0.         0.         0.         0.04266667
  0.         0.         0.         0.         0.         0.
  0.         0.         0.         0.02844444 0.         0.04266667
  0.         0.         0.         0.         0.         0.
  0.         0.         0.         0.         0.         0.
  0.         0.         0.         0.         0.         0.
  0.         0.         0.         0.04266667 0.         0.
  0.         0.         0.         0.04266667 0.         0.
  0.         0.         0.         0.         0.         0.
  0.04266667 0.04266667 0.37333333 0.         0.         0.
  0.         0.         0.         0.         0.         0.
  0.         0.         0.         0.         0.04266667 0.
  0.         0.04266667 0.02844444 0.10666667 0.         0.
  0.        ]]"
"[[0.         0.         0.         0.         0.         0.
  0.         0.         0.         0.         0.         0.
  0.         0.         0.15288238 0.         0.31525492 0.
  0.         0.         0.         0.         0.         0.39644119
  0.         0.         0.         0.         0.         0.
  0.         0.         0.         0.         0.16555081 0.64
  0.19688817 0.         0.         0.         0.         0.
  0.         0.         0.         0.         0.21552425 0.15288238
  0.41844408 0.15288238 0.         0.         0.16555081 0.27588993
  0.64       0.         0.45152548 0.         0.         0.34526265
  0.         0.         0.         0.         0.         0.
  0.15288238 0.         0.         0.         0.         0.
  0.         0.19688817 0.         0.         0.19688817 0.17063393
  0.         0.27588993 0.         0.         0.         0.39644119
  0.         0.         0.32992352 0.         0.         0.
  0.         0.         0.         0.19688817 0.         0.
  0.         0.         0.         0.         0.15288238 0.64
  0.35766745 0.         0.         0.         0.         0.
  0.         0.         0.19688817 0.         0.         0.19688817
  0.         0.         0.21552425 0.         0.         0.
  0.34957728 0.15288238 0.         0.19688817 0.         0.
  0.27555516 0.         0.21844076 0.         0.         0.30598272
  0.43213208 0.27555516 0.         0.         0.         0.
  0.         0.21213688 0.18150249 0.         0.         0.15288238
  0.         0.27555516 0.33630438 0.         0.15288238 0.15288238
  0.         0.         0.56335653 0.19688817 0.17063393 0.
  0.         0.24811786 0.48208386 0.         0.         0.
  0.27126125 0.15288238 0.         0.         0.         0.
  0.         0.17325139 0.         0.         0.29986468 0.15288238
  0.19688817 0.         0.20050012 0.19688817 0.         0.26462456
  0.19688817 0.         0.27909967 0.39064853 0.19688817 0.
  0.         0.         0.         0.         0.         0.30664182
  0.12955812 0.         0.         0.         0.21552425 0.
  0.         0.         0.         0.64       0.         0.
  0.         0.         0.15288238 0.15288238 0.         0.
  0.40888207 0.19688817 0.15288238 0.         0.25843857 0.
  0.         0.         0.19688817 0.         0.         0.
  0.16322314 0.         0.         0.         0.         0.17063393
  0.         0.15288238 0.         0.16555081 0.24811786 0.
  1.         0.         0.         0.         0.         0.
  0.         0.         0.         0.         0.         0.17063393
  0.         0.19191423 0.15288238 0.18150249 0.         0.
  0.19688817 0.         0.         0.         0.         0.
  0.         0.64       0.         0.         0.         0.
  0.17063393 0.         0.15288238 0.         0.         0.
  0.         0.         0.18150249 0.15288238 0.         0.
  0.27126125 0.         0.19688817 0.         0.34557444 0.19688817
  0.64       0.4306133  0.         0.         0.24811786 0.
  0.         0.         0.         0.19688817 0.         0.
  0.         0.39968985 0.         0.21372071 0.         0.
  0.         0.39644119 0.         0.         0.         0.
  0.         0.         0.15288238 0.27555516 0.         0.15288238
  0.64       0.5275071  0.         0.27555516 0.         0.
  0.20050012 0.         0.         0.         0.         0.39424759
  0.49803863 0.         0.         0.19688817 0.         0.
  0.         0.         0.         0.         0.         0.24811786
  0.         0.         0.         0.         0.         0.19464363
  0.         0.         0.         0.         0.44163375 0.
  0.         0.         0.         0.2093759  0.         0.
  0.         0.         0.         0.12955812 0.         0.
  0.         0.         0.         0.         0.         0.
  0.         0.         0.         0.19688817 0.         0.
  0.15288238 0.15288238 0.         0.         0.         0.
  0.         0.34446679 0.         0.         0.         0.
  0.         0.         0.         0.         0.         0.15288238
  0.         0.         0.         0.         0.         0.
  0.         0.         0.         0.         0.         0.
  0.28669628 0.         0.         0.         0.         0.
  0.27555516 0.         0.5182206  0.         0.         0.50327201
  0.18150249 0.         0.         0.         0.         0.
  0.         0.         0.         0.15288238 0.16322314 0.
  0.27555516 0.39644119 0.         0.         0.         0.
  0.19688817 0.         0.         0.         0.         0.
  0.18150249 0.         0.         0.64       0.         0.
  0.         0.         0.         0.         0.19688817 0.41844408
  0.         0.         0.         0.19688817 0.19688817 0.
  0.19688817 0.         0.15288238 0.         0.         0.
  0.         0.         0.         0.         0.         0.
  0.        ]]"
"[[0.         0.         0.         0.         0.         0.
  0.         0.         0.         0.         0.         0.
  0.         0.         0.         0.256      0.         0.09014012
  0.         0.         0.         0.         0.         0.
  0.         0.         0.256      0.256      0.         0.
  0.256      0.         0.         0.         0.         0.
  0.         0.         0.         0.256      0.         0.
  0.         0.256      0.         0.         0.         0.
  0.         0.         0.256      0.         0.         0.
  0.         0.64       0.         0.         0.         0.
  0.64       0.34253503 0.256      0.         0.         0.
  0.         0.         0.         0.         0.         0.8
  0.         0.         0.256      0.         0.         0.
  0.         0.         0.         0.         0.         0.
  0.         0.         0.         0.         0.         0.
  0.         0.64       0.         0.         0.         0.
  0.         0.         0.64       0.         0.         0.
  0.         0.09551002 0.         0.         0.8        0.
  0.         0.         0.         0.09551002 0.04868355 0.
  0.04868355 0.         0.         0.06248139 0.         0.06248139
  0.         0.         0.         0.         0.         0.64
  0.         0.256      0.         0.         0.         0.
  0.         0.         0.         0.         0.         0.8
  0.64       0.         0.         0.         0.         0.
  0.64       0.         0.         0.256      0.         0.
  0.         0.09014012 0.         0.         0.         0.09551002
  0.256      0.         0.         0.64       0.         0.
  0.         0.         0.04868355 0.         0.         0.
  0.256      0.         0.09014012 0.256      0.         0.
  0.         0.         0.         0.         0.         0.
  0.         0.64       0.         0.         0.         0.
  0.72       0.         0.256      0.         0.         0.
  0.         0.         0.256      0.         0.         0.
  0.64       0.         0.         0.         0.         0.8
  0.         0.         0.         0.         0.         0.
  0.         0.         0.         0.         0.         0.
  0.64       0.         0.         0.09551002 0.         0.
  0.         0.64       0.09551002 0.32       0.         0.
  0.64       0.         0.         0.         0.         0.
  0.         1.         0.64       0.         0.         0.256
  0.         0.256      0.         0.64       0.09551002 0.
  0.         0.         0.         0.         0.         0.24338004
  0.         0.256      0.         0.         0.         0.34253503
  0.8        0.         0.         0.256      0.03183667 0.
  0.         0.         0.         0.256      0.256      0.
  0.         0.         0.         0.         0.         0.
  0.         0.         0.         0.         0.         0.
  0.         0.         0.8        0.         0.         0.64
  0.256      0.09551002 0.         0.         0.         0.8
  0.         0.         0.         0.         0.         0.
  0.256      0.         0.         0.         0.         0.02645056
  0.         0.03295268 0.         0.         0.         0.
  0.         0.         0.256      0.         0.8        0.256
  0.         0.         0.256      0.05392717 0.256      0.
  0.         0.         0.256      0.         0.         0.
  0.         0.         0.64       0.         0.         0.
  0.64       0.         0.         0.09551002 0.64       0.
  0.         0.09551002 0.         0.         0.         0.
  0.04868355 0.         0.         0.         0.8        0.64
  0.256      0.         0.64       0.         0.64       0.256
  0.64       0.         0.         0.         0.         0.09551002
  0.64       0.         0.         0.         0.         0.8
  0.         0.         0.8        0.256      0.64       0.64
  0.         0.         0.64       0.09551002 0.         0.09551002
  0.         0.         0.8        0.         0.04408427 0.
  0.09551002 0.         0.03295268 0.03295268 0.         0.
  0.         0.         0.         0.256      0.         0.
  0.         0.         0.36507006 0.         0.09551002 0.
  0.         0.         0.         0.         0.         0.
  0.         0.256      0.         0.09551002 0.09551002 0.
  0.         0.256      0.         0.         0.         0.
  0.         0.         0.         0.         0.64       0.40788717
  0.         0.         0.         0.         0.         0.
  0.         0.256      0.256      0.         0.         0.
  0.         0.         0.         0.         0.         0.
  0.64       0.64       0.         0.         0.         0.
  0.         0.         0.         0.         0.         0.06102698
  0.256      0.         0.         0.         0.         0.
  0.        ]]"
"[[0.         0.         0.         0.         0.         0.
  0.         0.         0.         0.         0.         0.
  0.         0.         0.         0.256      0.         0.09014012
  0.         0.         0.         0.         0.         0.
  0.         0.         0.256      0.256      0.         0.
  0.256      0.         0.         0.         0.         0.
  0.         0.         0.         0.256      0.         0.
  0.         0.256      0.         0.         0.         0.
  0.         0.         0.256      0.         0.         0.
  0.         0.64       0.         0.         0.         0.
  0.64       0.34253503 0.256      0.         0.         0.
  0.         0.         0.         0.         0.         0.64
  0.         0.         0.256      0.         0.         0.
  0.         0.         0.         0.         0.         0.
  0.         0.         0.         0.         0.         0.
  0.         0.64       0.         0.         0.         0.
  0.         0.         0.64       0.         0.         0.
  0.         0.09551002 0.         0.         0.64       0.
  0.         0.         0.         0.09551002 0.04868355 0.
  0.04868355 0.         0.         0.06248139 0.         0.06248139
  0.         0.         0.         0.         0.         0.64
  0.         0.256      0.         0.         0.         0.
  0.         0.         0.         0.         0.         0.64
  0.8        0.         0.         0.         0.         0.
  0.64       0.         0.         0.256      0.         0.
  0.         0.09014012 0.         0.         0.         0.09551002
  0.256      0.         0.         0.64       0.         0.
  0.         0.         0.04868355 0.         0.         0.
  0.256      0.         0.09014012 0.256      0.         0.
  0.         0.         0.         0.         0.         0.
  0.         0.8        0.         0.         0.         0.
  0.72       0.         0.256      0.         0.         0.
  0.         0.         0.256      0.         0.         0.
  0.64       0.         0.         0.         0.         0.64
  0.         0.         0.         0.         0.         0.
  0.         0.         0.         0.         0.         0.
  0.64       0.         0.         0.09551002 0.         0.
  0.         0.8        0.09551002 0.32       0.         0.
  0.64       0.         0.         0.         0.         0.
  0.         0.64       1.         0.         0.         0.256
  0.         0.256      0.         0.8        0.09551002 0.
  0.         0.         0.         0.         0.         0.24338004
  0.         0.256      0.         0.         0.         0.34253503
  0.64       0.         0.         0.256      0.03183667 0.
  0.         0.         0.         0.256      0.256      0.
  0.         0.         0.         0.         0.         0.
  0.         0.         0.         0.         0.         0.
  0.         0.         0.64       0.         0.         0.64
  0.256      0.09551002 0.         0.         0.         0.64
  0.         0.         0.         0.         0.         0.
  0.256      0.         0.         0.         0.         0.02645056
  0.         0.03295268 0.         0.         0.         0.
  0.         0.         0.256      0.         0.64       0.256
  0.         0.         0.256      0.05392717 0.256      0.
  0.         0.         0.256      0.         0.         0.
  0.         0.         0.8        0.         0.         0.
  0.8        0.         0.         0.09551002 0.8        0.
  0.         0.09551002 0.         0.         0.         0.
  0.04868355 0.         0.         0.         0.64       0.64
  0.256      0.         0.8        0.         0.8        0.256
  0.64       0.         0.         0.         0.         0.09551002
  0.8        0.         0.         0.         0.         0.64
  0.         0.         0.64       0.256      0.64       0.8
  0.         0.         0.8        0.09551002 0.         0.09551002
  0.         0.         0.64       0.         0.04408427 0.
  0.09551002 0.         0.03295268 0.03295268 0.         0.
  0.         0.         0.         0.256      0.         0.
  0.         0.         0.36507006 0.         0.09551002 0.
  0.         0.         0.         0.         0.         0.
  0.         0.256      0.         0.09551002 0.09551002 0.
  0.         0.256      0.         0.         0.         0.
  0.         0.         0.         0.         0.8        0.40788717
  0.         0.         0.         0.         0.         0.
  0.         0.256      0.256      0.         0.         0.
  0.         0.         0.         0.         0.         0.
  0.64       0.8        0.         0.         0.         0.
  0.         0.         0.         0.         0.         0.06102698
  0.256      0.         0.         0.         0.         0.
  0.        ]]"
"[[0.         0.         0.         0.         0.         0.
  0.         0.         0.         0.         0.         0.
  0.         0.         0.         0.         0.         0.
  0.         0.         0.         0.         0.         0.
  0.         0.128      0.         0.         0.         0.
  0.         0.         0.29866667 0.         0.         0.
  0.         0.         0.         0.         0.         0.
  0.         0.         0.         0.         0.         0.
  0.         0.         0.         0.256      0.         0.
  0.         0.         0.         0.8        0.         0.
  0.         0.         0.         0.2048     0.64       0.
  0.         0.         0.         0.         0.29866667 0.
  0.256      0.         0.         0.256      0.         0.
  0.64       0.         0.         0.         0.         0.
  0.8        0.64       0.         0.         0.         0.
  0.         0.         0.         0.         0.         0.64
  0.         0.256      0.         0.         0.         0.
  0.         0.         0.         0.8        0.         0.
  0.         0.         0.         0.         0.         0.
  0.         0.64       0.         0.         0.         0.
  0.         0.         0.         0.         0.         0.
  0.         0.         0.         0.128      0.         0.
  0.         0.         0.         0.         0.         0.
  0.         0.         0.         0.         0.         0.
  0.         0.         0.         0.         0.         0.
  0.         0.         0.         0.         0.         0.
  0.         0.         0.         0.         0.         0.
  0.         0.         0.         0.         0.         0.
  0.         0.         0.         0.         0.         0.
  0.         0.         0.         0.         0.8        0.
  0.         0.         0.         0.         0.         0.
  0.         0.         0.         0.         0.         0.
  0.         0.8        0.         0.         0.         0.
  0.         0.128      0.         0.         0.         0.
  0.         0.2048     0.         0.         0.         0.
  0.         0.         0.         0.64       0.         0.
  0.         0.04266667 0.         0.         0.         0.
  0.         0.         0.         0.         0.         0.
  0.         0.         0.2048     0.         0.         0.04266667
  0.         0.         0.         1.         0.         0.
  0.         0.         0.         0.         0.         0.
  0.         0.         0.         0.         0.         0.
  0.         0.         0.         0.         0.         0.
  0.         0.         0.         0.         0.         0.
  0.         0.         0.         0.         0.         0.8
  0.         0.         0.         0.         0.2048     0.
  0.         0.         0.         0.64       0.         0.
  0.         0.         0.         0.         0.         0.
  0.         0.         0.8        0.         0.         0.
  0.04266667 0.         0.         0.         0.         0.29866667
  0.         0.         0.         0.8        0.         0.
  0.         0.         0.         0.         0.8        0.
  0.         0.         0.         0.         0.         0.
  0.         0.         0.         0.         0.         0.
  0.         0.         0.         0.         0.29866667 0.
  0.         0.         0.         0.         0.04266667 0.
  0.         0.         0.         0.         0.         0.
  0.         0.         0.         0.256      0.         0.
  0.         0.         0.         0.         0.         0.
  0.         0.         0.         0.         0.         0.
  0.         0.         0.8        0.         0.256      0.
  0.         0.         0.8        0.         0.         0.
  0.         0.         0.         0.         0.         0.
  0.         0.         0.         0.         0.         0.
  0.         0.256      0.         0.2048     0.         0.
  0.         0.         0.         0.         0.         0.8
  0.         0.         0.         0.         0.         0.
  0.         0.         0.         0.2048     0.         0.8
  0.         0.         0.         0.         0.         0.
  0.         0.         0.         0.         0.         0.
  0.         0.         0.         0.         0.         0.
  0.         0.         0.         0.64       0.         0.
  0.         0.         0.         0.8        0.         0.
  0.         0.         0.         0.         0.         0.
  0.8        0.8        0.         0.         0.         0.
  0.         0.         0.         0.         0.         0.
  0.         0.         0.         0.         0.8        0.
  0.         0.8        0.2048     0.256      0.         0.
  0.        ]]"
"[[0.  0.  0.  0.  0.  0.  0.  0.  0.  0.  0.  0.  0.  0.  0.  0.  0.  0.
  0.  0.  0.  0.  0.  0.  0.  0.  0.  0.  0.  0.  0.  0.  0.  0.  0.  0.
  0.  0.  0.  0.  0.  0.  0.  0.  0.  0.  0.  0.  0.  0.  0.  0.  0.  0.
  0.  0.  0.  0.  0.  0.  0.  0.  0.  0.  0.  0.  0.  0.8 0.  0.  0.  0.
  0.  0.  0.  0.  0.  0.  0.  0.  0.  0.  0.  0.  0.  0.  0.  0.  0.  0.
  0.  0.  0.  0.  0.  0.  0.  0.  0.  0.  0.  0.  0.  0.  0.  0.  0.  0.
  0.  0.  0.  0.  0.  0.  0.  0.  0.  0.  0.8 0.  0.  0.  0.  0.  0.  0.
  0.  0.  0.  0.  0.  0.  0.  0.  0.  0.  0.8 0.  0.  0.  0.  0.  0.  0.
  0.  0.  0.  0.  0.  0.  0.  0.  0.  0.  0.  0.  0.  0.  0.  0.  0.  0.
  0.  0.  0.  0.  0.  0.  0.  0.  0.  0.  0.  0.  0.  0.  0.  0.  0.  0.
  0.  0.  0.  0.  0.  0.  0.  0.  0.  0.  0.  0.  0.  0.  0.  0.8 0.  0.
  0.  0.  0.  0.  0.  0.  0.  0.  0.  0.  0.  0.  0.  0.  0.  0.  0.  0.
  0.  0.  0.  0.  0.  0.  0.  0.  0.  0.  0.8 0.  0.  0.  0.  0.  0.  0.
  0.  0.  0.  0.  1.  0.  0.8 0.  0.  0.  0.  0.  0.  0.  0.  0.  0.  0.
  0.  0.  0.  0.8 0.  0.  0.  0.  0.8 0.  0.  0.  0.  0.  0.  0.  0.  0.
  0.8 0.  0.  0.  0.  0.  0.  0.  0.  0.  0.  0.  0.  0.  0.  0.  0.  0.
  0.  0.  0.  0.  0.  0.  0.  0.  0.8 0.  0.  0.  0.  0.  0.  0.  0.  0.
  0.  0.  0.  0.  0.  0.  0.  0.  0.  0.  0.  0.  0.  0.  0.  0.  0.  0.
  0.  0.  0.  0.  0.  0.  0.  0.  0.  0.8 0.  0.  0.  0.  0.  0.  0.  0.
  0.  0.  0.8 0.  0.  0.  0.  0.  0.  0.  0.  0.  0.  0.  0.  0.  0.  0.
  0.  0.  0.  0.  0.  0.  0.  0.  0.  0.  0.  0.  0.  0.  0.  0.  0.  0.
  0.  0.  0.  0.  0.8 0.  0.  0.  0.  0.  0.  0.  0.  0.  0.  0.  0.  0.
  0.  0.  0.8 0.  0.  0.  0.  0.8 0.  0.  0.  0.  0.  0.  0.  0.  0.  0.
  0.  0.  0.  0.  0.  0.  0.  0.  0.  0.  0.  0.  0.  0.  0.  0.  0.  0.
  0.  0.  0.  0.  0.  0.  0.  0.  0.  0.  0.  0.  0.  0.  0.  0.  0.  0.
  0.  0.  0.  0.  0.  0.  0.  0.  0.  0.  0.  0.  0.  0.  0.  0.  0.  0.
  0. ]]"
"[[0.         0.         0.         0.         0.         0.
  0.         0.         0.         0.         0.         0.
  0.         0.         0.         0.64       0.         0.08533333
  0.         0.         0.         0.         0.         0.
  0.         0.         0.64       0.64       0.         0.
  0.8        0.         0.         0.         0.         0.
  0.         0.         0.         0.64       0.         0.
  0.         0.64       0.         0.         0.         0.
  0.         0.         0.8        0.         0.         0.
  0.         0.256      0.         0.         0.         0.
  0.256      0.128      0.64       0.         0.         0.
  0.         0.         0.         0.         0.         0.256
  0.         0.         0.64       0.         0.         0.
  0.         0.         0.         0.         0.         0.
  0.         0.         0.         0.         0.         0.
  0.         0.256      0.         0.         0.         0.
  0.         0.         0.256      0.         0.         0.
  0.         0.192      0.         0.         0.256      0.
  0.         0.         0.         0.21333333 0.07893333 0.
  0.07893333 0.         0.         0.128      0.         0.128
  0.         0.         0.         0.         0.         0.256
  0.         0.8        0.         0.         0.         0.
  0.         0.         0.         0.         0.         0.256
  0.256      0.         0.         0.         0.         0.
  0.256      0.         0.         0.64       0.         0.
  0.         0.08533333 0.         0.         0.         0.21333333
  0.8        0.         0.         0.256      0.         0.
  0.         0.         0.07893333 0.         0.         0.
  0.64       0.         0.08533333 0.64       0.         0.
  0.         0.         0.         0.         0.         0.
  0.         0.256      0.         0.         0.         0.
  0.256      0.         0.64       0.         0.         0.
  0.         0.         0.8        0.         0.         0.
  0.256      0.         0.         0.         0.         0.256
  0.         0.         0.         0.         0.         0.
  0.         0.         0.         0.         0.         0.
  0.256      0.         0.         0.21333333 0.         0.
  0.         0.256      0.17066667 0.128      0.         0.
  0.256      0.         0.         0.         0.         0.
  0.         0.256      0.256      0.         0.         1.
  0.         0.64       0.         0.256      0.17066667 0.
  0.         0.         0.         0.         0.         0.11377778
  0.         0.64       0.         0.         0.         0.128
  0.256      0.         0.         0.64       0.05688889 0.
  0.         0.         0.         0.64       0.8        0.
  0.         0.         0.         0.         0.         0.
  0.         0.         0.         0.         0.         0.
  0.         0.         0.256      0.         0.         0.256
  0.8        0.18488889 0.         0.         0.         0.256
  0.         0.         0.         0.         0.         0.
  0.8        0.         0.         0.         0.         0.03754667
  0.         0.03413333 0.         0.         0.         0.
  0.         0.         0.64       0.         0.256      0.64
  0.         0.         0.8        0.09386667 0.8        0.
  0.         0.         0.64       0.         0.         0.
  0.         0.         0.256      0.         0.         0.
  0.256      0.         0.         0.21333333 0.256      0.
  0.         0.21333333 0.         0.         0.         0.
  0.07893333 0.         0.         0.         0.256      0.256
  0.64       0.         0.256      0.         0.256      0.64
  0.256      0.         0.         0.         0.         0.21333333
  0.256      0.         0.         0.         0.         0.256
  0.         0.         0.256      0.64       0.256      0.256
  0.         0.         0.256      0.21333333 0.         0.192
  0.         0.         0.256      0.         0.06257778 0.
  0.21333333 0.         0.03413333 0.03413333 0.         0.
  0.         0.         0.         0.72       0.         0.
  0.         0.         0.17066667 0.         0.192      0.
  0.         0.         0.         0.         0.         0.
  0.         0.8        0.         0.21333333 0.17066667 0.
  0.         0.64       0.         0.         0.         0.
  0.         0.         0.         0.         0.256      0.15847619
  0.         0.         0.         0.         0.         0.
  0.         0.64       0.64       0.         0.         0.
  0.         0.         0.         0.         0.         0.
  0.256      0.256      0.         0.         0.         0.
  0.         0.         0.         0.         0.         0.1152
  0.8        0.         0.         0.         0.         0.
  0.        ]]"
"[[0.  0.  0.  0.  0.  0.  0.  0.  0.  0.  0.  0.  0.  0.  0.  0.  0.  0.
  0.  0.  0.  0.  0.  0.  0.  0.  0.  0.  0.  0.  0.  0.  0.  0.  0.  0.
  0.  0.  0.  0.  0.  0.  0.  0.  0.  0.  0.  0.  0.  0.  0.  0.  0.  0.
  0.  0.  0.  0.  0.  0.  0.  0.  0.  0.  0.  0.  0.  0.8 0.  0.  0.  0.
  0.  0.  0.  0.  0.  0.  0.  0.  0.  0.  0.  0.  0.  0.  0.  0.  0.  0.
  0.  0.  0.  0.  0.  0.  0.  0.  0.  0.  0.  0.  0.  0.  0.  0.  0.  0.
  0.  0.  0.  0.  0.  0.  0.  0.  0.  0.  0.8 0.  0.  0.  0.  0.  0.  0.
  0.  0.  0.  0.  0.  0.  0.  0.  0.  0.  0.8 0.  0.  0.  0.  0.  0.  0.
  0.  0.  0.  0.  0.  0.  0.  0.  0.  0.  0.  0.  0.  0.  0.  0.  0.  0.
  0.  0.  0.  0.  0.  0.  0.  0.  0.  0.  0.  0.  0.  0.  0.  0.  0.  0.
  0.  0.  0.  0.  0.  0.  0.  0.  0.  0.  0.  0.  0.  0.  0.  0.8 0.  0.
  0.  0.  0.  0.  0.  0.  0.  0.  0.  0.  0.  0.  0.  0.  0.  0.  0.  0.
  0.  0.  0.  0.  0.  0.  0.  0.  0.  0.  0.8 0.  0.  0.  0.  0.  0.  0.
  0.  0.  0.  0.  0.8 0.  1.  0.  0.  0.  0.  0.  0.  0.  0.  0.  0.  0.
  0.  0.  0.  0.8 0.  0.  0.  0.  0.8 0.  0.  0.  0.  0.  0.  0.  0.  0.
  0.8 0.  0.  0.  0.  0.  0.  0.  0.  0.  0.  0.  0.  0.  0.  0.  0.  0.
  0.  0.  0.  0.  0.  0.  0.  0.  0.8 0.  0.  0.  0.  0.  0.  0.  0.  0.
  0.  0.  0.  0.  0.  0.  0.  0.  0.  0.  0.  0.  0.  0.  0.  0.  0.  0.
  0.  0.  0.  0.  0.  0.  0.  0.  0.  0.8 0.  0.  0.  0.  0.  0.  0.  0.
  0.  0.  0.8 0.  0.  0.  0.  0.  0.  0.  0.  0.  0.  0.  0.  0.  0.  0.
  0.  0.  0.  0.  0.  0.  0.  0.  0.  0.  0.  0.  0.  0.  0.  0.  0.  0.
  0.  0.  0.  0.  0.8 0.  0.  0.  0.  0.  0.  0.  0.  0.  0.  0.  0.  0.
  0.  0.  0.8 0.  0.  0.  0.  0.8 0.  0.  0.  0.  0.  0.  0.  0.  0.  0.
  0.  0.  0.  0.  0.  0.  0.  0.  0.  0.  0.  0.  0.  0.  0.  0.  0.  0.
  0.  0.  0.  0.  0.  0.  0.  0.  0.  0.  0.  0.  0.  0.  0.  0.  0.  0.
  0.  0.  0.  0.  0.  0.  0.  0.  0.  0.  0.  0.  0.  0.  0.  0.  0.  0.
  0. ]]"
"[[0.         0.         0.         0.         0.         0.
  0.         0.         0.         0.         0.         0.
  0.         0.         0.         0.8        0.         0.08533333
  0.         0.         0.         0.         0.         0.
  0.         0.         0.8        0.8        0.         0.
  0.64       0.         0.         0.         0.         0.
  0.         0.         0.         0.8        0.         0.
  0.         0.8        0.         0.         0.         0.
  0.         0.         0.64       0.         0.         0.
  0.         0.256      0.         0.         0.         0.
  0.256      0.128      0.8        0.         0.         0.
  0.         0.         0.         0.         0.         0.256
  0.         0.         0.8        0.         0.         0.
  0.         0.         0.         0.         0.         0.
  0.         0.         0.         0.         0.         0.
  0.         0.256      0.         0.         0.         0.
  0.         0.         0.256      0.         0.         0.
  0.         0.192      0.         0.         0.256      0.
  0.         0.         0.         0.21333333 0.07893333 0.
  0.07893333 0.         0.         0.128      0.         0.128
  0.         0.         0.         0.         0.         0.256
  0.         0.64       0.         0.         0.         0.
  0.         0.         0.         0.         0.         0.256
  0.256      0.         0.         0.         0.         0.
  0.256      0.         0.         0.8        0.         0.
  0.         0.08533333 0.         0.         0.         0.21333333
  0.64       0.         0.         0.256      0.         0.
  0.         0.         0.07893333 0.         0.         0.
  0.8        0.         0.08533333 0.8        0.         0.
  0.         0.         0.         0.         0.         0.
  0.         0.256      0.         0.         0.         0.
  0.256      0.         0.8        0.         0.         0.
  0.         0.         0.64       0.         0.         0.
  0.256      0.         0.         0.         0.         0.256
  0.         0.         0.         0.         0.         0.
  0.         0.         0.         0.         0.         0.
  0.256      0.         0.         0.21333333 0.         0.
  0.         0.256      0.17066667 0.128      0.         0.
  0.256      0.         0.         0.         0.         0.
  0.         0.256      0.256      0.         0.         0.64
  0.         1.         0.         0.256      0.17066667 0.
  0.         0.         0.         0.         0.         0.11377778
  0.         0.8        0.         0.         0.         0.128
  0.256      0.         0.         0.8        0.05688889 0.
  0.         0.         0.         0.8        0.64       0.
  0.         0.         0.         0.         0.         0.
  0.         0.         0.         0.         0.         0.
  0.         0.         0.256      0.         0.         0.256
  0.64       0.18488889 0.         0.         0.         0.256
  0.         0.         0.         0.         0.         0.
  0.64       0.         0.         0.         0.         0.03754667
  0.         0.03413333 0.         0.         0.         0.
  0.         0.         0.8        0.         0.256      0.8
  0.         0.         0.64       0.09386667 0.64       0.
  0.         0.         0.8        0.         0.         0.
  0.         0.         0.256      0.         0.         0.
  0.256      0.         0.         0.21333333 0.256      0.
  0.         0.21333333 0.         0.         0.         0.
  0.07893333 0.         0.         0.         0.256      0.256
  0.8        0.         0.256      0.         0.256      0.8
  0.256      0.         0.         0.         0.         0.21333333
  0.256      0.         0.         0.         0.         0.256
  0.         0.         0.256      0.8        0.256      0.256
  0.         0.         0.256      0.21333333 0.         0.192
  0.         0.         0.256      0.         0.06257778 0.
  0.21333333 0.         0.03413333 0.03413333 0.         0.
  0.         0.         0.         0.72       0.         0.
  0.         0.         0.17066667 0.         0.192      0.
  0.         0.         0.         0.         0.         0.
  0.         0.64       0.         0.21333333 0.17066667 0.
  0.         0.8        0.         0.         0.         0.
  0.         0.         0.         0.         0.256      0.15847619
  0.         0.         0.         0.         0.         0.
  0.         0.8        0.8        0.         0.         0.
  0.         0.         0.         0.         0.         0.
  0.256      0.256      0.         0.         0.         0.
  0.         0.         0.         0.         0.         0.1152
  0.64       0.         0.         0.         0.         0.
  0.        ]]"
"[[0.         0.         0.         0.         0.         0.2
  0.         0.         0.         0.         0.2        0.
  0.         0.2        0.         0.         0.         0.
  0.06428085 0.         0.         0.06428085 0.         0.
  0.         0.         0.         0.         0.06571224 0.
  0.         0.06159247 0.         0.         0.         0.
  0.         0.06428085 0.         0.         0.06428085 0.
  0.         0.         0.19320392 0.         0.         0.
  0.         0.         0.         0.         0.         0.
  0.         0.         0.         0.         0.17985436 0.
  0.         0.         0.         0.         0.         0.06428085
  0.         0.         0.         0.         0.         0.
  0.         0.         0.         0.         0.         0.
  0.         0.         0.06428085 0.06428085 0.24684162 0.
  0.         0.         0.         0.07503591 0.         0.06428085
  0.         0.         0.         0.         0.         0.
  0.06428085 0.         0.         0.06428085 0.         0.
  0.         0.         0.         0.         0.         0.
  0.06428085 0.06428085 0.         0.         0.         0.
  0.         0.         0.         0.         0.         0.
  0.         0.         0.15185415 0.         0.         0.
  0.         0.         0.         0.         0.06428085 0.
  0.         0.         0.         0.         0.         0.
  0.         0.         0.         0.12624807 0.06428085 0.
  0.         0.         0.         0.         0.         0.
  0.         0.         0.         0.         0.         0.
  0.         0.         0.         0.         0.         0.06428085
  0.         0.         0.         0.         0.         0.06428085
  0.         0.         0.         0.         0.         0.
  0.         0.06428085 0.         0.         0.         0.
  0.         0.         0.         0.         0.         0.19320392
  0.         0.         0.         0.21070598 0.         0.
  0.         0.         0.         0.         0.         0.
  0.         0.         0.         0.         0.         0.
  0.06428085 0.         0.         0.         0.06428085 0.06428085
  0.         0.         0.         0.         0.         0.
  0.         0.         0.         0.         0.         0.
  0.         0.         0.         0.         0.         0.
  0.         0.         0.         0.         0.         0.
  0.         0.         0.         0.         0.         0.
  0.         0.         1.         0.         0.         0.
  0.06428085 0.         0.         0.         0.06428085 0.
  0.         0.         0.10732422 0.         0.11808699 0.
  0.         0.         0.         0.         0.         0.
  0.         0.         0.         0.         0.         0.
  0.         0.         0.         0.         0.         0.
  0.         0.         0.         0.         0.         0.
  0.         0.         0.         0.         0.         0.
  0.         0.         0.         0.         0.06428085 0.
  0.         0.         0.         0.         0.         0.
  0.         0.         0.06428085 0.         0.12527633 0.
  0.06428085 0.         0.         0.         0.         0.
  0.         0.         0.         0.         0.         0.
  0.         0.         0.         0.         0.         0.
  0.         0.         0.         0.         0.         0.
  0.06571224 0.06428085 0.         0.         0.         0.
  0.         0.06428085 0.06428085 0.         0.         0.
  0.         0.         0.         0.         0.         0.
  0.         0.         0.06428085 0.         0.         0.
  0.         0.06428085 0.         0.         0.         0.
  0.         0.         0.         0.06428085 0.         0.
  0.         0.         0.         0.         0.         0.
  0.         0.         0.         0.         0.         0.
  0.18911716 0.         0.         0.         0.         0.
  0.         0.         0.         0.         0.         0.
  0.         0.06428085 0.         0.         0.         0.
  0.21284718 0.         0.         0.         0.06428085 0.06428085
  0.         0.         0.         0.         0.         0.
  0.         0.         0.         0.         0.         0.
  0.         0.         0.06428085 0.         0.         0.
  0.         0.         0.06159247 0.         0.         0.06428085
  0.         0.         0.06428085 0.         0.         0.
  0.         0.         0.17537251 0.         0.06428085 0.
  0.         0.         0.         0.         0.17537251 0.
  0.         0.         0.         0.24       0.         0.
  0.         0.         0.         0.         0.         0.
  0.         0.19207124 0.         0.06428085 0.         0.
  0.         0.         0.         0.         0.1718543  0.
  0.        ]]"
"[[0.         0.         0.         0.         0.         0.
  0.         0.         0.         0.         0.         0.
  0.         0.         0.         0.256      0.         0.09014012
  0.         0.         0.         0.         0.         0.
  0.         0.         0.256      0.256      0.         0.
  0.256      0.         0.         0.         0.         0.
  0.         0.         0.         0.256      0.         0.
  0.         0.256      0.         0.         0.         0.
  0.         0.         0.256      0.         0.         0.
  0.         0.64       0.         0.         0.         0.
  0.64       0.34253503 0.256      0.         0.         0.
  0.         0.         0.         0.         0.         0.64
  0.         0.         0.256      0.         0.         0.
  0.         0.         0.         0.         0.         0.
  0.         0.         0.         0.         0.         0.
  0.         0.64       0.         0.         0.         0.
  0.         0.         0.64       0.         0.         0.
  0.         0.09551002 0.         0.         0.64       0.
  0.         0.         0.         0.09551002 0.04868355 0.
  0.04868355 0.         0.         0.06248139 0.         0.06248139
  0.         0.         0.         0.         0.         0.64
  0.         0.256      0.         0.         0.         0.
  0.         0.         0.         0.         0.         0.64
  0.8        0.         0.         0.         0.         0.
  0.64       0.         0.         0.256      0.         0.
  0.         0.09014012 0.         0.         0.         0.09551002
  0.256      0.         0.         0.64       0.         0.
  0.         0.         0.04868355 0.         0.         0.
  0.256      0.         0.09014012 0.256      0.         0.
  0.         0.         0.         0.         0.         0.
  0.         0.8        0.         0.         0.         0.
  0.72       0.         0.256      0.         0.         0.
  0.         0.         0.256      0.         0.         0.
  0.64       0.         0.         0.         0.         0.64
  0.         0.         0.         0.         0.         0.
  0.         0.         0.         0.         0.         0.
  0.64       0.         0.         0.09551002 0.         0.
  0.         0.8        0.09551002 0.32       0.         0.
  0.64       0.         0.         0.         0.         0.
  0.         0.64       0.8        0.         0.         0.256
  0.         0.256      0.         1.         0.09551002 0.
  0.         0.         0.         0.         0.         0.24338004
  0.         0.256      0.         0.         0.         0.34253503
  0.64       0.         0.         0.256      0.03183667 0.
  0.         0.         0.         0.256      0.256      0.
  0.         0.         0.         0.         0.         0.
  0.         0.         0.         0.         0.         0.
  0.         0.         0.64       0.         0.         0.64
  0.256      0.09551002 0.         0.         0.         0.64
  0.         0.         0.         0.         0.         0.
  0.256      0.         0.         0.         0.         0.02645056
  0.         0.03295268 0.         0.         0.         0.
  0.         0.         0.256      0.         0.64       0.256
  0.         0.         0.256      0.05392717 0.256      0.
  0.         0.         0.256      0.         0.         0.
  0.         0.         0.8        0.         0.         0.
  0.8        0.         0.         0.09551002 0.8        0.
  0.         0.09551002 0.         0.         0.         0.
  0.04868355 0.         0.         0.         0.64       0.64
  0.256      0.         0.8        0.         0.8        0.256
  0.64       0.         0.         0.         0.         0.09551002
  0.8        0.         0.         0.         0.         0.64
  0.         0.         0.64       0.256      0.64       0.8
  0.         0.         0.8        0.09551002 0.         0.09551002
  0.         0.         0.64       0.         0.04408427 0.
  0.09551002 0.         0.03295268 0.03295268 0.         0.
  0.         0.         0.         0.256      0.         0.
  0.         0.         0.36507006 0.         0.09551002 0.
  0.         0.         0.         0.         0.         0.
  0.         0.256      0.         0.09551002 0.09551002 0.
  0.         0.256      0.         0.         0.         0.
  0.         0.         0.         0.         0.8        0.40788717
  0.         0.         0.         0.         0.         0.
  0.         0.256      0.256      0.         0.         0.
  0.         0.         0.         0.         0.         0.
  0.64       0.8        0.         0.         0.         0.
  0.         0.         0.         0.         0.         0.06102698
  0.256      0.         0.         0.         0.         0.
  0.        ]]"
"[[0.         0.         0.         0.         0.         0.
  0.         0.         0.         0.         0.         0.
  0.         0.         0.         0.17066667 0.         0.07261868
  0.         0.         0.         0.         0.         0.
  0.         0.         0.17066667 0.17066667 0.         0.03820401
  0.17066667 0.         0.         0.         0.         0.
  0.         0.         0.         0.17066667 0.         0.
  0.         0.17066667 0.         0.         0.         0.
  0.         0.         0.17066667 0.         0.         0.
  0.         0.09551002 0.         0.         0.         0.
  0.09551002 0.06664854 0.17066667 0.         0.         0.
  0.         0.         0.         0.         0.         0.09551002
  0.         0.         0.17066667 0.         0.         0.
  0.         0.         0.         0.         0.         0.
  0.         0.         0.         0.         0.         0.
  0.         0.09551002 0.         0.         0.         0.
  0.         0.         0.09551002 0.         0.         0.
  0.         0.35878689 0.03820401 0.         0.09551002 0.
  0.         0.         0.         0.07757377 0.05797481 0.
  0.05797481 0.         0.         0.05168383 0.         0.05168383
  0.         0.         0.         0.         0.         0.09551002
  0.         0.17066667 0.         0.         0.         0.
  0.         0.         0.         0.         0.         0.09551002
  0.09551002 0.         0.         0.         0.         0.
  0.09551002 0.         0.         0.17066667 0.         0.
  0.         0.07261868 0.         0.         0.         0.07757377
  0.17066667 0.         0.         0.09551002 0.         0.
  0.         0.         0.05797481 0.         0.         0.
  0.17066667 0.         0.07261868 0.17066667 0.         0.
  0.         0.         0.         0.         0.         0.
  0.         0.09551002 0.         0.         0.         0.
  0.09551002 0.         0.17066667 0.         0.         0.
  0.         0.         0.17066667 0.         0.         0.
  0.09551002 0.         0.         0.         0.         0.09551002
  0.         0.         0.         0.         0.         0.
  0.         0.         0.         0.         0.         0.
  0.09551002 0.         0.         0.07757377 0.03820401 0.
  0.         0.09551002 0.8        0.04775501 0.         0.
  0.09551002 0.         0.         0.         0.         0.
  0.         0.09551002 0.09551002 0.         0.         0.17066667
  0.         0.17066667 0.         0.09551002 1.         0.
  0.         0.         0.         0.         0.         0.0560429
  0.         0.17066667 0.         0.         0.         0.06664854
  0.09551002 0.         0.         0.17066667 0.21333333 0.
  0.         0.         0.         0.17066667 0.17066667 0.
  0.         0.         0.         0.         0.         0.
  0.         0.         0.         0.         0.         0.
  0.         0.         0.09551002 0.         0.         0.09551002
  0.17066667 0.50585792 0.         0.         0.         0.09551002
  0.         0.         0.         0.         0.         0.
  0.17066667 0.         0.         0.         0.         0.03604308
  0.         0.04715967 0.         0.         0.         0.
  0.         0.         0.17066667 0.         0.09551002 0.17066667
  0.         0.         0.17066667 0.06157985 0.17066667 0.
  0.         0.         0.17066667 0.         0.         0.
  0.         0.         0.09551002 0.         0.         0.
  0.09551002 0.         0.         0.07757377 0.09551002 0.
  0.         0.07757377 0.         0.         0.         0.
  0.05797481 0.         0.         0.         0.09551002 0.09551002
  0.17066667 0.         0.09551002 0.         0.09551002 0.17066667
  0.09551002 0.         0.         0.         0.         0.07757377
  0.09551002 0.         0.         0.         0.         0.09551002
  0.         0.         0.09551002 0.17066667 0.09551002 0.09551002
  0.         0.         0.09551002 0.07757377 0.         0.43878689
  0.         0.         0.09551002 0.         0.0600718  0.
  0.07757377 0.         0.04715967 0.04715967 0.03820401 0.
  0.         0.         0.         0.17066667 0.         0.
  0.         0.         0.08406435 0.         0.43878689 0.
  0.         0.         0.         0.         0.         0.
  0.         0.17066667 0.         0.07757377 0.8        0.
  0.         0.17066667 0.         0.         0.         0.
  0.         0.         0.         0.         0.09551002 0.07580712
  0.         0.         0.         0.         0.         0.
  0.         0.17066667 0.17066667 0.         0.         0.
  0.         0.         0.         0.         0.         0.
  0.09551002 0.09551002 0.         0.         0.         0.
  0.         0.         0.         0.         0.         0.06380935
  0.17066667 0.         0.         0.         0.         0.
  0.        ]]"
"[[0.         0.         0.         0.         0.         0.
  0.         0.         0.         0.         0.         0.
  0.         0.         0.35958374 0.         0.33926714 0.
  0.         0.         0.         0.         0.         0.29710884
  0.         0.         0.         0.         0.         0.
  0.         0.         0.         0.         0.17208581 0.17063393
  0.30559631 0.         0.         0.         0.         0.
  0.         0.         0.         0.         0.28599258 0.35958374
  0.23811512 0.35958374 0.         0.         0.17208581 0.40797885
  0.17063393 0.         0.19636338 0.         0.         0.24101567
  0.         0.         0.         0.         0.         0.
  0.35958374 0.         0.         0.         0.         0.
  0.         0.30559631 0.         0.         0.30559631 0.8
  0.         0.40797885 0.         0.         0.         0.26510884
  0.         0.         0.27860466 0.         0.         0.
  0.         0.         0.         0.30559631 0.         0.
  0.         0.         0.         0.         0.35958374 0.17063393
  0.22370217 0.         0.         0.         0.         0.
  0.         0.         0.30559631 0.         0.         0.30559631
  0.         0.         0.28599258 0.         0.         0.
  0.23995    0.35958374 0.         0.30559631 0.         0.
  0.17635228 0.         0.19455173 0.         0.         0.27555071
  0.20424631 0.17635228 0.         0.         0.         0.
  0.         0.28345615 0.26595026 0.         0.         0.35958374
  0.         0.17635228 0.25186727 0.         0.35958374 0.35958374
  0.         0.         0.19330586 0.30559631 0.8        0.
  0.         0.26239101 0.18258472 0.         0.         0.
  0.38371421 0.35958374 0.         0.         0.         0.
  0.         0.15372301 0.         0.         0.28535258 0.35958374
  0.30559631 0.         0.34298738 0.30559631 0.         0.21398058
  0.30559631 0.         0.45445036 0.20753212 0.30559631 0.
  0.         0.         0.         0.         0.         0.40407763
  0.26395853 0.         0.         0.         0.28599258 0.
  0.         0.         0.         0.17063393 0.         0.
  0.         0.         0.35958374 0.35958374 0.         0.
  0.20504341 0.30559631 0.35958374 0.         0.36689079 0.
  0.         0.         0.30559631 0.         0.         0.
  0.28477742 0.         0.         0.         0.         0.8
  0.         0.35958374 0.         0.17208581 0.26239101 0.
  0.17063393 0.         0.         0.         0.         0.
  0.         0.         0.         0.         0.         1.
  0.         0.2093391  0.35958374 0.26595026 0.         0.
  0.30559631 0.         0.         0.         0.         0.
  0.         0.17063393 0.         0.         0.         0.
  0.8        0.         0.35958374 0.         0.         0.
  0.         0.         0.26595026 0.35958374 0.         0.
  0.38371421 0.         0.30559631 0.         0.25383871 0.30559631
  0.17063393 0.14038758 0.         0.         0.26239101 0.
  0.         0.         0.         0.30559631 0.         0.
  0.         0.21309942 0.         0.27501933 0.         0.
  0.         0.26510884 0.         0.         0.         0.
  0.         0.         0.35958374 0.17635228 0.         0.35958374
  0.17063393 0.15844308 0.         0.17635228 0.         0.
  0.34298738 0.         0.         0.         0.         0.21384464
  0.20671603 0.         0.         0.30559631 0.         0.
  0.         0.         0.         0.         0.         0.26239101
  0.         0.         0.         0.         0.         0.31052297
  0.         0.         0.         0.         0.20180077 0.
  0.         0.         0.         0.53119551 0.         0.
  0.         0.         0.         0.26395853 0.         0.
  0.         0.         0.         0.         0.         0.
  0.         0.         0.         0.30559631 0.         0.
  0.35958374 0.35958374 0.         0.         0.         0.
  0.         0.24312856 0.         0.         0.         0.
  0.         0.         0.         0.         0.         0.35958374
  0.         0.         0.         0.         0.         0.
  0.         0.         0.         0.         0.         0.
  0.25453898 0.         0.         0.         0.         0.
  0.17635228 0.         0.21787139 0.         0.         0.19318937
  0.26595026 0.         0.         0.         0.         0.
  0.         0.         0.         0.35958374 0.28477742 0.
  0.17635228 0.29710884 0.         0.         0.         0.
  0.30559631 0.         0.         0.         0.         0.
  0.26595026 0.         0.         0.17063393 0.         0.
  0.         0.         0.         0.         0.30559631 0.23811512
  0.         0.         0.         0.30559631 0.30559631 0.
  0.30559631 0.         0.35958374 0.         0.         0.
  0.         0.         0.         0.         0.         0.
  0.        ]]"
"[[0.         0.         0.         0.         0.         0.
  0.         0.         0.         0.         0.         0.
  0.         0.         0.         0.         0.         0.
  0.8        0.         0.         0.8        0.         0.
  0.         0.         0.         0.         0.18027303 0.
  0.         0.1714402  0.         0.         0.         0.
  0.         0.8        0.         0.         0.8        0.
  0.         0.         0.08535929 0.         0.         0.
  0.         0.         0.         0.         0.         0.
  0.         0.         0.         0.         0.12027214 0.
  0.         0.         0.         0.         0.         0.8
  0.         0.         0.         0.         0.         0.
  0.         0.         0.         0.         0.         0.
  0.         0.         0.8        0.8        0.12856171 0.
  0.         0.         0.         0.16985201 0.         0.8
  0.         0.         0.         0.         0.         0.
  0.8        0.         0.         0.8        0.         0.
  0.         0.         0.         0.         0.         0.
  0.8        0.8        0.         0.         0.         0.
  0.         0.         0.         0.         0.         0.
  0.         0.         0.08526979 0.         0.         0.
  0.         0.         0.         0.         0.8        0.
  0.         0.         0.         0.         0.         0.
  0.         0.         0.         0.11346386 0.8        0.
  0.         0.         0.         0.         0.         0.
  0.         0.         0.         0.         0.         0.
  0.         0.         0.         0.         0.         0.8
  0.         0.         0.         0.         0.         0.8
  0.         0.         0.         0.         0.         0.
  0.         0.8        0.         0.         0.         0.
  0.         0.         0.         0.         0.         0.08535929
  0.         0.         0.         0.07191812 0.         0.
  0.         0.         0.         0.         0.         0.
  0.         0.         0.         0.         0.         0.
  0.8        0.         0.         0.         0.8        0.8
  0.         0.         0.         0.         0.         0.
  0.         0.         0.         0.         0.         0.
  0.         0.         0.         0.         0.         0.
  0.         0.         0.         0.         0.         0.
  0.         0.         0.         0.         0.         0.
  0.         0.         0.06428085 0.         0.         0.
  1.         0.         0.         0.         0.8        0.
  0.         0.         0.12869422 0.         0.11497495 0.
  0.         0.         0.         0.         0.         0.
  0.         0.         0.         0.         0.         0.
  0.         0.         0.         0.         0.         0.
  0.         0.         0.         0.         0.         0.
  0.         0.         0.         0.         0.         0.
  0.         0.         0.         0.         0.8        0.
  0.         0.         0.         0.         0.         0.
  0.         0.         0.8        0.         0.08719264 0.
  0.8        0.         0.         0.         0.         0.
  0.         0.         0.         0.         0.         0.
  0.         0.         0.         0.         0.         0.
  0.         0.         0.         0.         0.         0.
  0.18027303 0.8        0.         0.         0.         0.
  0.         0.8        0.8        0.         0.         0.
  0.         0.         0.         0.         0.         0.
  0.         0.         0.8        0.         0.         0.
  0.         0.8        0.         0.         0.         0.
  0.         0.         0.         0.8        0.         0.
  0.         0.         0.         0.         0.         0.
  0.         0.         0.         0.         0.         0.
  0.08297931 0.         0.         0.         0.         0.
  0.         0.         0.         0.         0.         0.
  0.         0.8        0.         0.         0.         0.
  0.08630174 0.         0.         0.         0.8        0.8
  0.         0.         0.         0.         0.         0.
  0.         0.         0.         0.         0.         0.
  0.         0.         0.8        0.         0.         0.
  0.         0.         0.1714402  0.         0.         0.8
  0.         0.         0.8        0.         0.         0.
  0.         0.         0.09648754 0.         0.8        0.
  0.         0.         0.         0.         0.09648754 0.
  0.         0.         0.         0.         0.         0.
  0.         0.         0.         0.         0.         0.
  0.         0.09958583 0.         0.8        0.         0.
  0.         0.         0.         0.         0.11027147 0.
  0.        ]]"
"[[0.         0.         0.         0.         0.         0.
  0.         0.         0.         0.         0.         0.
  0.         0.         0.23079213 0.         0.21783283 0.
  0.         0.         0.         0.         0.         0.21135318
  0.         0.         0.         0.         0.         0.
  0.         0.         0.         0.         0.39937727 0.19191423
  0.22204062 0.         0.         0.         0.         0.
  0.         0.         0.         0.         0.21962042 0.23079213
  0.20697742 0.23079213 0.         0.         0.39937727 0.2134457
  0.19191423 0.         0.19815257 0.         0.         0.21477948
  0.         0.         0.         0.         0.         0.
  0.23079213 0.         0.         0.         0.         0.
  0.         0.22204062 0.         0.         0.22204062 0.2093391
  0.         0.2134457  0.         0.         0.         0.21135318
  0.         0.         0.21491566 0.         0.         0.
  0.         0.         0.         0.22204062 0.         0.
  0.         0.         0.         0.         0.23079213 0.19191423
  0.22364305 0.         0.         0.         0.         0.
  0.         0.         0.22204062 0.         0.         0.22204062
  0.         0.         0.21962042 0.         0.         0.
  0.2143726  0.23079213 0.         0.22204062 0.         0.
  0.19340247 0.         0.28374439 0.         0.         0.2154868
  0.19541672 0.19340247 0.         0.         0.         0.
  0.         0.21975832 0.21397927 0.         0.         0.23079213
  0.         0.19340247 0.19910029 0.         0.23079213 0.23079213
  0.         0.         0.19568957 0.22204062 0.2093391  0.
  0.         0.20108995 0.19232444 0.         0.         0.
  0.21138641 0.23079213 0.         0.         0.         0.
  0.         0.18491638 0.         0.         0.21769183 0.23079213
  0.22204062 0.         0.21594104 0.22204062 0.         0.20533565
  0.22204062 0.         0.2157094  0.1951588  0.22204062 0.
  0.         0.         0.         0.         0.         0.2091091
  0.19304279 0.         0.         0.         0.21962042 0.
  0.         0.         0.         0.19191423 0.         0.
  0.         0.         0.23079213 0.23079213 0.         0.
  0.19558638 0.22204062 0.23079213 0.         0.21175682 0.
  0.         0.         0.22204062 0.         0.         0.
  0.2075417  0.         0.         0.         0.         0.2093391
  0.         0.23079213 0.         0.39937727 0.20108995 0.
  0.19191423 0.         0.         0.         0.         0.
  0.         0.         0.         0.         0.         0.2093391
  0.         1.         0.23079213 0.21397927 0.         0.
  0.22204062 0.         0.         0.         0.         0.
  0.         0.19191423 0.         0.         0.         0.
  0.2093391  0.         0.23079213 0.         0.         0.
  0.         0.         0.21397927 0.23079213 0.         0.
  0.21138641 0.         0.22204062 0.         0.2039032  0.22204062
  0.19191423 0.17413041 0.         0.         0.20108995 0.
  0.         0.         0.         0.22204062 0.         0.
  0.         0.19770531 0.         0.20542354 0.         0.
  0.         0.21135318 0.         0.         0.         0.
  0.         0.         0.23079213 0.19340247 0.         0.23079213
  0.19191423 0.1820323  0.         0.19340247 0.         0.
  0.21594104 0.         0.         0.         0.         0.1987987
  0.19835203 0.         0.         0.22204062 0.         0.
  0.         0.         0.         0.         0.         0.20108995
  0.         0.         0.         0.         0.         0.22334433
  0.         0.         0.         0.         0.19607625 0.
  0.         0.         0.         0.20521453 0.         0.
  0.         0.         0.         0.19304279 0.         0.
  0.         0.         0.         0.         0.         0.
  0.         0.         0.         0.22204062 0.         0.
  0.23079213 0.23079213 0.         0.         0.         0.
  0.         0.22761689 0.         0.         0.         0.
  0.         0.         0.         0.         0.         0.23079213
  0.         0.         0.         0.         0.         0.
  0.         0.         0.         0.         0.         0.
  0.21284105 0.         0.         0.         0.         0.
  0.19340247 0.         0.20296704 0.         0.         0.19796552
  0.21397927 0.         0.         0.         0.         0.
  0.         0.         0.         0.23079213 0.2075417  0.
  0.19340247 0.21135318 0.         0.         0.         0.
  0.22204062 0.         0.         0.         0.         0.
  0.21397927 0.         0.         0.19191423 0.         0.
  0.         0.         0.         0.         0.22204062 0.20697742
  0.         0.         0.         0.22204062 0.22204062 0.
  0.22204062 0.         0.23079213 0.         0.         0.
  0.         0.         0.         0.         0.         0.
  0.        ]]"
"[[0.         0.         0.         0.         0.         0.
  0.         0.         0.         0.         0.         0.
  0.         0.         0.8        0.         0.39229413 0.
  0.         0.         0.         0.         0.         0.33244119
  0.         0.         0.         0.         0.         0.
  0.         0.         0.         0.         0.17043872 0.15288238
  0.44519629 0.         0.         0.         0.         0.
  0.         0.         0.         0.         0.45409874 0.8
  0.29903933 0.8        0.         0.         0.17043872 0.35113562
  0.15288238 0.         0.18604718 0.         0.         0.27974558
  0.         0.         0.         0.         0.         0.
  0.64       0.         0.         0.         0.         0.
  0.         0.44519629 0.         0.         0.44519629 0.35958374
  0.         0.35113562 0.         0.         0.         0.39644119
  0.         0.         0.46602622 0.         0.         0.
  0.         0.         0.         0.44519629 0.         0.
  0.         0.         0.         0.         0.8        0.15288238
  0.27302556 0.         0.         0.         0.         0.
  0.         0.         0.44519629 0.         0.         0.44519629
  0.         0.         0.45409874 0.         0.         0.
  0.27743458 0.8        0.         0.44519629 0.         0.
  0.16524586 0.         0.20305623 0.         0.         0.42526996
  0.22394201 0.16524586 0.         0.         0.         0.
  0.         0.4415524  0.34433176 0.         0.         0.64
  0.         0.16524586 0.25945255 0.         0.8        0.8
  0.         0.         0.20029674 0.44519629 0.35958374 0.
  0.         0.21680308 0.18548975 0.         0.         0.
  0.32874686 0.8        0.         0.         0.         0.
  0.         0.14873826 0.         0.         0.45281874 0.8
  0.44519629 0.         0.36440154 0.44519629 0.         0.27181922
  0.44519629 0.         0.38411653 0.23334155 0.44519629 0.
  0.         0.         0.         0.         0.         0.31091953
  0.3418325  0.         0.         0.         0.45409874 0.
  0.         0.         0.         0.15288238 0.         0.
  0.         0.         0.8        0.64       0.         0.
  0.2284161  0.44519629 0.8        0.         0.33097328 0.
  0.         0.         0.44519629 0.         0.         0.
  0.39351439 0.         0.         0.         0.         0.35958374
  0.         0.8        0.         0.17043872 0.21680308 0.
  0.15288238 0.         0.         0.         0.         0.
  0.         0.         0.         0.         0.         0.35958374
  0.         0.23079213 1.         0.34433176 0.         0.
  0.44519629 0.         0.         0.         0.         0.
  0.         0.15288238 0.         0.         0.         0.
  0.35958374 0.         0.64       0.         0.         0.
  0.         0.         0.34433176 0.8        0.         0.
  0.32874686 0.         0.44519629 0.         0.2815388  0.44519629
  0.15288238 0.12566528 0.         0.         0.21680308 0.
  0.         0.         0.         0.44519629 0.         0.
  0.         0.25487425 0.         0.36805328 0.         0.
  0.         0.39644119 0.         0.         0.         0.
  0.         0.         0.8        0.16524586 0.         0.8
  0.15288238 0.14292334 0.         0.16524586 0.         0.
  0.36440154 0.         0.         0.         0.         0.24508734
  0.22752403 0.         0.         0.44519629 0.         0.
  0.         0.         0.         0.         0.         0.21680308
  0.         0.         0.         0.         0.         0.51606583
  0.         0.         0.         0.         0.21967129 0.
  0.         0.         0.         0.28819341 0.         0.
  0.         0.         0.         0.3418325  0.         0.
  0.         0.         0.         0.         0.         0.
  0.         0.         0.         0.44519629 0.         0.
  0.8        0.8        0.         0.         0.         0.
  0.         0.29723816 0.         0.         0.         0.
  0.         0.         0.         0.         0.         0.8
  0.         0.         0.         0.         0.         0.
  0.         0.         0.         0.         0.         0.
  0.37473012 0.         0.         0.         0.         0.
  0.16524586 0.         0.24266179 0.         0.         0.2049482
  0.34433176 0.         0.         0.         0.         0.
  0.         0.         0.         0.64       0.39351439 0.
  0.16524586 0.33244119 0.         0.         0.         0.
  0.44519629 0.         0.         0.         0.         0.
  0.34433176 0.         0.         0.15288238 0.         0.
  0.         0.         0.         0.         0.44519629 0.29903933
  0.         0.         0.         0.44519629 0.44519629 0.
  0.44519629 0.         0.8        0.         0.         0.
  0.         0.         0.         0.         0.         0.
  0.        ]]"
"[[0.         0.         0.         0.         0.         0.
  0.         0.         0.         0.         0.         0.
  0.         0.         0.34433176 0.         0.29005534 0.
  0.         0.         0.         0.         0.         0.26291713
  0.         0.         0.         0.         0.         0.
  0.         0.         0.         0.         0.18349698 0.18150249
  0.30330801 0.         0.         0.         0.         0.
  0.         0.         0.         0.         0.28244938 0.34433176
  0.24240525 0.34433176 0.         0.         0.18349698 0.26939131
  0.18150249 0.         0.19617139 0.         0.         0.24133326
  0.         0.         0.         0.         0.         0.
  0.34433176 0.         0.         0.         0.         0.
  0.         0.30330801 0.         0.         0.30330801 0.26595026
  0.         0.26939131 0.         0.         0.         0.26291713
  0.         0.         0.27638076 0.         0.         0.
  0.         0.         0.         0.30330801 0.         0.
  0.         0.         0.         0.         0.34433176 0.18150249
  0.22761531 0.         0.         0.         0.         0.
  0.         0.         0.30330801 0.         0.         0.30330801
  0.         0.         0.28244938 0.         0.         0.
  0.24020602 0.34433176 0.         0.30330801 0.         0.
  0.18237349 0.         0.19573403 0.         0.         0.27268325
  0.25544444 0.18237349 0.         0.         0.         0.
  0.         0.37078822 0.8        0.         0.         0.34433176
  0.         0.18237349 0.22240572 0.         0.34433176 0.34433176
  0.         0.         0.20236928 0.30330801 0.26595026 0.
  0.         0.20618598 0.19348379 0.         0.         0.
  0.25885709 0.34433176 0.         0.         0.         0.
  0.         0.15203277 0.         0.         0.28197886 0.34433176
  0.30330801 0.         0.27525887 0.30330801 0.         0.22006145
  0.30330801 0.         0.28402907 0.24057485 0.30330801 0.
  0.         0.         0.         0.         0.         0.2506562
  0.25244863 0.         0.         0.         0.28244938 0.
  0.         0.         0.         0.18150249 0.         0.
  0.         0.         0.34433176 0.34433176 0.         0.
  0.23450738 0.30330801 0.34433176 0.         0.33616322 0.
  0.         0.         0.30330801 0.         0.         0.
  0.27787832 0.         0.         0.         0.         0.26595026
  0.         0.34433176 0.         0.18349698 0.20618598 0.
  0.18150249 0.         0.         0.         0.         0.
  0.         0.         0.         0.         0.         0.26595026
  0.         0.21397927 0.34433176 1.         0.         0.
  0.30330801 0.         0.         0.         0.         0.
  0.         0.18150249 0.         0.         0.         0.
  0.26595026 0.         0.34433176 0.         0.         0.
  0.         0.         0.8        0.34433176 0.         0.
  0.25885709 0.         0.30330801 0.         0.25423278 0.30330801
  0.18150249 0.15800389 0.         0.         0.20618598 0.
  0.         0.         0.         0.30330801 0.         0.
  0.         0.22336101 0.         0.27185262 0.         0.
  0.         0.26291713 0.         0.         0.         0.
  0.         0.         0.34433176 0.18237349 0.         0.34433176
  0.18150249 0.17127172 0.         0.18237349 0.         0.
  0.27525887 0.         0.         0.         0.         0.22211133
  0.21454611 0.         0.         0.30330801 0.         0.
  0.         0.         0.         0.         0.         0.20618598
  0.         0.         0.         0.         0.         0.30307684
  0.         0.         0.         0.         0.21085975 0.
  0.         0.         0.         0.23606812 0.         0.
  0.         0.         0.         0.25244863 0.         0.
  0.         0.         0.         0.         0.         0.
  0.         0.         0.         0.30330801 0.         0.
  0.34433176 0.34433176 0.         0.         0.         0.
  0.         0.23693173 0.         0.         0.         0.
  0.         0.         0.         0.         0.         0.34433176
  0.         0.         0.         0.         0.         0.
  0.         0.         0.         0.         0.         0.
  0.25551505 0.         0.         0.         0.         0.
  0.18237349 0.         0.22389402 0.         0.         0.20383056
  0.8        0.         0.         0.         0.         0.
  0.         0.         0.         0.34433176 0.27787832 0.
  0.18237349 0.26291713 0.         0.         0.         0.
  0.30330801 0.         0.         0.         0.         0.
  0.8        0.         0.         0.18150249 0.         0.
  0.         0.         0.         0.         0.30330801 0.24240525
  0.         0.         0.         0.30330801 0.30330801 0.
  0.30330801 0.         0.34433176 0.         0.         0.
  0.         0.         0.         0.         0.         0.
  0.        ]]"
"[[0.         0.         0.         0.         0.         0.
  0.         0.         0.         0.         0.         0.
  0.         0.         0.         0.         0.         0.
  0.8        0.         0.         0.8        0.         0.
  0.         0.         0.         0.         0.18027303 0.
  0.         0.1714402  0.         0.         0.         0.
  0.         0.8        0.         0.         0.8        0.
  0.         0.         0.08535929 0.         0.         0.
  0.         0.         0.         0.         0.         0.
  0.         0.         0.         0.         0.12027214 0.
  0.         0.         0.         0.         0.         0.8
  0.         0.         0.         0.         0.         0.
  0.         0.         0.         0.         0.         0.
  0.         0.         0.8        0.8        0.12856171 0.
  0.         0.         0.         0.16985201 0.         0.8
  0.         0.         0.         0.         0.         0.
  0.8        0.         0.         0.8        0.         0.
  0.         0.         0.         0.         0.         0.
  0.8        0.8        0.         0.         0.         0.
  0.         0.         0.         0.         0.         0.
  0.         0.         0.08526979 0.         0.         0.
  0.         0.         0.         0.         0.8        0.
  0.         0.         0.         0.         0.         0.
  0.         0.         0.         0.11346386 0.8        0.
  0.         0.         0.         0.         0.         0.
  0.         0.         0.         0.         0.         0.
  0.         0.         0.         0.         0.         0.8
  0.         0.         0.         0.         0.         0.8
  0.         0.         0.         0.         0.         0.
  0.         0.8        0.         0.         0.         0.
  0.         0.         0.         0.         0.         0.08535929
  0.         0.         0.         0.07191812 0.         0.
  0.         0.         0.         0.         0.         0.
  0.         0.         0.         0.         0.         0.
  0.8        0.         0.         0.         0.8        0.8
  0.         0.         0.         0.         0.         0.
  0.         0.         0.         0.         0.         0.
  0.         0.         0.         0.         0.         0.
  0.         0.         0.         0.         0.         0.
  0.         0.         0.         0.         0.         0.
  0.         0.         0.06428085 0.         0.         0.
  0.8        0.         0.         0.         1.         0.
  0.         0.         0.12869422 0.         0.11497495 0.
  0.         0.         0.         0.         0.         0.
  0.         0.         0.         0.         0.         0.
  0.         0.         0.         0.         0.         0.
  0.         0.         0.         0.         0.         0.
  0.         0.         0.         0.         0.         0.
  0.         0.         0.         0.         0.8        0.
  0.         0.         0.         0.         0.         0.
  0.         0.         0.8        0.         0.08719264 0.
  0.8        0.         0.         0.         0.         0.
  0.         0.         0.         0.         0.         0.
  0.         0.         0.         0.         0.         0.
  0.         0.         0.         0.         0.         0.
  0.18027303 0.8        0.         0.         0.         0.
  0.         0.8        0.8        0.         0.         0.
  0.         0.         0.         0.         0.         0.
  0.         0.         0.8        0.         0.         0.
  0.         0.8        0.         0.         0.         0.
  0.         0.         0.         0.8        0.         0.
  0.         0.         0.         0.         0.         0.
  0.         0.         0.         0.         0.         0.
  0.08297931 0.         0.         0.         0.         0.
  0.         0.         0.         0.         0.         0.
  0.         0.8        0.         0.         0.         0.
  0.08630174 0.         0.         0.         0.8        0.8
  0.         0.         0.         0.         0.         0.
  0.         0.         0.         0.         0.         0.
  0.         0.         0.8        0.         0.         0.
  0.         0.         0.1714402  0.         0.         0.8
  0.         0.         0.8        0.         0.         0.
  0.         0.         0.09648754 0.         0.8        0.
  0.         0.         0.         0.         0.09648754 0.
  0.         0.         0.         0.         0.         0.
  0.         0.         0.         0.         0.         0.
  0.         0.09958583 0.         0.8        0.         0.
  0.         0.         0.         0.         0.11027147 0.
  0.        ]]"
"[[0.         0.         0.         0.         0.         0.
  0.26666667 0.         0.         0.26666667 0.         0.
  0.         0.         0.         0.11377778 0.         0.29671337
  0.         0.         0.         0.         0.         0.
  0.         0.         0.11377778 0.11377778 0.         0.056338
  0.11377778 0.         0.         0.         0.         0.
  0.         0.         0.         0.11377778 0.         0.
  0.         0.11377778 0.         0.         0.         0.
  0.         0.         0.11377778 0.         0.         0.
  0.         0.24338004 0.         0.         0.         0.
  0.24338004 0.17984801 0.11377778 0.         0.         0.
  0.         0.         0.         0.         0.         0.24338004
  0.         0.         0.11377778 0.         0.         0.
  0.         0.         0.         0.         0.         0.
  0.         0.         0.         0.         0.         0.
  0.         0.24338004 0.         0.         0.         0.
  0.         0.         0.24338004 0.         0.         0.
  0.         0.05164177 0.056338   0.         0.24338004 0.
  0.         0.         0.         0.04724064 0.02940405 0.
  0.02940405 0.         0.         0.03210726 0.         0.03210726
  0.         0.         0.         0.         0.         0.24338004
  0.         0.11377778 0.         0.         0.         0.
  0.         0.         0.         0.         0.         0.24338004
  0.24338004 0.         0.         0.         0.         0.
  0.24338004 0.         0.         0.11377778 0.         0.
  0.         0.29671337 0.         0.         0.         0.04724064
  0.11377778 0.         0.         0.24338004 0.         0.
  0.         0.         0.02940405 0.         0.13333333 0.
  0.11377778 0.         0.29671337 0.11377778 0.         0.
  0.         0.         0.         0.         0.         0.
  0.         0.24338004 0.         0.         0.         0.
  0.24338004 0.         0.11377778 0.         0.         0.
  0.         0.         0.11377778 0.         0.         0.
  0.29671337 0.         0.         0.         0.         0.24338004
  0.         0.         0.         0.         0.         0.
  0.         0.         0.         0.         0.         0.
  0.24338004 0.         0.         0.04724064 0.056338   0.
  0.         0.24338004 0.0560429  0.28169002 0.         0.
  0.24338004 0.         0.         0.         0.         0.
  0.         0.24338004 0.24338004 0.         0.         0.11377778
  0.         0.11377778 0.         0.24338004 0.0560429  0.
  0.         0.         0.         0.         0.         1.
  0.         0.11377778 0.         0.         0.         0.17984801
  0.24338004 0.         0.         0.11377778 0.10756986 0.
  0.         0.         0.         0.11377778 0.11377778 0.
  0.         0.         0.         0.         0.         0.
  0.         0.         0.         0.         0.         0.
  0.         0.         0.24338004 0.         0.         0.24338004
  0.11377778 0.05310881 0.         0.         0.         0.24338004
  0.         0.         0.         0.         0.         0.
  0.11377778 0.         0.         0.         0.         0.07043512
  0.         0.02300153 0.         0.         0.         0.
  0.         0.         0.11377778 0.         0.24338004 0.11377778
  0.         0.         0.11377778 0.03153822 0.11377778 0.
  0.         0.         0.11377778 0.         0.         0.
  0.         0.         0.24338004 0.         0.         0.
  0.24338004 0.         0.         0.04724064 0.24338004 0.
  0.         0.04724064 0.         0.         0.         0.
  0.02940405 0.         0.         0.         0.24338004 0.24338004
  0.11377778 0.         0.24338004 0.         0.24338004 0.11377778
  0.24338004 0.         0.         0.         0.         0.04724064
  0.24338004 0.         0.         0.         0.         0.24338004
  0.         0.         0.24338004 0.11377778 0.24338004 0.24338004
  0.         0.         0.24338004 0.04724064 0.         0.05164177
  0.         0.         0.24338004 0.         0.02850298 0.
  0.04724064 0.         0.02300153 0.02300153 0.056338   0.
  0.         0.         0.         0.11377778 0.         0.
  0.         0.         0.27004671 0.         0.05164177 0.
  0.         0.         0.         0.         0.         0.
  0.         0.11377778 0.         0.04724064 0.0560429  0.
  0.         0.11377778 0.         0.         0.         0.
  0.         0.         0.         0.         0.24338004 0.20612679
  0.         0.         0.         0.         0.         0.
  0.         0.11377778 0.11377778 0.         0.         0.
  0.         0.         0.         0.         0.         0.
  0.24338004 0.24338004 0.         0.         0.         0.
  0.         0.         0.         0.         0.         0.0338943
  0.11377778 0.         0.         0.         0.         0.
  0.        ]]"
"[[0.         0.         0.         0.         0.         0.
  0.         0.         0.         0.         0.         0.
  0.         0.         0.44519629 0.         0.34109358 0.
  0.         0.         0.         0.         0.         0.30504223
  0.         0.         0.         0.         0.         0.
  0.         0.         0.         0.         0.16722223 0.19688817
  0.8        0.         0.         0.         0.         0.
  0.         0.         0.         0.         0.35217833 0.44519629
  0.49844408 0.44519629 0.         0.         0.16722223 0.31392908
  0.19688817 0.         0.21882826 0.         0.         0.27036244
  0.         0.         0.         0.         0.         0.
  0.44519629 0.         0.         0.         0.         0.
  0.         0.8        0.         0.         0.8        0.30559631
  0.         0.31392908 0.         0.         0.         0.32104223
  0.         0.         0.48069482 0.         0.         0.
  0.         0.         0.         0.8        0.         0.
  0.         0.         0.         0.         0.44519629 0.19688817
  0.27244033 0.         0.         0.         0.         0.
  0.         0.         0.8        0.         0.         0.8
  0.         0.         0.35217833 0.         0.         0.
  0.26934124 0.44519629 0.         0.8        0.         0.
  0.19803805 0.         0.21273726 0.         0.         0.33661028
  0.23367679 0.19803805 0.         0.         0.         0.
  0.         0.34800769 0.30330801 0.         0.         0.44519629
  0.         0.19803805 0.25181577 0.         0.44519629 0.44519629
  0.         0.         0.22385962 0.8        0.30559631 0.
  0.         0.23221395 0.2088635  0.         0.         0.
  0.30030989 0.44519629 0.         0.         0.         0.
  0.         0.15772201 0.         0.         0.35121833 0.44519629
  0.8        0.         0.32270512 0.8        0.         0.25781531
  0.8        0.         0.33221926 0.2599427  0.8        0.
  0.         0.         0.         0.         0.         0.28911228
  0.27976745 0.         0.         0.         0.35217833 0.
  0.         0.         0.         0.19688817 0.         0.
  0.         0.         0.44519629 0.44519629 0.         0.
  0.25335758 0.8        0.44519629 0.         0.3007382  0.
  0.         0.         0.8        0.         0.         0.
  0.53988372 0.         0.         0.         0.         0.30559631
  0.         0.44519629 0.         0.16722223 0.23221395 0.
  0.19688817 0.         0.         0.         0.         0.
  0.         0.         0.         0.         0.         0.30559631
  0.         0.22204062 0.44519629 0.30330801 0.         0.
  1.         0.         0.         0.         0.         0.
  0.         0.19688817 0.         0.         0.         0.
  0.30559631 0.         0.44519629 0.         0.         0.
  0.         0.         0.30330801 0.44519629 0.         0.
  0.30030989 0.         0.8        0.         0.26506675 0.8
  0.19688817 0.16938025 0.         0.         0.23221395 0.
  0.         0.         0.         0.8        0.         0.
  0.         0.3976032  0.         0.4551134  0.         0.
  0.         0.32104223 0.         0.         0.         0.
  0.         0.         0.44519629 0.19803805 0.         0.44519629
  0.19688817 0.18448348 0.         0.19803805 0.         0.
  0.32270512 0.         0.         0.         0.         0.26945262
  0.23880605 0.         0.         0.8        0.         0.
  0.         0.         0.         0.         0.         0.23221395
  0.         0.         0.         0.         0.         0.38318432
  0.         0.         0.         0.         0.23220332 0.
  0.         0.         0.         0.26890513 0.         0.
  0.         0.         0.         0.27976745 0.         0.
  0.         0.         0.         0.         0.         0.
  0.         0.         0.         0.8        0.         0.
  0.44519629 0.44519629 0.         0.         0.         0.
  0.         0.27067282 0.         0.         0.         0.
  0.         0.         0.         0.         0.         0.44519629
  0.         0.         0.         0.         0.         0.
  0.         0.         0.         0.         0.         0.
  0.31138062 0.         0.         0.         0.         0.
  0.19803805 0.         0.2509652  0.         0.         0.22037888
  0.30330801 0.         0.         0.         0.         0.
  0.         0.         0.         0.44519629 0.53988372 0.
  0.19803805 0.30504223 0.         0.         0.         0.
  0.8        0.         0.         0.         0.         0.
  0.30330801 0.         0.         0.19688817 0.         0.
  0.         0.         0.         0.         0.8        0.49844408
  0.         0.         0.         0.8        0.8        0.
  0.8        0.         0.44519629 0.         0.         0.
  0.         0.         0.         0.         0.         0.
  0.        ]]"
"[[0.         0.         0.         0.         0.         0.
  0.         0.         0.         0.         0.         0.
  0.         0.         0.         0.8        0.         0.08533333
  0.         0.         0.         0.         0.         0.
  0.         0.         0.8        0.8        0.         0.
  0.64       0.         0.         0.         0.         0.
  0.         0.         0.         0.8        0.         0.
  0.         0.8        0.         0.         0.         0.
  0.         0.         0.64       0.         0.         0.
  0.         0.256      0.         0.         0.         0.
  0.256      0.128      0.8        0.         0.         0.
  0.         0.         0.         0.         0.         0.256
  0.         0.         0.8        0.         0.         0.
  0.         0.         0.         0.         0.         0.
  0.         0.         0.         0.         0.         0.
  0.         0.256      0.         0.         0.         0.
  0.         0.         0.256      0.         0.         0.
  0.         0.192      0.         0.         0.256      0.
  0.         0.         0.         0.21333333 0.07893333 0.
  0.07893333 0.         0.         0.128      0.         0.128
  0.         0.         0.         0.         0.         0.256
  0.         0.64       0.         0.         0.         0.
  0.         0.         0.         0.         0.         0.256
  0.256      0.         0.         0.         0.         0.
  0.256      0.         0.         0.8        0.         0.
  0.         0.08533333 0.         0.         0.         0.21333333
  0.64       0.         0.         0.256      0.         0.
  0.         0.         0.07893333 0.         0.         0.
  0.8        0.         0.08533333 0.8        0.         0.
  0.         0.         0.         0.         0.         0.
  0.         0.256      0.         0.         0.         0.
  0.256      0.         0.8        0.         0.         0.
  0.         0.         0.64       0.         0.         0.
  0.256      0.         0.         0.         0.         0.256
  0.         0.         0.         0.         0.         0.
  0.         0.         0.         0.         0.         0.
  0.256      0.         0.         0.21333333 0.         0.
  0.         0.256      0.17066667 0.128      0.         0.
  0.256      0.         0.         0.         0.         0.
  0.         0.256      0.256      0.         0.         0.64
  0.         0.8        0.         0.256      0.17066667 0.
  0.         0.         0.         0.         0.         0.11377778
  0.         1.         0.         0.         0.         0.128
  0.256      0.         0.         0.8        0.05688889 0.
  0.         0.         0.         0.8        0.64       0.
  0.         0.         0.         0.         0.         0.
  0.         0.         0.         0.         0.         0.
  0.         0.         0.256      0.         0.         0.256
  0.64       0.18488889 0.         0.         0.         0.256
  0.         0.         0.         0.         0.         0.
  0.64       0.         0.         0.         0.         0.03754667
  0.         0.03413333 0.         0.         0.         0.
  0.         0.         0.8        0.         0.256      0.8
  0.         0.         0.64       0.09386667 0.64       0.
  0.         0.         0.8        0.         0.         0.
  0.         0.         0.256      0.         0.         0.
  0.256      0.         0.         0.21333333 0.256      0.
  0.         0.21333333 0.         0.         0.         0.
  0.07893333 0.         0.         0.         0.256      0.256
  0.8        0.         0.256      0.         0.256      0.8
  0.256      0.         0.         0.         0.         0.21333333
  0.256      0.         0.         0.         0.         0.256
  0.         0.         0.256      0.8        0.256      0.256
  0.         0.         0.256      0.21333333 0.         0.192
  0.         0.         0.256      0.         0.06257778 0.
  0.21333333 0.         0.03413333 0.03413333 0.         0.
  0.         0.         0.         0.72       0.         0.
  0.         0.         0.17066667 0.         0.192      0.
  0.         0.         0.         0.         0.         0.
  0.         0.64       0.         0.21333333 0.17066667 0.
  0.         0.8        0.         0.         0.         0.
  0.         0.         0.         0.         0.256      0.15847619
  0.         0.         0.         0.         0.         0.
  0.         0.8        0.8        0.         0.         0.
  0.         0.         0.         0.         0.         0.
  0.256      0.256      0.         0.         0.         0.
  0.         0.         0.         0.         0.         0.1152
  0.64       0.         0.         0.         0.         0.
  0.        ]]"
"[[0.         0.         0.         0.         0.         0.
  0.         0.         0.         0.         0.         0.
  0.         0.         0.         0.         0.         0.
  0.12869422 0.         0.         0.12869422 0.         0.
  0.         0.         0.         0.         0.11977257 0.
  0.         0.1113546  0.         0.         0.         0.
  0.         0.12869422 0.         0.         0.12869422 0.
  0.         0.         0.16795436 0.         0.         0.
  0.         0.         0.         0.         0.         0.
  0.         0.         0.         0.         0.19322111 0.
  0.         0.         0.         0.         0.         0.12869422
  0.         0.         0.         0.         0.         0.
  0.         0.         0.         0.         0.         0.
  0.         0.         0.12869422 0.12869422 0.13464844 0.
  0.         0.         0.         0.26137141 0.         0.12869422
  0.         0.         0.         0.         0.         0.
  0.12869422 0.         0.         0.12869422 0.         0.
  0.         0.         0.         0.         0.         0.
  0.12869422 0.12869422 0.         0.         0.         0.
  0.         0.         0.         0.         0.         0.
  0.         0.         0.24250612 0.         0.         0.
  0.         0.         0.         0.         0.12869422 0.
  0.         0.         0.         0.         0.         0.
  0.         0.         0.         0.24879455 0.12869422 0.
  0.         0.         0.         0.         0.         0.
  0.         0.         0.         0.         0.         0.
  0.         0.         0.         0.         0.         0.12869422
  0.         0.         0.         0.         0.         0.12869422
  0.         0.         0.         0.         0.         0.
  0.         0.12869422 0.         0.         0.         0.
  0.         0.         0.         0.         0.         0.16795436
  0.         0.         0.         0.15078902 0.         0.
  0.         0.         0.         0.         0.         0.
  0.         0.         0.         0.         0.         0.
  0.12869422 0.         0.         0.         0.12869422 0.12869422
  0.         0.         0.         0.         0.         0.
  0.         0.         0.         0.         0.         0.
  0.         0.         0.         0.         0.         0.
  0.         0.         0.         0.         0.         0.
  0.         0.         0.         0.         0.         0.
  0.         0.         0.10732422 0.         0.         0.
  0.12869422 0.         0.         0.         0.12869422 0.
  0.         0.         1.         0.         0.25348317 0.
  0.         0.         0.         0.         0.         0.
  0.         0.         0.         0.         0.         0.
  0.         0.         0.         0.         0.         0.
  0.         0.         0.         0.         0.         0.
  0.         0.         0.         0.         0.         0.
  0.         0.         0.         0.         0.12869422 0.
  0.         0.         0.         0.         0.         0.
  0.         0.         0.12869422 0.         0.13771863 0.
  0.12869422 0.         0.         0.         0.         0.
  0.         0.         0.         0.         0.         0.
  0.         0.         0.         0.         0.         0.
  0.         0.         0.         0.         0.         0.
  0.11977257 0.12869422 0.         0.         0.         0.
  0.         0.12869422 0.12869422 0.         0.         0.
  0.         0.         0.         0.         0.         0.
  0.         0.         0.12869422 0.         0.         0.
  0.         0.12869422 0.         0.         0.         0.
  0.         0.         0.         0.12869422 0.         0.
  0.         0.         0.         0.         0.         0.
  0.         0.         0.         0.         0.         0.
  0.21037531 0.         0.         0.         0.         0.
  0.         0.         0.         0.         0.         0.
  0.         0.12869422 0.         0.         0.         0.
  0.18094683 0.         0.         0.         0.12869422 0.12869422
  0.         0.         0.         0.         0.         0.
  0.         0.         0.         0.         0.         0.
  0.         0.         0.12869422 0.         0.         0.
  0.         0.         0.1113546  0.         0.         0.12869422
  0.         0.         0.12869422 0.         0.         0.
  0.         0.         0.18138972 0.         0.12869422 0.
  0.         0.         0.         0.         0.18138972 0.
  0.         0.         0.         0.2        0.         0.
  0.         0.         0.         0.         0.         0.
  0.         0.19594675 0.         0.12869422 0.         0.
  0.         0.         0.         0.         0.20730254 0.
  0.        ]]"
"[[0.  0.  0.  0.  0.  0.  0.  0.  0.  0.  0.  0.  0.  0.  0.  0.  0.  0.
  0.  0.  0.  0.  0.  0.  0.  0.  0.  0.  0.  0.  0.  0.  0.  0.  0.  0.
  0.  0.  0.  0.  0.  0.  0.  0.  0.  0.  0.  0.  0.  0.  0.  0.  0.  0.
  0.  0.  0.  0.  0.  0.  0.  0.  0.  0.  0.  0.  0.  0.8 0.  0.  0.  0.
  0.  0.  0.  0.  0.  0.  0.  0.  0.  0.  0.  0.  0.  0.  0.  0.  0.  0.
  0.  0.  0.  0.  0.  0.  0.  0.  0.  0.  0.  0.  0.  0.  0.  0.  0.  0.
  0.  0.  0.  0.  0.  0.  0.  0.  0.  0.  0.8 0.  0.  0.  0.  0.  0.  0.
  0.  0.  0.  0.  0.  0.  0.  0.  0.  0.  0.8 0.  0.  0.  0.  0.  0.  0.
  0.  0.  0.  0.  0.  0.  0.  0.  0.  0.  0.  0.  0.  0.  0.  0.  0.  0.
  0.  0.  0.  0.  0.  0.  0.  0.  0.  0.  0.  0.  0.  0.  0.  0.  0.  0.
  0.  0.  0.  0.  0.  0.  0.  0.  0.  0.  0.  0.  0.  0.  0.  0.8 0.  0.
  0.  0.  0.  0.  0.  0.  0.  0.  0.  0.  0.  0.  0.  0.  0.  0.  0.  0.
  0.  0.  0.  0.  0.  0.  0.  0.  0.  0.  0.8 0.  0.  0.  0.  0.  0.  0.
  0.  0.  0.  0.  0.8 0.  0.8 0.  0.  0.  0.  0.  0.  0.  0.  0.  0.  0.
  0.  0.  0.  1.  0.  0.  0.  0.  0.8 0.  0.  0.  0.  0.  0.  0.  0.  0.
  0.8 0.  0.  0.  0.  0.  0.  0.  0.  0.  0.  0.  0.  0.  0.  0.  0.  0.
  0.  0.  0.  0.  0.  0.  0.  0.  0.8 0.  0.  0.  0.  0.  0.  0.  0.  0.
  0.  0.  0.  0.  0.  0.  0.  0.  0.  0.  0.  0.  0.  0.  0.  0.  0.  0.
  0.  0.  0.  0.  0.  0.  0.  0.  0.  0.8 0.  0.  0.  0.  0.  0.  0.  0.
  0.  0.  0.8 0.  0.  0.  0.  0.  0.  0.  0.  0.  0.  0.  0.  0.  0.  0.
  0.  0.  0.  0.  0.  0.  0.  0.  0.  0.  0.  0.  0.  0.  0.  0.  0.  0.
  0.  0.  0.  0.  0.8 0.  0.  0.  0.  0.  0.  0.  0.  0.  0.  0.  0.  0.
  0.  0.  0.8 0.  0.  0.  0.  0.8 0.  0.  0.  0.  0.  0.  0.  0.  0.  0.
  0.  0.  0.  0.  0.  0.  0.  0.  0.  0.  0.  0.  0.  0.  0.  0.  0.  0.
  0.  0.  0.  0.  0.  0.  0.  0.  0.  0.  0.  0.  0.  0.  0.  0.  0.  0.
  0.  0.  0.  0.  0.  0.  0.  0.  0.  0.  0.  0.  0.  0.  0.  0.  0.  0.
  0. ]]"
"[[0.         0.         0.         0.         0.         0.
  0.         0.         0.         0.         0.         0.
  0.         0.         0.         0.         0.         0.
  0.11497495 0.         0.         0.11497495 0.         0.
  0.         0.         0.         0.         0.07978008 0.
  0.         0.08792336 0.         0.         0.         0.
  0.         0.11497495 0.         0.         0.11497495 0.
  0.         0.         0.16479456 0.         0.         0.
  0.         0.         0.         0.         0.         0.
  0.         0.         0.         0.         0.17737905 0.
  0.         0.         0.         0.         0.         0.11497495
  0.         0.         0.         0.         0.         0.
  0.         0.         0.         0.         0.         0.
  0.         0.         0.11497495 0.11497495 0.12950731 0.
  0.         0.         0.         0.08182855 0.         0.11497495
  0.         0.         0.         0.         0.         0.
  0.11497495 0.         0.         0.11497495 0.         0.
  0.         0.         0.         0.         0.         0.
  0.11497495 0.11497495 0.         0.         0.         0.
  0.         0.         0.         0.         0.         0.
  0.         0.         0.2996927  0.         0.         0.
  0.         0.         0.         0.         0.11497495 0.
  0.         0.         0.         0.         0.         0.
  0.         0.         0.         0.22707132 0.11497495 0.
  0.         0.         0.         0.         0.         0.
  0.         0.         0.         0.         0.         0.
  0.         0.         0.         0.         0.         0.11497495
  0.         0.         0.         0.         0.         0.11497495
  0.         0.         0.         0.         0.         0.
  0.         0.11497495 0.         0.         0.         0.
  0.         0.         0.         0.         0.         0.16479456
  0.         0.         0.         0.17862223 0.         0.
  0.         0.         0.         0.         0.         0.
  0.         0.         0.         0.         0.         0.
  0.11497495 0.         0.         0.         0.11497495 0.11497495
  0.         0.         0.         0.         0.         0.
  0.         0.         0.         0.         0.         0.
  0.         0.         0.         0.         0.         0.
  0.         0.         0.         0.         0.         0.
  0.         0.         0.         0.         0.         0.
  0.         0.         0.11808699 0.         0.         0.
  0.11497495 0.         0.         0.         0.11497495 0.
  0.         0.         0.25348317 0.         1.         0.
  0.         0.         0.         0.         0.         0.
  0.         0.         0.         0.         0.         0.
  0.         0.         0.         0.         0.         0.
  0.         0.         0.         0.         0.         0.
  0.         0.         0.         0.         0.         0.
  0.         0.         0.         0.         0.11497495 0.
  0.         0.         0.         0.         0.         0.
  0.         0.         0.11497495 0.         0.16635937 0.
  0.11497495 0.         0.         0.         0.         0.
  0.         0.         0.         0.         0.         0.
  0.         0.         0.         0.         0.         0.
  0.         0.         0.         0.         0.         0.
  0.07978008 0.11497495 0.         0.         0.         0.
  0.         0.11497495 0.11497495 0.         0.         0.
  0.         0.         0.         0.         0.         0.
  0.         0.         0.11497495 0.         0.         0.
  0.         0.11497495 0.         0.         0.         0.
  0.         0.         0.         0.11497495 0.         0.
  0.         0.         0.         0.         0.         0.
  0.         0.         0.         0.         0.         0.
  0.20883534 0.         0.         0.         0.         0.
  0.         0.         0.         0.         0.         0.
  0.         0.11497495 0.         0.         0.         0.
  0.21434667 0.         0.         0.         0.11497495 0.11497495
  0.         0.         0.         0.         0.         0.
  0.         0.         0.         0.         0.         0.
  0.         0.         0.11497495 0.         0.         0.
  0.         0.         0.08792336 0.         0.         0.11497495
  0.         0.         0.11497495 0.         0.         0.
  0.         0.         0.18578508 0.         0.11497495 0.
  0.         0.         0.         0.         0.18578508 0.
  0.         0.         0.         0.26666667 0.         0.
  0.         0.         0.         0.         0.         0.
  0.         0.19226032 0.         0.11497495 0.         0.
  0.         0.         0.         0.         0.2123258  0.
  0.        ]]"
"[[0.         0.         0.         0.         0.         0.
  0.         0.         0.         0.         0.         0.
  0.         0.         0.         0.128      0.         0.11700901
  0.         0.         0.         0.         0.         0.
  0.         0.         0.128      0.128      0.         0.11267601
  0.128      0.         0.         0.         0.         0.
  0.         0.         0.         0.128      0.         0.
  0.         0.128      0.         0.         0.         0.
  0.         0.         0.128      0.         0.         0.
  0.         0.34253503 0.         0.         0.         0.
  0.34253503 0.42253503 0.128      0.         0.         0.
  0.         0.         0.         0.         0.         0.34253503
  0.         0.         0.128      0.         0.         0.
  0.         0.         0.         0.         0.         0.
  0.         0.         0.         0.         0.         0.
  0.         0.34253503 0.         0.         0.         0.
  0.         0.         0.34253503 0.         0.         0.
  0.         0.07871438 0.11267601 0.         0.34253503 0.
  0.         0.         0.         0.09078023 0.04111598 0.
  0.04111598 0.         0.         0.05939635 0.         0.05939635
  0.         0.         0.         0.         0.         0.34253503
  0.         0.128      0.         0.         0.         0.
  0.         0.         0.         0.         0.         0.34253503
  0.34253503 0.         0.         0.         0.         0.
  0.34253503 0.         0.         0.128      0.         0.
  0.         0.11700901 0.         0.         0.         0.09078023
  0.128      0.         0.         0.34253503 0.         0.
  0.         0.         0.04111598 0.         0.05333333 0.
  0.128      0.         0.11700901 0.128      0.         0.
  0.         0.         0.         0.         0.         0.
  0.         0.34253503 0.         0.         0.         0.
  0.34253503 0.         0.128      0.         0.         0.
  0.         0.         0.128      0.         0.         0.10666667
  0.42253503 0.         0.         0.         0.         0.34253503
  0.         0.         0.         0.         0.         0.
  0.         0.         0.         0.         0.         0.
  0.34253503 0.         0.         0.09078023 0.11267601 0.
  0.         0.34253503 0.06664854 0.21126751 0.         0.
  0.34253503 0.         0.         0.         0.         0.
  0.         0.34253503 0.34253503 0.         0.         0.128
  0.         0.128      0.         0.34253503 0.06664854 0.
  0.         0.         0.         0.         0.         0.17984801
  0.         0.128      0.         0.         0.         1.
  0.34253503 0.         0.         0.128      0.05777173 0.
  0.         0.         0.         0.128      0.128      0.
  0.         0.         0.         0.         0.         0.
  0.         0.         0.         0.         0.         0.
  0.         0.         0.34253503 0.         0.         0.34253503
  0.128      0.07469243 0.         0.         0.         0.34253503
  0.         0.         0.         0.         0.         0.
  0.128      0.         0.         0.         0.         0.04234684
  0.         0.02906457 0.         0.         0.         0.
  0.         0.         0.128      0.         0.34253503 0.128
  0.         0.         0.128      0.04513311 0.128      0.
  0.         0.         0.128      0.         0.         0.
  0.         0.         0.34253503 0.         0.         0.
  0.34253503 0.         0.         0.09078023 0.34253503 0.
  0.         0.09078023 0.         0.         0.         0.
  0.04111598 0.         0.         0.         0.34253503 0.34253503
  0.128      0.         0.34253503 0.         0.34253503 0.128
  0.34253503 0.         0.         0.         0.         0.09078023
  0.34253503 0.         0.         0.         0.         0.34253503
  0.         0.         0.34253503 0.128      0.34253503 0.34253503
  0.         0.         0.34253503 0.09078023 0.         0.07871438
  0.         0.         0.34253503 0.         0.03502252 0.
  0.09078023 0.         0.02906457 0.02906457 0.11267601 0.
  0.         0.         0.         0.128      0.         0.
  0.         0.         0.22977202 0.         0.07871438 0.
  0.         0.         0.         0.         0.10666667 0.
  0.         0.128      0.         0.09078023 0.06664854 0.
  0.         0.128      0.         0.         0.         0.
  0.         0.         0.         0.         0.34253503 0.30033717
  0.         0.         0.         0.         0.         0.
  0.         0.128      0.128      0.         0.         0.
  0.         0.         0.         0.         0.         0.
  0.34253503 0.34253503 0.         0.         0.         0.
  0.         0.         0.         0.         0.         0.05100146
  0.128      0.         0.         0.         0.         0.
  0.        ]]"
"[[0.         0.         0.         0.         0.         0.
  0.         0.         0.         0.         0.         0.
  0.         0.         0.         0.256      0.         0.09014012
  0.         0.         0.         0.         0.         0.
  0.         0.         0.256      0.256      0.         0.
  0.256      0.         0.         0.         0.         0.
  0.         0.         0.         0.256      0.         0.
  0.         0.256      0.         0.         0.         0.
  0.         0.         0.256      0.         0.         0.
  0.         0.64       0.         0.         0.         0.
  0.64       0.34253503 0.256      0.         0.         0.
  0.         0.         0.         0.         0.         0.8
  0.         0.         0.256      0.         0.         0.
  0.         0.         0.         0.         0.         0.
  0.         0.         0.         0.         0.         0.
  0.         0.64       0.         0.         0.         0.
  0.         0.         0.64       0.         0.         0.
  0.         0.09551002 0.         0.         0.8        0.
  0.         0.         0.         0.09551002 0.04868355 0.
  0.04868355 0.         0.         0.06248139 0.         0.06248139
  0.         0.         0.         0.         0.         0.64
  0.         0.256      0.         0.         0.         0.
  0.         0.         0.         0.         0.         0.8
  0.64       0.         0.         0.         0.         0.
  0.64       0.         0.         0.256      0.         0.
  0.         0.09014012 0.         0.         0.         0.09551002
  0.256      0.         0.         0.64       0.         0.
  0.         0.         0.04868355 0.         0.         0.
  0.256      0.         0.09014012 0.256      0.         0.
  0.         0.         0.         0.         0.         0.
  0.         0.64       0.         0.         0.         0.
  0.72       0.         0.256      0.         0.         0.
  0.         0.         0.256      0.         0.         0.
  0.64       0.         0.         0.         0.         0.8
  0.         0.         0.         0.         0.         0.
  0.         0.         0.         0.         0.         0.
  0.64       0.         0.         0.09551002 0.         0.
  0.         0.64       0.09551002 0.32       0.         0.
  0.64       0.         0.         0.         0.         0.
  0.         0.8        0.64       0.         0.         0.256
  0.         0.256      0.         0.64       0.09551002 0.
  0.         0.         0.         0.         0.         0.24338004
  0.         0.256      0.         0.         0.         0.34253503
  1.         0.         0.         0.256      0.03183667 0.
  0.         0.         0.         0.256      0.256      0.
  0.         0.         0.         0.         0.         0.
  0.         0.         0.         0.         0.         0.
  0.         0.         0.8        0.         0.         0.64
  0.256      0.09551002 0.         0.         0.         0.8
  0.         0.         0.         0.         0.         0.
  0.256      0.         0.         0.         0.         0.02645056
  0.         0.03295268 0.         0.         0.         0.
  0.         0.         0.256      0.         0.8        0.256
  0.         0.         0.256      0.05392717 0.256      0.
  0.         0.         0.256      0.         0.         0.
  0.         0.         0.64       0.         0.         0.
  0.64       0.         0.         0.09551002 0.64       0.
  0.         0.09551002 0.         0.         0.         0.
  0.04868355 0.         0.         0.         0.8        0.64
  0.256      0.         0.64       0.         0.64       0.256
  0.64       0.         0.         0.         0.         0.09551002
  0.64       0.         0.         0.         0.         0.8
  0.         0.         0.8        0.256      0.64       0.64
  0.         0.         0.64       0.09551002 0.         0.09551002
  0.         0.         0.8        0.         0.04408427 0.
  0.09551002 0.         0.03295268 0.03295268 0.         0.
  0.         0.         0.         0.256      0.         0.
  0.         0.         0.36507006 0.         0.09551002 0.
  0.         0.         0.         0.         0.         0.
  0.         0.256      0.         0.09551002 0.09551002 0.
  0.         0.256      0.         0.         0.         0.
  0.         0.         0.         0.         0.64       0.40788717
  0.         0.         0.         0.         0.         0.
  0.         0.256      0.256      0.         0.         0.
  0.         0.         0.         0.         0.         0.
  0.64       0.64       0.         0.         0.         0.
  0.         0.         0.         0.         0.         0.06102698
  0.256      0.         0.         0.         0.         0.
  0.        ]]"
"[[0.         0.         0.         0.         0.         0.
  0.         0.         0.         0.         0.         0.
  0.         0.         0.15288238 0.         0.31525492 0.
  0.         0.         0.         0.         0.         0.47644119
  0.         0.         0.         0.         0.         0.
  0.         0.         0.         0.         0.16555081 0.64
  0.19688817 0.         0.         0.         0.         0.
  0.         0.         0.         0.         0.21552425 0.15288238
  0.41844408 0.15288238 0.         0.         0.16555081 0.27588993
  0.8        0.         0.45152548 0.         0.         0.34526265
  0.         0.         0.         0.         0.         0.
  0.15288238 0.         0.         0.         0.         0.
  0.         0.19688817 0.         0.         0.19688817 0.17063393
  0.         0.27588993 0.         0.         0.         0.47644119
  0.         0.         0.38325685 0.         0.         0.
  0.         0.         0.         0.19688817 0.         0.
  0.         0.         0.         0.         0.15288238 0.64
  0.36359338 0.         0.         0.         0.         0.
  0.         0.         0.19688817 0.         0.         0.19688817
  0.         0.         0.21552425 0.         0.         0.
  0.34957728 0.15288238 0.         0.19688817 0.         0.
  0.27555516 0.         0.21844076 0.         0.         0.34598272
  0.43213208 0.27555516 0.         0.         0.         0.
  0.         0.21213688 0.18150249 0.         0.         0.15288238
  0.         0.27555516 0.33630438 0.         0.15288238 0.15288238
  0.         0.         0.56335653 0.19688817 0.17063393 0.
  0.         0.24811786 0.45541719 0.         0.         0.
  0.27126125 0.15288238 0.         0.         0.         0.
  0.         0.17325139 0.         0.         0.33986468 0.15288238
  0.19688817 0.         0.20050012 0.19688817 0.         0.26462456
  0.19688817 0.         0.27909967 0.39064853 0.19688817 0.
  0.         0.         0.         0.         0.         0.30664182
  0.12955812 0.         0.         0.         0.21552425 0.
  0.         0.         0.         0.8        0.         0.
  0.         0.         0.15288238 0.15288238 0.         0.
  0.40248207 0.19688817 0.15288238 0.         0.25843857 0.
  0.         0.         0.19688817 0.         0.         0.
  0.16322314 0.         0.         0.         0.         0.17063393
  0.         0.15288238 0.         0.16555081 0.24811786 0.
  0.64       0.         0.         0.         0.         0.
  0.         0.         0.         0.         0.         0.17063393
  0.         0.19191423 0.15288238 0.18150249 0.         0.
  0.19688817 0.         0.         0.         0.         0.
  0.         1.         0.         0.         0.         0.
  0.17063393 0.         0.15288238 0.         0.         0.
  0.         0.         0.18150249 0.15288238 0.         0.
  0.27126125 0.         0.19688817 0.         0.35197444 0.19688817
  0.8        0.4306133  0.         0.         0.24811786 0.
  0.         0.         0.         0.19688817 0.         0.
  0.         0.39968985 0.         0.21372071 0.         0.
  0.         0.47644119 0.         0.         0.         0.
  0.         0.         0.15288238 0.27555516 0.         0.15288238
  0.8        0.4875071  0.         0.27555516 0.         0.
  0.20050012 0.         0.         0.         0.         0.38582654
  0.47518149 0.         0.         0.19688817 0.         0.
  0.         0.         0.         0.         0.         0.24811786
  0.         0.         0.         0.         0.         0.19464363
  0.         0.         0.         0.         0.4332127  0.
  0.         0.         0.         0.2093759  0.         0.
  0.         0.         0.         0.12955812 0.         0.
  0.         0.         0.         0.         0.         0.
  0.         0.         0.         0.19688817 0.         0.
  0.15288238 0.15288238 0.         0.         0.         0.
  0.         0.32446679 0.         0.         0.         0.
  0.         0.         0.         0.         0.         0.15288238
  0.         0.         0.         0.         0.         0.
  0.         0.         0.         0.         0.         0.
  0.30955342 0.         0.         0.         0.         0.
  0.27555516 0.         0.5582206  0.         0.         0.46327201
  0.18150249 0.         0.         0.         0.         0.
  0.         0.         0.         0.15288238 0.16322314 0.
  0.27555516 0.39644119 0.         0.         0.         0.
  0.19688817 0.         0.         0.         0.         0.
  0.18150249 0.         0.         0.64       0.         0.
  0.         0.         0.         0.         0.19688817 0.41844408
  0.         0.         0.         0.19688817 0.19688817 0.
  0.19688817 0.         0.15288238 0.         0.         0.
  0.         0.         0.         0.         0.         0.
  0.        ]]"
"[[0.  0.  0.  0.  0.  0.  0.  0.  0.  0.  0.  0.  0.  0.  0.  0.  0.  0.
  0.  0.  0.  0.  0.  0.  0.  0.  0.  0.  0.  0.  0.  0.  0.  0.  0.  0.
  0.  0.  0.  0.  0.  0.  0.  0.  0.  0.  0.  0.  0.  0.  0.  0.  0.  0.
  0.  0.  0.  0.  0.  0.  0.  0.  0.  0.  0.  0.  0.  0.8 0.  0.  0.  0.
  0.  0.  0.  0.  0.  0.  0.  0.  0.  0.  0.  0.  0.  0.  0.  0.  0.  0.
  0.  0.  0.  0.  0.  0.  0.  0.  0.  0.  0.  0.  0.  0.  0.  0.  0.  0.
  0.  0.  0.  0.  0.  0.  0.  0.  0.  0.  0.8 0.  0.  0.  0.  0.  0.  0.
  0.  0.  0.  0.  0.  0.  0.  0.  0.  0.  0.8 0.  0.  0.  0.  0.  0.  0.
  0.  0.  0.  0.  0.  0.  0.  0.  0.  0.  0.  0.  0.  0.  0.  0.  0.  0.
  0.  0.  0.  0.  0.  0.  0.  0.  0.  0.  0.  0.  0.  0.  0.  0.  0.  0.
  0.  0.  0.  0.  0.  0.  0.  0.  0.  0.  0.  0.  0.  0.  0.  0.8 0.  0.
  0.  0.  0.  0.  0.  0.  0.  0.  0.  0.  0.  0.  0.  0.  0.  0.  0.  0.
  0.  0.  0.  0.  0.  0.  0.  0.  0.  0.  0.8 0.  0.  0.  0.  0.  0.  0.
  0.  0.  0.  0.  0.8 0.  0.8 0.  0.  0.  0.  0.  0.  0.  0.  0.  0.  0.
  0.  0.  0.  0.8 0.  0.  0.  0.  1.  0.  0.  0.  0.  0.  0.  0.  0.  0.
  0.8 0.  0.  0.  0.  0.  0.  0.  0.  0.  0.  0.  0.  0.  0.  0.  0.  0.
  0.  0.  0.  0.  0.  0.  0.  0.  0.8 0.  0.  0.  0.  0.  0.  0.  0.  0.
  0.  0.  0.  0.  0.  0.  0.  0.  0.  0.  0.  0.  0.  0.  0.  0.  0.  0.
  0.  0.  0.  0.  0.  0.  0.  0.  0.  0.8 0.  0.  0.  0.  0.  0.  0.  0.
  0.  0.  0.8 0.  0.  0.  0.  0.  0.  0.  0.  0.  0.  0.  0.  0.  0.  0.
  0.  0.  0.  0.  0.  0.  0.  0.  0.  0.  0.  0.  0.  0.  0.  0.  0.  0.
  0.  0.  0.  0.  0.8 0.  0.  0.  0.  0.  0.  0.  0.  0.  0.  0.  0.  0.
  0.  0.  0.8 0.  0.  0.  0.  0.8 0.  0.  0.  0.  0.  0.  0.  0.  0.  0.
  0.  0.  0.  0.  0.  0.  0.  0.  0.  0.  0.  0.  0.  0.  0.  0.  0.  0.
  0.  0.  0.  0.  0.  0.  0.  0.  0.  0.  0.  0.  0.  0.  0.  0.  0.  0.
  0.  0.  0.  0.  0.  0.  0.  0.  0.  0.  0.  0.  0.  0.  0.  0.  0.  0.
  0. ]]"
"[[0.         0.         0.         0.         0.         0.
  0.         0.         0.         0.         0.         0.
  0.         0.         0.         0.8        0.         0.08533333
  0.         0.         0.         0.         0.         0.
  0.         0.         0.8        0.8        0.         0.
  0.64       0.         0.         0.         0.         0.
  0.         0.         0.         0.8        0.         0.
  0.         0.8        0.         0.         0.         0.
  0.         0.         0.64       0.         0.         0.
  0.         0.256      0.         0.         0.         0.
  0.256      0.128      0.8        0.         0.         0.
  0.         0.         0.         0.         0.         0.256
  0.         0.         0.8        0.         0.         0.
  0.         0.         0.         0.         0.         0.
  0.         0.         0.         0.         0.         0.
  0.         0.256      0.         0.         0.         0.
  0.         0.         0.256      0.         0.         0.
  0.         0.192      0.         0.         0.256      0.
  0.         0.         0.         0.21333333 0.07893333 0.
  0.07893333 0.         0.         0.128      0.         0.128
  0.         0.         0.         0.         0.         0.256
  0.         0.64       0.         0.         0.         0.
  0.         0.         0.         0.         0.         0.256
  0.256      0.         0.         0.         0.         0.
  0.256      0.         0.         0.8        0.         0.
  0.         0.08533333 0.         0.         0.         0.21333333
  0.64       0.         0.         0.256      0.         0.
  0.         0.         0.07893333 0.         0.         0.
  0.8        0.         0.08533333 0.8        0.         0.
  0.         0.         0.         0.         0.         0.
  0.         0.256      0.         0.         0.         0.
  0.256      0.         0.8        0.         0.         0.
  0.         0.         0.64       0.         0.         0.
  0.256      0.         0.         0.         0.         0.256
  0.         0.         0.         0.         0.         0.
  0.         0.         0.         0.         0.         0.
  0.256      0.         0.         0.21333333 0.         0.
  0.         0.256      0.17066667 0.128      0.         0.
  0.256      0.         0.         0.         0.         0.
  0.         0.256      0.256      0.         0.         0.64
  0.         0.8        0.         0.256      0.17066667 0.
  0.         0.         0.         0.         0.         0.11377778
  0.         0.8        0.         0.         0.         0.128
  0.256      0.         0.         1.         0.05688889 0.
  0.         0.         0.         0.8        0.64       0.
  0.         0.         0.         0.         0.         0.
  0.         0.         0.         0.         0.         0.
  0.         0.         0.256      0.         0.         0.256
  0.64       0.18488889 0.         0.         0.         0.256
  0.         0.         0.         0.         0.         0.
  0.64       0.         0.         0.         0.         0.03754667
  0.         0.03413333 0.         0.         0.         0.
  0.         0.         0.8        0.         0.256      0.8
  0.         0.         0.64       0.09386667 0.64       0.
  0.         0.         0.8        0.         0.         0.
  0.         0.         0.256      0.         0.         0.
  0.256      0.         0.         0.21333333 0.256      0.
  0.         0.21333333 0.         0.         0.         0.
  0.07893333 0.         0.         0.         0.256      0.256
  0.8        0.         0.256      0.         0.256      0.8
  0.256      0.         0.         0.         0.         0.21333333
  0.256      0.         0.         0.         0.         0.256
  0.         0.         0.256      0.8        0.256      0.256
  0.         0.         0.256      0.21333333 0.         0.192
  0.         0.         0.256      0.         0.06257778 0.
  0.21333333 0.         0.03413333 0.03413333 0.         0.
  0.         0.         0.         0.72       0.         0.
  0.         0.         0.17066667 0.         0.192      0.
  0.         0.         0.         0.         0.         0.
  0.         0.64       0.         0.21333333 0.17066667 0.
  0.         0.8        0.         0.         0.         0.
  0.         0.         0.         0.         0.256      0.15847619
  0.         0.         0.         0.         0.         0.
  0.         0.8        0.8        0.         0.         0.
  0.         0.         0.         0.         0.         0.
  0.256      0.256      0.         0.         0.         0.
  0.         0.         0.         0.         0.         0.1152
  0.64       0.         0.         0.         0.         0.
  0.        ]]"
"[[0.         0.         0.         0.         0.         0.
  0.26666667 0.         0.         0.26666667 0.         0.
  0.         0.         0.         0.05688889 0.         0.02420623
  0.         0.         0.         0.         0.         0.
  0.         0.         0.05688889 0.05688889 0.         0.11940134
  0.05688889 0.         0.         0.         0.         0.
  0.         0.         0.         0.05688889 0.         0.
  0.         0.05688889 0.         0.         0.         0.
  0.         0.         0.05688889 0.         0.         0.
  0.         0.03183667 0.         0.         0.         0.
  0.03183667 0.05777173 0.05688889 0.         0.         0.
  0.         0.         0.         0.         0.         0.03183667
  0.         0.         0.05688889 0.         0.         0.
  0.         0.         0.         0.         0.         0.
  0.         0.         0.         0.         0.         0.
  0.         0.03183667 0.         0.         0.         0.
  0.         0.         0.03183667 0.         0.         0.
  0.         0.15515118 0.11940134 0.         0.03183667 0.
  0.         0.         0.         0.09696904 0.0299916  0.
  0.0299916  0.         0.         0.05989461 0.         0.05989461
  0.         0.         0.         0.         0.         0.03183667
  0.         0.05688889 0.         0.         0.         0.
  0.         0.         0.         0.         0.         0.03183667
  0.03183667 0.         0.         0.         0.         0.
  0.03183667 0.         0.         0.05688889 0.         0.
  0.         0.02420623 0.         0.         0.         0.09696904
  0.05688889 0.         0.         0.03183667 0.         0.
  0.         0.         0.0299916  0.         0.26666667 0.
  0.05688889 0.         0.02420623 0.05688889 0.         0.
  0.         0.         0.         0.         0.         0.
  0.         0.03183667 0.         0.         0.         0.
  0.03183667 0.         0.05688889 0.         0.         0.
  0.         0.         0.05688889 0.         0.         0.26666667
  0.03183667 0.         0.         0.         0.         0.03183667
  0.         0.         0.         0.         0.         0.
  0.         0.         0.         0.         0.         0.
  0.03183667 0.         0.         0.09696904 0.11940134 0.
  0.         0.03183667 0.21333333 0.14925167 0.         0.
  0.03183667 0.         0.         0.         0.         0.
  0.         0.03183667 0.03183667 0.         0.         0.05688889
  0.         0.05688889 0.         0.03183667 0.21333333 0.
  0.         0.         0.         0.         0.         0.10756986
  0.         0.05688889 0.         0.         0.         0.05777173
  0.03183667 0.         0.         0.05688889 1.         0.
  0.         0.         0.         0.05688889 0.05688889 0.
  0.         0.         0.         0.         0.         0.
  0.         0.         0.         0.         0.         0.
  0.         0.         0.03183667 0.         0.         0.03183667
  0.05688889 0.17454523 0.         0.         0.         0.03183667
  0.         0.         0.         0.         0.         0.
  0.05688889 0.         0.         0.         0.         0.11868103
  0.         0.01571989 0.         0.         0.         0.
  0.         0.         0.05688889 0.         0.03183667 0.05688889
  0.         0.         0.05688889 0.03474884 0.05688889 0.
  0.         0.         0.05688889 0.         0.         0.
  0.         0.         0.03183667 0.         0.         0.
  0.03183667 0.         0.         0.09696904 0.03183667 0.
  0.         0.09696904 0.         0.         0.         0.
  0.0299916  0.         0.         0.         0.03183667 0.03183667
  0.05688889 0.         0.03183667 0.         0.03183667 0.05688889
  0.03183667 0.         0.         0.         0.         0.09696904
  0.03183667 0.         0.         0.         0.         0.03183667
  0.         0.         0.03183667 0.05688889 0.03183667 0.03183667
  0.         0.         0.03183667 0.09696904 0.         0.15515118
  0.         0.         0.03183667 0.         0.02002393 0.
  0.09696904 0.         0.01571989 0.01571989 0.11940134 0.
  0.         0.         0.         0.05688889 0.         0.
  0.         0.         0.02802145 0.         0.15515118 0.
  0.         0.         0.         0.         0.26666667 0.
  0.         0.05688889 0.         0.09696904 0.21333333 0.
  0.         0.05688889 0.         0.         0.         0.
  0.         0.         0.         0.         0.03183667 0.05066587
  0.         0.         0.         0.         0.         0.
  0.         0.05688889 0.05688889 0.         0.         0.
  0.         0.         0.         0.         0.         0.
  0.03183667 0.03183667 0.         0.         0.         0.
  0.         0.         0.         0.         0.         0.04260312
  0.05688889 0.         0.         0.         0.         0.
  0.        ]]"
"[[0.         0.         0.         0.         0.         0.
  0.         0.         0.         0.         0.         0.
  0.         0.         0.         0.         0.         0.
  0.         0.         0.         0.         0.         0.
  0.         0.         0.         0.         0.         0.
  0.         0.         0.         0.         0.         0.
  0.         0.         0.17681503 0.         0.         0.
  0.         0.         0.         0.         0.         0.
  0.         0.         0.         0.         0.         0.
  0.         0.         0.         0.         0.         0.
  0.         0.         0.         0.         0.         0.
  0.         0.         0.         0.20904822 0.         0.
  0.         0.         0.         0.         0.         0.
  0.         0.         0.         0.         0.         0.
  0.         0.         0.         0.         0.         0.
  0.         0.         0.         0.         0.         0.
  0.         0.         0.         0.         0.         0.
  0.         0.         0.         0.         0.         0.
  0.         0.         0.         0.         0.         0.
  0.         0.         0.         0.         0.         0.
  0.         0.         0.         0.         0.         0.
  0.         0.         0.         0.         0.         0.
  0.         0.         0.17946032 0.         0.         0.
  0.         0.         0.         0.         0.         0.
  0.         0.         0.         0.         0.         0.
  0.         0.         0.         0.         0.         0.
  0.         0.         0.         0.         0.         0.
  0.         0.         0.         0.         0.         0.
  0.         0.         0.         0.         0.         0.
  0.         0.         0.         0.         0.         0.
  0.         0.         0.         0.         0.         0.
  0.         0.         0.         0.         0.         0.
  0.         0.         0.         0.         0.         0.
  0.         0.         0.         0.         0.         0.
  0.         0.         0.         0.         0.         0.
  0.         0.         0.         0.         0.         0.15886662
  0.         0.         0.         0.         0.         0.
  0.         0.         0.         0.         0.         0.
  0.         0.         0.         0.         0.         0.
  0.         0.         0.         0.         0.         0.
  0.         0.         0.         0.         0.         0.
  0.         0.         0.         0.         0.         0.
  0.         0.         0.         0.         0.         0.
  0.         0.         0.         0.         0.         1.
  0.         0.         0.         0.         0.         0.
  0.         0.         0.         0.         0.         0.
  0.         0.17835843 0.         0.         0.         0.
  0.         0.         0.         0.17681503 0.         0.
  0.         0.         0.         0.         0.         0.
  0.         0.         0.         0.         0.18718338 0.
  0.         0.         0.         0.         0.         0.
  0.         0.         0.         0.         0.         0.
  0.         0.         0.         0.         0.         0.
  0.         0.         0.         0.         0.         0.
  0.         0.         0.         0.         0.         0.
  0.         0.         0.         0.         0.         0.
  0.         0.         0.         0.         0.         0.
  0.15886662 0.         0.         0.         0.         0.
  0.         0.15886662 0.         0.         0.         0.
  0.         0.         0.         0.         0.         0.
  0.         0.16674858 0.         0.         0.         0.
  0.         0.         0.         0.         0.         0.
  0.         0.         0.         0.         0.         0.
  0.         0.         0.         0.         0.         0.
  0.         0.         0.         0.         0.         0.
  0.         0.         0.         0.         0.         0.
  0.         0.         0.         0.         0.         0.
  0.         0.         0.         0.         0.         0.
  0.         0.17835843 0.         0.19470379 0.         0.
  0.         0.         0.         0.         0.         0.20904822
  0.         0.         0.         0.         0.         0.
  0.         0.         0.         0.         0.         0.
  0.         0.17835843 0.         0.         0.         0.
  0.         0.         0.         0.         0.         0.
  0.         0.         0.         0.         0.         0.
  0.         0.         0.1727276  0.         0.         0.17604334
  0.         0.         0.         0.         0.         0.
  0.         0.         0.         0.         0.         0.
  0.        ]]"
"[[0.         0.         0.         0.         0.         0.
  0.         0.         0.         0.         0.         0.
  0.         0.         0.35958374 0.         0.33926714 0.
  0.         0.         0.         0.         0.         0.29710884
  0.         0.         0.         0.         0.         0.
  0.         0.         0.         0.         0.17208581 0.17063393
  0.30559631 0.         0.         0.         0.         0.
  0.         0.         0.         0.         0.28599258 0.35958374
  0.23811512 0.35958374 0.         0.         0.17208581 0.40797885
  0.17063393 0.         0.19636338 0.         0.         0.24101567
  0.         0.         0.         0.         0.         0.
  0.35958374 0.         0.         0.         0.         0.
  0.         0.30559631 0.         0.         0.30559631 0.8
  0.         0.40797885 0.         0.         0.         0.26510884
  0.         0.         0.27860466 0.         0.         0.
  0.         0.         0.         0.30559631 0.         0.
  0.         0.         0.         0.         0.35958374 0.17063393
  0.22370217 0.         0.         0.         0.         0.
  0.         0.         0.30559631 0.         0.         0.30559631
  0.         0.         0.28599258 0.         0.         0.
  0.23995    0.35958374 0.         0.30559631 0.         0.
  0.17635228 0.         0.19455173 0.         0.         0.27555071
  0.20424631 0.17635228 0.         0.         0.         0.
  0.         0.28345615 0.26595026 0.         0.         0.35958374
  0.         0.17635228 0.25186727 0.         0.35958374 0.35958374
  0.         0.         0.19330586 0.30559631 0.8        0.
  0.         0.26239101 0.18258472 0.         0.         0.
  0.38371421 0.35958374 0.         0.         0.         0.
  0.         0.15372301 0.         0.         0.28535258 0.35958374
  0.30559631 0.         0.34298738 0.30559631 0.         0.21398058
  0.30559631 0.         0.45445036 0.20753212 0.30559631 0.
  0.         0.         0.         0.         0.         0.40407763
  0.26395853 0.         0.         0.         0.28599258 0.
  0.         0.         0.         0.17063393 0.         0.
  0.         0.         0.35958374 0.35958374 0.         0.
  0.20504341 0.30559631 0.35958374 0.         0.36689079 0.
  0.         0.         0.30559631 0.         0.         0.
  0.28477742 0.         0.         0.         0.         0.8
  0.         0.35958374 0.         0.17208581 0.26239101 0.
  0.17063393 0.         0.         0.         0.         0.
  0.         0.         0.         0.         0.         0.8
  0.         0.2093391  0.35958374 0.26595026 0.         0.
  0.30559631 0.         0.         0.         0.         0.
  0.         0.17063393 0.         0.         0.         0.
  1.         0.         0.35958374 0.         0.         0.
  0.         0.         0.26595026 0.35958374 0.         0.
  0.38371421 0.         0.30559631 0.         0.25383871 0.30559631
  0.17063393 0.14038758 0.         0.         0.26239101 0.
  0.         0.         0.         0.30559631 0.         0.
  0.         0.21309942 0.         0.27501933 0.         0.
  0.         0.26510884 0.         0.         0.         0.
  0.         0.         0.35958374 0.17635228 0.         0.35958374
  0.17063393 0.15844308 0.         0.17635228 0.         0.
  0.34298738 0.         0.         0.         0.         0.21384464
  0.20671603 0.         0.         0.30559631 0.         0.
  0.         0.         0.         0.         0.         0.26239101
  0.         0.         0.         0.         0.         0.31052297
  0.         0.         0.         0.         0.20180077 0.
  0.         0.         0.         0.53119551 0.         0.
  0.         0.         0.         0.26395853 0.         0.
  0.         0.         0.         0.         0.         0.
  0.         0.         0.         0.30559631 0.         0.
  0.35958374 0.35958374 0.         0.         0.         0.
  0.         0.24312856 0.         0.         0.         0.
  0.         0.         0.         0.         0.         0.35958374
  0.         0.         0.         0.         0.         0.
  0.         0.         0.         0.         0.         0.
  0.25453898 0.         0.         0.         0.         0.
  0.17635228 0.         0.21787139 0.         0.         0.19318937
  0.26595026 0.         0.         0.         0.         0.
  0.         0.         0.         0.35958374 0.28477742 0.
  0.17635228 0.29710884 0.         0.         0.         0.
  0.30559631 0.         0.         0.         0.         0.
  0.26595026 0.         0.         0.17063393 0.         0.
  0.         0.         0.         0.         0.30559631 0.23811512
  0.         0.         0.         0.30559631 0.30559631 0.
  0.30559631 0.         0.35958374 0.         0.         0.
  0.         0.         0.         0.         0.         0.
  0.        ]]"
"[[0.         0.         0.         0.         0.         0.
  0.         0.         0.         0.         0.         0.
  0.         0.         0.         0.         0.         0.
  0.         0.         0.         0.         0.         0.
  0.         0.         0.         0.         0.         0.
  0.         0.         0.         0.         0.         0.
  0.         0.         0.         0.         0.         0.
  0.         0.         0.         0.22649559 0.         0.
  0.         0.         0.         0.         0.         0.
  0.         0.         0.         0.         0.         0.
  0.         0.         0.         0.         0.         0.
  0.         0.         0.         0.         0.         0.
  0.         0.         0.         0.         0.         0.
  0.         0.         0.         0.         0.         0.
  0.         0.         0.         0.         0.17723216 0.
  0.         0.         0.         0.         0.         0.
  0.         0.         0.         0.         0.         0.
  0.         0.         0.         0.         0.         0.
  0.         0.         0.         0.         0.         0.
  0.         0.         0.         0.         0.         0.
  0.         0.         0.         0.         0.53787951 0.
  0.         0.         0.         0.         0.         0.
  0.         0.         0.         0.         0.         0.
  0.         0.         0.         0.         0.         0.
  0.         0.         0.         0.         0.         0.
  0.         0.         0.         0.         0.         0.
  0.         0.         0.         0.         0.         0.
  0.         0.         0.         0.         0.         0.
  0.         0.         0.         0.         0.         0.
  0.         0.         0.         0.         0.         0.
  0.         0.         0.         0.         0.         0.
  0.         0.30860131 0.         0.         0.8        0.
  0.         0.         0.         0.         0.         0.
  0.         0.         0.4833483  0.         0.         0.
  0.         0.         0.         0.         0.         0.
  0.         0.         0.         0.         0.         0.
  0.         0.         0.         0.         0.         0.
  0.         0.         0.         0.         0.         0.
  0.         0.         0.         0.         0.         0.
  0.         0.         0.         0.         0.         0.
  0.         0.         0.         0.         0.         0.
  0.         0.         0.         0.         0.         0.
  0.         0.         0.         0.         0.         0.
  0.         0.         0.         0.         0.         0.
  0.         1.         0.         0.         0.         0.
  0.         0.         0.         0.         0.         0.
  0.         0.         0.         0.         0.         0.
  0.         0.         0.         0.         0.         0.
  0.         0.         0.         0.         0.         0.
  0.         0.         0.         0.         0.         0.
  0.         0.         0.         0.         0.         0.
  0.         0.         0.         0.         0.         0.
  0.         0.         0.         0.         0.         0.
  0.         0.         0.         0.         0.         0.
  0.         0.         0.         0.         0.         0.
  0.         0.         0.         0.         0.         0.
  0.         0.         0.         0.         0.         0.
  0.         0.         0.         0.         0.         0.17723216
  0.         0.         0.         0.         0.         0.
  0.         0.         0.         0.         0.         0.
  0.         0.         0.         0.         0.         0.
  0.         0.         0.         0.         0.43145098 0.
  0.         0.         0.         0.         0.         0.
  0.         0.         0.         0.         0.         0.
  0.         0.         0.         0.         0.         0.
  0.         0.         0.         0.         0.         0.
  0.         0.22649559 0.         0.         0.         0.
  0.         0.         0.         0.         0.         0.
  0.         0.         0.         0.         0.         0.
  0.         0.         0.         0.         0.         0.
  0.         0.         0.         0.         0.         0.
  0.         0.         0.         0.         0.         0.
  0.         0.         0.         0.         0.         0.
  0.         0.         0.         0.         0.         0.27575902
  0.         0.         0.         0.         0.         0.
  0.         0.         0.         0.         0.         0.
  0.         0.         0.         0.         0.         0.
  0.         0.         0.         0.         0.         0.
  0.        ]]"
"[[0.         0.         0.         0.         0.         0.
  0.         0.         0.         0.         0.         0.
  0.         0.         0.64       0.         0.39229413 0.
  0.         0.         0.         0.         0.         0.33244119
  0.         0.         0.         0.         0.         0.
  0.         0.         0.         0.         0.17043872 0.15288238
  0.44519629 0.         0.         0.         0.         0.
  0.         0.         0.         0.         0.53409874 0.64
  0.29903933 0.64       0.         0.         0.17043872 0.35113562
  0.15288238 0.         0.18604718 0.         0.         0.27974558
  0.         0.         0.         0.         0.         0.
  0.64       0.         0.         0.         0.         0.
  0.         0.44519629 0.         0.         0.44519629 0.35958374
  0.         0.35113562 0.         0.         0.         0.39644119
  0.         0.         0.41269289 0.         0.         0.
  0.         0.         0.         0.44519629 0.         0.
  0.         0.         0.         0.         0.64       0.15288238
  0.27302556 0.         0.         0.         0.         0.
  0.         0.         0.44519629 0.         0.         0.44519629
  0.         0.         0.53409874 0.         0.         0.
  0.27743458 0.64       0.         0.44519629 0.         0.
  0.16524586 0.         0.20305623 0.         0.         0.46526996
  0.22394201 0.16524586 0.         0.         0.         0.
  0.         0.46821907 0.34433176 0.         0.         0.64
  0.         0.16524586 0.25945255 0.         0.64       0.64
  0.         0.         0.20029674 0.44519629 0.35958374 0.
  0.         0.21680308 0.18548975 0.         0.         0.
  0.32874686 0.64       0.         0.         0.         0.
  0.         0.14873826 0.         0.         0.49281874 0.64
  0.44519629 0.         0.36440154 0.44519629 0.         0.27181922
  0.44519629 0.         0.38411653 0.23334155 0.44519629 0.
  0.         0.         0.         0.         0.         0.31091953
  0.3418325  0.         0.         0.         0.53409874 0.
  0.         0.         0.         0.15288238 0.         0.
  0.         0.         0.64       0.8        0.         0.
  0.2284161  0.44519629 0.64       0.         0.33097328 0.
  0.         0.         0.44519629 0.         0.         0.
  0.39351439 0.         0.         0.         0.         0.35958374
  0.         0.64       0.         0.17043872 0.21680308 0.
  0.15288238 0.         0.         0.         0.         0.
  0.         0.         0.         0.         0.         0.35958374
  0.         0.23079213 0.64       0.34433176 0.         0.
  0.44519629 0.         0.         0.         0.         0.
  0.         0.15288238 0.         0.         0.         0.
  0.35958374 0.         1.         0.         0.         0.
  0.         0.         0.34433176 0.64       0.         0.
  0.32874686 0.         0.44519629 0.         0.2815388  0.44519629
  0.15288238 0.12566528 0.         0.         0.21680308 0.
  0.         0.         0.         0.44519629 0.         0.
  0.         0.25487425 0.         0.36805328 0.         0.
  0.         0.39644119 0.         0.         0.         0.
  0.         0.         0.64       0.16524586 0.         0.64
  0.15288238 0.14292334 0.         0.16524586 0.         0.
  0.36440154 0.         0.         0.         0.         0.24508734
  0.22752403 0.         0.         0.44519629 0.         0.
  0.         0.         0.         0.         0.         0.21680308
  0.         0.         0.         0.         0.         0.56939916
  0.         0.         0.         0.         0.21967129 0.
  0.         0.         0.         0.28819341 0.         0.
  0.         0.         0.         0.3418325  0.         0.
  0.         0.         0.         0.         0.         0.
  0.         0.         0.         0.44519629 0.         0.
  0.64       0.64       0.         0.         0.         0.
  0.         0.29723816 0.         0.         0.         0.
  0.         0.         0.         0.         0.         0.64
  0.         0.         0.         0.         0.         0.
  0.         0.         0.         0.         0.         0.
  0.39758727 0.         0.         0.         0.         0.
  0.16524586 0.         0.24266179 0.         0.         0.2049482
  0.34433176 0.         0.         0.         0.         0.
  0.         0.         0.         0.8        0.39351439 0.
  0.16524586 0.33244119 0.         0.         0.         0.
  0.44519629 0.         0.         0.         0.         0.
  0.34433176 0.         0.         0.15288238 0.         0.
  0.         0.         0.         0.         0.44519629 0.29903933
  0.         0.         0.         0.44519629 0.44519629 0.
  0.44519629 0.         0.64       0.         0.         0.
  0.         0.         0.         0.         0.         0.
  0.        ]]"
"[[0.         0.         0.         0.         0.         0.
  0.         0.         0.         0.         0.         0.
  0.         0.         0.         0.8        0.         0.08533333
  0.         0.         0.         0.         0.         0.
  0.         0.         0.8        0.8        0.         0.
  0.64       0.         0.         0.         0.         0.
  0.         0.         0.         0.8        0.         0.
  0.         0.8        0.         0.         0.         0.
  0.         0.         0.64       0.         0.         0.
  0.         0.256      0.         0.         0.         0.
  0.256      0.128      0.8        0.         0.         0.
  0.         0.         0.         0.         0.         0.256
  0.         0.         0.8        0.         0.         0.
  0.         0.         0.         0.         0.         0.
  0.         0.         0.         0.         0.         0.
  0.         0.256      0.         0.         0.         0.
  0.         0.         0.256      0.         0.         0.
  0.         0.192      0.         0.         0.256      0.
  0.         0.         0.         0.21333333 0.07893333 0.
  0.07893333 0.         0.         0.128      0.         0.128
  0.         0.         0.         0.         0.         0.256
  0.         0.64       0.         0.         0.         0.
  0.         0.         0.         0.         0.         0.256
  0.256      0.         0.         0.         0.         0.
  0.256      0.         0.         0.8        0.         0.
  0.         0.08533333 0.         0.         0.         0.21333333
  0.64       0.         0.         0.256      0.         0.
  0.         0.         0.07893333 0.         0.         0.
  0.8        0.         0.08533333 0.8        0.         0.
  0.         0.         0.         0.         0.         0.
  0.         0.256      0.         0.         0.         0.
  0.256      0.         0.8        0.         0.         0.
  0.         0.         0.64       0.         0.         0.
  0.256      0.         0.         0.         0.         0.256
  0.         0.         0.         0.         0.         0.
  0.         0.         0.         0.         0.         0.
  0.256      0.         0.         0.21333333 0.         0.
  0.         0.256      0.17066667 0.128      0.         0.
  0.256      0.         0.         0.         0.         0.
  0.         0.256      0.256      0.         0.         0.64
  0.         0.8        0.         0.256      0.17066667 0.
  0.         0.         0.         0.         0.         0.11377778
  0.         0.8        0.         0.         0.         0.128
  0.256      0.         0.         0.8        0.05688889 0.
  0.         0.         0.         1.         0.64       0.
  0.         0.         0.         0.         0.         0.
  0.         0.         0.         0.         0.         0.
  0.         0.         0.256      0.         0.         0.256
  0.64       0.18488889 0.         0.         0.         0.256
  0.         0.         0.         0.         0.         0.
  0.64       0.         0.         0.         0.         0.03754667
  0.         0.03413333 0.         0.         0.         0.
  0.         0.         0.8        0.         0.256      0.8
  0.         0.         0.64       0.09386667 0.64       0.
  0.         0.         0.8        0.         0.         0.
  0.         0.         0.256      0.         0.         0.
  0.256      0.         0.         0.21333333 0.256      0.
  0.         0.21333333 0.         0.         0.         0.
  0.07893333 0.         0.         0.         0.256      0.256
  0.8        0.         0.256      0.         0.256      0.8
  0.256      0.         0.         0.         0.         0.21333333
  0.256      0.         0.         0.         0.         0.256
  0.         0.         0.256      0.8        0.256      0.256
  0.         0.         0.256      0.21333333 0.         0.192
  0.         0.         0.256      0.         0.06257778 0.
  0.21333333 0.         0.03413333 0.03413333 0.         0.
  0.         0.         0.         0.72       0.         0.
  0.         0.         0.17066667 0.         0.192      0.
  0.         0.         0.         0.         0.         0.
  0.         0.64       0.         0.21333333 0.17066667 0.
  0.         0.8        0.         0.         0.         0.
  0.         0.         0.         0.         0.256      0.15847619
  0.         0.         0.         0.         0.         0.
  0.         0.8        0.8        0.         0.         0.
  0.         0.         0.         0.         0.         0.
  0.256      0.256      0.         0.         0.         0.
  0.         0.         0.         0.         0.         0.1152
  0.64       0.         0.         0.         0.         0.
  0.        ]]"
"[[0.         0.         0.         0.         0.         0.
  0.         0.         0.         0.         0.         0.
  0.         0.         0.         0.64       0.         0.08533333
  0.         0.         0.         0.         0.         0.
  0.         0.         0.64       0.64       0.         0.
  0.8        0.         0.         0.         0.         0.
  0.         0.         0.         0.64       0.         0.
  0.         0.64       0.         0.         0.         0.
  0.         0.         0.8        0.         0.         0.
  0.         0.256      0.         0.         0.         0.
  0.256      0.128      0.64       0.         0.         0.
  0.         0.         0.         0.         0.         0.256
  0.         0.         0.64       0.         0.         0.
  0.         0.         0.         0.         0.         0.
  0.         0.         0.         0.         0.         0.
  0.         0.256      0.         0.         0.         0.
  0.         0.         0.256      0.         0.         0.
  0.         0.192      0.         0.         0.256      0.
  0.         0.         0.         0.21333333 0.07893333 0.
  0.07893333 0.         0.         0.128      0.         0.128
  0.         0.         0.         0.         0.         0.256
  0.         0.8        0.         0.         0.         0.
  0.         0.         0.         0.         0.         0.256
  0.256      0.         0.         0.         0.         0.
  0.256      0.         0.         0.64       0.         0.
  0.         0.08533333 0.         0.         0.         0.21333333
  0.8        0.         0.         0.256      0.         0.
  0.         0.         0.07893333 0.         0.         0.
  0.64       0.         0.08533333 0.64       0.         0.
  0.         0.         0.         0.         0.         0.
  0.         0.256      0.         0.         0.         0.
  0.256      0.         0.64       0.         0.         0.
  0.         0.         0.8        0.         0.         0.
  0.256      0.         0.         0.         0.         0.256
  0.         0.         0.         0.         0.         0.
  0.         0.         0.         0.         0.         0.
  0.256      0.         0.         0.21333333 0.         0.
  0.         0.256      0.17066667 0.128      0.         0.
  0.256      0.         0.         0.         0.         0.
  0.         0.256      0.256      0.         0.         0.8
  0.         0.64       0.         0.256      0.17066667 0.
  0.         0.         0.         0.         0.         0.11377778
  0.         0.64       0.         0.         0.         0.128
  0.256      0.         0.         0.64       0.05688889 0.
  0.         0.         0.         0.64       1.         0.
  0.         0.         0.         0.         0.         0.
  0.         0.         0.         0.         0.         0.
  0.         0.         0.256      0.         0.         0.256
  0.8        0.18488889 0.         0.         0.         0.256
  0.         0.         0.         0.         0.         0.
  0.8        0.         0.         0.         0.         0.03754667
  0.         0.03413333 0.         0.         0.         0.
  0.         0.         0.64       0.         0.256      0.64
  0.         0.         0.8        0.09386667 0.8        0.
  0.         0.         0.64       0.         0.         0.
  0.         0.         0.256      0.         0.         0.
  0.256      0.         0.         0.21333333 0.256      0.
  0.         0.21333333 0.         0.         0.         0.
  0.07893333 0.         0.         0.         0.256      0.256
  0.64       0.         0.256      0.         0.256      0.64
  0.256      0.         0.         0.         0.         0.21333333
  0.256      0.         0.         0.         0.         0.256
  0.         0.         0.256      0.64       0.256      0.256
  0.         0.         0.256      0.21333333 0.         0.192
  0.         0.         0.256      0.         0.06257778 0.
  0.21333333 0.         0.03413333 0.03413333 0.         0.
  0.         0.         0.         0.72       0.         0.
  0.         0.         0.17066667 0.         0.192      0.
  0.         0.         0.         0.         0.         0.
  0.         0.8        0.         0.21333333 0.17066667 0.
  0.         0.64       0.         0.         0.         0.
  0.         0.         0.         0.         0.256      0.15847619
  0.         0.         0.         0.         0.         0.
  0.         0.64       0.64       0.         0.         0.
  0.         0.         0.         0.         0.         0.
  0.256      0.256      0.         0.         0.         0.
  0.         0.         0.         0.         0.         0.1152
  0.8        0.         0.         0.         0.         0.
  0.        ]]"
"[[0.         0.         0.         0.         0.         0.
  0.         0.         0.         0.         0.         0.
  0.         0.         0.         0.         0.         0.
  0.         0.         0.         0.         0.         0.
  0.         0.128      0.         0.         0.         0.
  0.         0.         0.29866667 0.         0.         0.
  0.         0.         0.         0.         0.         0.
  0.         0.         0.         0.         0.         0.
  0.         0.         0.         0.256      0.         0.
  0.         0.         0.         0.8        0.         0.
  0.         0.         0.         0.2048     0.64       0.
  0.         0.         0.         0.         0.29866667 0.
  0.256      0.         0.         0.256      0.         0.
  0.64       0.         0.         0.         0.         0.
  0.8        0.64       0.         0.         0.         0.
  0.         0.         0.         0.         0.         0.64
  0.         0.256      0.         0.         0.         0.
  0.         0.         0.         0.8        0.         0.
  0.         0.         0.         0.         0.         0.
  0.         0.64       0.         0.         0.         0.
  0.         0.         0.         0.         0.         0.
  0.         0.         0.         0.128      0.         0.
  0.         0.         0.         0.         0.         0.
  0.         0.         0.         0.         0.         0.
  0.         0.         0.         0.         0.         0.
  0.         0.         0.         0.         0.         0.
  0.         0.         0.         0.         0.         0.
  0.         0.         0.         0.         0.         0.
  0.         0.         0.         0.         0.         0.
  0.         0.         0.         0.         0.8        0.
  0.         0.         0.         0.         0.         0.
  0.         0.         0.         0.         0.         0.
  0.         0.8        0.         0.         0.         0.
  0.         0.128      0.         0.         0.         0.
  0.         0.2048     0.         0.         0.         0.
  0.         0.         0.         0.64       0.         0.
  0.         0.04266667 0.         0.         0.         0.
  0.         0.         0.         0.         0.         0.
  0.         0.         0.2048     0.         0.         0.04266667
  0.         0.         0.         0.8        0.         0.
  0.         0.         0.         0.         0.         0.
  0.         0.         0.         0.         0.         0.
  0.         0.         0.         0.         0.         0.
  0.         0.         0.         0.         0.         0.
  0.         0.         0.         0.         0.         1.
  0.         0.         0.         0.         0.2048     0.
  0.         0.         0.         0.64       0.         0.
  0.         0.         0.         0.         0.         0.
  0.         0.         0.8        0.         0.         0.
  0.04266667 0.         0.         0.         0.         0.29866667
  0.         0.         0.         0.8        0.         0.
  0.         0.         0.         0.         0.8        0.
  0.         0.         0.         0.         0.         0.
  0.         0.         0.         0.         0.         0.
  0.         0.         0.         0.         0.29866667 0.
  0.         0.         0.         0.         0.04266667 0.
  0.         0.         0.         0.         0.         0.
  0.         0.         0.         0.256      0.         0.
  0.         0.         0.         0.         0.         0.
  0.         0.         0.         0.         0.         0.
  0.         0.         0.8        0.         0.256      0.
  0.         0.         0.8        0.         0.         0.
  0.         0.         0.         0.         0.         0.
  0.         0.         0.         0.         0.         0.
  0.         0.256      0.         0.2048     0.         0.
  0.         0.         0.         0.         0.         0.8
  0.         0.         0.         0.         0.         0.
  0.         0.         0.         0.2048     0.         0.8
  0.         0.         0.         0.         0.         0.
  0.         0.         0.         0.         0.         0.
  0.         0.         0.         0.         0.         0.
  0.         0.         0.         0.64       0.         0.
  0.         0.         0.         0.8        0.         0.
  0.         0.         0.         0.         0.         0.
  0.8        0.8        0.         0.         0.         0.
  0.         0.         0.         0.         0.         0.
  0.         0.         0.         0.         0.8        0.
  0.         0.8        0.2048     0.256      0.         0.
  0.        ]]"
"[[0.  0.  0.  0.  0.  0.  0.  0.  0.  0.  0.  0.  0.  0.  0.  0.  0.  0.
  0.  0.  0.  0.  0.  0.  0.  0.  0.  0.  0.  0.  0.  0.  0.  0.  0.  0.
  0.  0.  0.  0.  0.  0.  0.  0.  0.  0.  0.  0.  0.  0.  0.  0.  0.  0.
  0.  0.  0.  0.  0.  0.  0.  0.  0.  0.  0.  0.  0.  0.8 0.  0.  0.  0.
  0.  0.  0.  0.  0.  0.  0.  0.  0.  0.  0.  0.  0.  0.  0.  0.  0.  0.
  0.  0.  0.  0.  0.  0.  0.  0.  0.  0.  0.  0.  0.  0.  0.  0.  0.  0.
  0.  0.  0.  0.  0.  0.  0.  0.  0.  0.  0.8 0.  0.  0.  0.  0.  0.  0.
  0.  0.  0.  0.  0.  0.  0.  0.  0.  0.  0.8 0.  0.  0.  0.  0.  0.  0.
  0.  0.  0.  0.  0.  0.  0.  0.  0.  0.  0.  0.  0.  0.  0.  0.  0.  0.
  0.  0.  0.  0.  0.  0.  0.  0.  0.  0.  0.  0.  0.  0.  0.  0.  0.  0.
  0.  0.  0.  0.  0.  0.  0.  0.  0.  0.  0.  0.  0.  0.  0.  0.8 0.  0.
  0.  0.  0.  0.  0.  0.  0.  0.  0.  0.  0.  0.  0.  0.  0.  0.  0.  0.
  0.  0.  0.  0.  0.  0.  0.  0.  0.  0.  0.8 0.  0.  0.  0.  0.  0.  0.
  0.  0.  0.  0.  0.8 0.  0.8 0.  0.  0.  0.  0.  0.  0.  0.  0.  0.  0.
  0.  0.  0.  0.8 0.  0.  0.  0.  0.8 0.  0.  0.  0.  0.  0.  0.  0.  0.
  1.  0.  0.  0.  0.  0.  0.  0.  0.  0.  0.  0.  0.  0.  0.  0.  0.  0.
  0.  0.  0.  0.  0.  0.  0.  0.  0.8 0.  0.  0.  0.  0.  0.  0.  0.  0.
  0.  0.  0.  0.  0.  0.  0.  0.  0.  0.  0.  0.  0.  0.  0.  0.  0.  0.
  0.  0.  0.  0.  0.  0.  0.  0.  0.  0.8 0.  0.  0.  0.  0.  0.  0.  0.
  0.  0.  0.8 0.  0.  0.  0.  0.  0.  0.  0.  0.  0.  0.  0.  0.  0.  0.
  0.  0.  0.  0.  0.  0.  0.  0.  0.  0.  0.  0.  0.  0.  0.  0.  0.  0.
  0.  0.  0.  0.  0.8 0.  0.  0.  0.  0.  0.  0.  0.  0.  0.  0.  0.  0.
  0.  0.  0.8 0.  0.  0.  0.  0.8 0.  0.  0.  0.  0.  0.  0.  0.  0.  0.
  0.  0.  0.  0.  0.  0.  0.  0.  0.  0.  0.  0.  0.  0.  0.  0.  0.  0.
  0.  0.  0.  0.  0.  0.  0.  0.  0.  0.  0.  0.  0.  0.  0.  0.  0.  0.
  0.  0.  0.  0.  0.  0.  0.  0.  0.  0.  0.  0.  0.  0.  0.  0.  0.  0.
  0. ]]"
"[[0.         0.         0.         0.         0.         0.
  0.         0.         0.         0.         0.         0.
  0.         0.         0.         0.         0.         0.
  0.         0.15010187 0.15010187 0.         0.15668726 0.
  0.         0.         0.         0.         0.         0.
  0.         0.         0.         0.17007839 0.         0.
  0.         0.         0.         0.         0.         0.27431406
  0.28177517 0.         0.         0.         0.         0.
  0.         0.         0.         0.         0.         0.
  0.         0.         0.         0.         0.         0.
  0.         0.         0.         0.         0.         0.
  0.         0.         0.14703165 0.         0.         0.
  0.         0.         0.         0.         0.         0.
  0.         0.         0.         0.         0.         0.
  0.         0.         0.         0.         0.         0.
  0.13950828 0.         0.2653219  0.         0.23800075 0.
  0.         0.         0.         0.         0.         0.
  0.         0.         0.         0.         0.         0.14703165
  0.         0.         0.         0.         0.         0.
  0.         0.         0.         0.         0.         0.
  0.         0.         0.         0.         0.         0.
  0.         0.         0.         0.         0.         0.
  0.         0.         0.         0.1169382  0.         0.
  0.         0.         0.         0.         0.         0.
  0.         0.         0.         0.         0.         0.
  0.21636686 0.         0.         0.         0.         0.
  0.         0.         0.         0.         0.         0.
  0.         0.         0.         0.13677328 0.         0.
  0.         0.         0.         0.         0.         0.
  0.         0.         0.         0.         0.         0.
  0.         0.         0.         0.         0.         0.
  0.         0.         0.         0.         0.         0.
  0.         0.         0.         0.         0.         0.
  0.         0.         0.         0.         0.31226026 0.
  0.         0.         0.         0.         0.         0.
  0.         0.         0.         0.         0.         0.
  0.         0.         0.         0.         0.         0.
  0.         0.         0.         0.         0.         0.
  0.         0.         0.         0.         0.         0.
  0.         0.         0.         0.         0.         0.
  0.         0.         0.         0.         0.         0.
  0.         0.         0.         0.         0.         0.
  0.         0.         0.         0.         0.         0.
  0.         0.         0.         0.         0.         0.
  0.         0.         0.         0.         0.         0.
  0.         1.         0.         0.         0.         0.28461813
  0.         0.         0.         0.         0.         0.
  0.         0.         0.         0.         0.         0.
  0.         0.         0.         0.         0.         0.
  0.         0.         0.         0.         0.         0.
  0.         0.         0.         0.         0.         0.
  0.         0.         0.         0.         0.         0.
  0.         0.         0.         0.         0.         0.
  0.         0.20888574 0.         0.         0.         0.
  0.         0.31669841 0.         0.         0.         0.21734516
  0.         0.         0.         0.         0.         0.
  0.         0.         0.         0.         0.         0.
  0.         0.         0.         0.         0.         0.
  0.         0.         0.         0.         0.         0.
  0.         0.         0.         0.         0.         0.
  0.         0.         0.         0.         0.         0.
  0.         0.17644344 0.         0.         0.         0.
  0.         0.         0.         0.         0.         0.
  0.         0.         0.         0.         0.         0.
  0.33345309 0.         0.         0.         0.         0.
  0.         0.         0.         0.         0.         0.
  0.         0.         0.         0.         0.         0.
  0.         0.         0.         0.         0.         0.
  0.         0.         0.         0.         0.         0.
  0.         0.         0.         0.         0.         0.
  0.1169382  0.         0.         0.         0.         0.
  0.         0.         0.         0.         0.         0.
  0.         0.         0.         0.         0.         0.21470482
  0.         0.         0.         0.         0.         0.
  0.         0.         0.         0.         0.         0.
  0.         0.         0.         0.         0.         0.
  0.         0.         0.         0.         0.         0.
  0.         0.         0.         0.         0.         0.
  0.        ]]"
"[[0.         0.         0.         0.         0.         0.
  0.         0.         0.         0.         0.         0.
  0.         0.         0.34433176 0.         0.29005534 0.
  0.         0.         0.         0.         0.         0.26291713
  0.         0.         0.         0.         0.         0.
  0.         0.         0.         0.         0.18349698 0.18150249
  0.30330801 0.         0.         0.         0.         0.
  0.         0.         0.         0.         0.28244938 0.34433176
  0.24240525 0.34433176 0.         0.         0.18349698 0.26939131
  0.18150249 0.         0.19617139 0.         0.         0.24133326
  0.         0.         0.         0.         0.         0.
  0.34433176 0.         0.         0.         0.         0.
  0.         0.30330801 0.         0.         0.30330801 0.26595026
  0.         0.26939131 0.         0.         0.         0.26291713
  0.         0.         0.27638076 0.         0.         0.
  0.         0.         0.         0.30330801 0.         0.
  0.         0.         0.         0.         0.34433176 0.18150249
  0.22761531 0.         0.         0.         0.         0.
  0.         0.         0.30330801 0.         0.         0.30330801
  0.         0.         0.28244938 0.         0.         0.
  0.24020602 0.34433176 0.         0.30330801 0.         0.
  0.18237349 0.         0.19573403 0.         0.         0.27268325
  0.25544444 0.18237349 0.         0.         0.         0.
  0.         0.37078822 0.8        0.         0.         0.34433176
  0.         0.18237349 0.22240572 0.         0.34433176 0.34433176
  0.         0.         0.20236928 0.30330801 0.26595026 0.
  0.         0.20618598 0.19348379 0.         0.         0.
  0.25885709 0.34433176 0.         0.         0.         0.
  0.         0.15203277 0.         0.         0.28197886 0.34433176
  0.30330801 0.         0.27525887 0.30330801 0.         0.22006145
  0.30330801 0.         0.28402907 0.24057485 0.30330801 0.
  0.         0.         0.         0.         0.         0.2506562
  0.25244863 0.         0.         0.         0.28244938 0.
  0.         0.         0.         0.18150249 0.         0.
  0.         0.         0.34433176 0.34433176 0.         0.
  0.23450738 0.30330801 0.34433176 0.         0.33616322 0.
  0.         0.         0.30330801 0.         0.         0.
  0.27787832 0.         0.         0.         0.         0.26595026
  0.         0.34433176 0.         0.18349698 0.20618598 0.
  0.18150249 0.         0.         0.         0.         0.
  0.         0.         0.         0.         0.         0.26595026
  0.         0.21397927 0.34433176 0.8        0.         0.
  0.30330801 0.         0.         0.         0.         0.
  0.         0.18150249 0.         0.         0.         0.
  0.26595026 0.         0.34433176 0.         0.         0.
  0.         0.         1.         0.34433176 0.         0.
  0.25885709 0.         0.30330801 0.         0.25423278 0.30330801
  0.18150249 0.15800389 0.         0.         0.20618598 0.
  0.         0.         0.         0.30330801 0.         0.
  0.         0.22336101 0.         0.27185262 0.         0.
  0.         0.26291713 0.         0.         0.         0.
  0.         0.         0.34433176 0.18237349 0.         0.34433176
  0.18150249 0.17127172 0.         0.18237349 0.         0.
  0.27525887 0.         0.         0.         0.         0.22211133
  0.21454611 0.         0.         0.30330801 0.         0.
  0.         0.         0.         0.         0.         0.20618598
  0.         0.         0.         0.         0.         0.30307684
  0.         0.         0.         0.         0.21085975 0.
  0.         0.         0.         0.23606812 0.         0.
  0.         0.         0.         0.25244863 0.         0.
  0.         0.         0.         0.         0.         0.
  0.         0.         0.         0.30330801 0.         0.
  0.34433176 0.34433176 0.         0.         0.         0.
  0.         0.23693173 0.         0.         0.         0.
  0.         0.         0.         0.         0.         0.34433176
  0.         0.         0.         0.         0.         0.
  0.         0.         0.         0.         0.         0.
  0.25551505 0.         0.         0.         0.         0.
  0.18237349 0.         0.22389402 0.         0.         0.20383056
  0.8        0.         0.         0.         0.         0.
  0.         0.         0.         0.34433176 0.27787832 0.
  0.18237349 0.26291713 0.         0.         0.         0.
  0.30330801 0.         0.         0.         0.         0.
  0.8        0.         0.         0.18150249 0.         0.
  0.         0.         0.         0.         0.30330801 0.24240525
  0.         0.         0.         0.30330801 0.30330801 0.
  0.30330801 0.         0.34433176 0.         0.         0.
  0.         0.         0.         0.         0.         0.
  0.        ]]"
"[[0.         0.         0.         0.         0.         0.
  0.         0.         0.         0.         0.         0.
  0.         0.         0.8        0.         0.39229413 0.
  0.         0.         0.         0.         0.         0.33244119
  0.         0.         0.         0.         0.         0.
  0.         0.         0.         0.         0.17043872 0.15288238
  0.44519629 0.         0.         0.         0.         0.
  0.         0.         0.         0.         0.45409874 0.8
  0.29903933 0.8        0.         0.         0.17043872 0.35113562
  0.15288238 0.         0.18604718 0.         0.         0.27974558
  0.         0.         0.         0.         0.         0.
  0.64       0.         0.         0.         0.         0.
  0.         0.44519629 0.         0.         0.44519629 0.35958374
  0.         0.35113562 0.         0.         0.         0.39644119
  0.         0.         0.46602622 0.         0.         0.
  0.         0.         0.         0.44519629 0.         0.
  0.         0.         0.         0.         0.8        0.15288238
  0.27302556 0.         0.         0.         0.         0.
  0.         0.         0.44519629 0.         0.         0.44519629
  0.         0.         0.45409874 0.         0.         0.
  0.27743458 0.8        0.         0.44519629 0.         0.
  0.16524586 0.         0.20305623 0.         0.         0.42526996
  0.22394201 0.16524586 0.         0.         0.         0.
  0.         0.4415524  0.34433176 0.         0.         0.64
  0.         0.16524586 0.25945255 0.         0.8        0.8
  0.         0.         0.20029674 0.44519629 0.35958374 0.
  0.         0.21680308 0.18548975 0.         0.         0.
  0.32874686 0.8        0.         0.         0.         0.
  0.         0.14873826 0.         0.         0.45281874 0.8
  0.44519629 0.         0.36440154 0.44519629 0.         0.27181922
  0.44519629 0.         0.38411653 0.23334155 0.44519629 0.
  0.         0.         0.         0.         0.         0.31091953
  0.3418325  0.         0.         0.         0.45409874 0.
  0.         0.         0.         0.15288238 0.         0.
  0.         0.         0.8        0.64       0.         0.
  0.2284161  0.44519629 0.8        0.         0.33097328 0.
  0.         0.         0.44519629 0.         0.         0.
  0.39351439 0.         0.         0.         0.         0.35958374
  0.         0.8        0.         0.17043872 0.21680308 0.
  0.15288238 0.         0.         0.         0.         0.
  0.         0.         0.         0.         0.         0.35958374
  0.         0.23079213 0.8        0.34433176 0.         0.
  0.44519629 0.         0.         0.         0.         0.
  0.         0.15288238 0.         0.         0.         0.
  0.35958374 0.         0.64       0.         0.         0.
  0.         0.         0.34433176 1.         0.         0.
  0.32874686 0.         0.44519629 0.         0.2815388  0.44519629
  0.15288238 0.12566528 0.         0.         0.21680308 0.
  0.         0.         0.         0.44519629 0.         0.
  0.         0.25487425 0.         0.36805328 0.         0.
  0.         0.39644119 0.         0.         0.         0.
  0.         0.         0.8        0.16524586 0.         0.8
  0.15288238 0.14292334 0.         0.16524586 0.         0.
  0.36440154 0.         0.         0.         0.         0.24508734
  0.22752403 0.         0.         0.44519629 0.         0.
  0.         0.         0.         0.         0.         0.21680308
  0.         0.         0.         0.         0.         0.51606583
  0.         0.         0.         0.         0.21967129 0.
  0.         0.         0.         0.28819341 0.         0.
  0.         0.         0.         0.3418325  0.         0.
  0.         0.         0.         0.         0.         0.
  0.         0.         0.         0.44519629 0.         0.
  0.8        0.8        0.         0.         0.         0.
  0.         0.29723816 0.         0.         0.         0.
  0.         0.         0.         0.         0.         0.8
  0.         0.         0.         0.         0.         0.
  0.         0.         0.         0.         0.         0.
  0.37473012 0.         0.         0.         0.         0.
  0.16524586 0.         0.24266179 0.         0.         0.2049482
  0.34433176 0.         0.         0.         0.         0.
  0.         0.         0.         0.64       0.39351439 0.
  0.16524586 0.33244119 0.         0.         0.         0.
  0.44519629 0.         0.         0.         0.         0.
  0.34433176 0.         0.         0.15288238 0.         0.
  0.         0.         0.         0.         0.44519629 0.29903933
  0.         0.         0.         0.44519629 0.44519629 0.
  0.44519629 0.         0.8        0.         0.         0.
  0.         0.         0.         0.         0.         0.
  0.        ]]"
"[[0.         0.         0.         0.         0.         0.
  0.         0.         0.         0.         0.         0.
  0.         0.         0.         0.         0.         0.
  0.         0.         0.         0.         0.         0.
  0.         0.08533333 0.         0.         0.         0.
  0.         0.         0.12515556 0.         0.         0.
  0.         0.         0.         0.         0.         0.
  0.         0.         0.         0.         0.         0.
  0.         0.         0.         0.17066667 0.         0.
  0.         0.         0.         0.2048     0.         0.
  0.         0.         0.         0.72       0.2048     0.
  0.         0.         0.         0.         0.12515556 0.
  0.17066667 0.         0.         0.17066667 0.         0.
  0.2048     0.         0.         0.         0.         0.
  0.2048     0.2048     0.         0.         0.         0.
  0.         0.         0.         0.         0.         0.2048
  0.         0.17066667 0.         0.         0.         0.
  0.         0.         0.         0.2048     0.         0.
  0.         0.         0.         0.         0.         0.
  0.         0.2048     0.         0.         0.         0.
  0.         0.         0.         0.         0.         0.
  0.         0.         0.         0.08533333 0.         0.
  0.         0.         0.         0.         0.         0.
  0.         0.         0.         0.         0.         0.
  0.         0.         0.         0.         0.         0.
  0.         0.         0.         0.         0.         0.
  0.         0.         0.         0.         0.         0.
  0.         0.         0.         0.         0.         0.
  0.         0.         0.         0.         0.         0.
  0.         0.         0.         0.         0.2048     0.
  0.         0.         0.         0.         0.         0.
  0.         0.         0.         0.         0.         0.
  0.         0.2048     0.         0.         0.         0.
  0.         0.08533333 0.         0.         0.         0.
  0.         0.72       0.         0.         0.         0.
  0.         0.         0.         0.2048     0.         0.
  0.         0.02844444 0.         0.         0.         0.
  0.         0.         0.         0.         0.         0.
  0.         0.         0.72       0.         0.         0.02844444
  0.         0.         0.         0.2048     0.         0.
  0.         0.         0.         0.         0.         0.
  0.         0.         0.         0.         0.         0.
  0.         0.         0.         0.         0.         0.
  0.         0.         0.         0.         0.         0.
  0.         0.         0.         0.         0.         0.2048
  0.         0.         0.         0.         1.         0.
  0.         0.         0.         0.2048     0.         0.
  0.         0.         0.         0.         0.         0.
  0.         0.         0.2048     0.         0.         0.
  0.02844444 0.         0.         0.         0.         0.12515556
  0.         0.         0.         0.2048     0.         0.
  0.         0.         0.         0.         0.2048     0.
  0.         0.         0.         0.         0.         0.
  0.         0.         0.         0.         0.         0.
  0.         0.         0.         0.         0.12515556 0.
  0.         0.         0.         0.         0.02844444 0.
  0.         0.         0.         0.         0.         0.
  0.         0.         0.         0.17066667 0.         0.
  0.         0.         0.         0.         0.         0.
  0.         0.         0.         0.         0.         0.
  0.         0.         0.2048     0.         0.17066667 0.
  0.         0.         0.2048     0.         0.         0.
  0.         0.         0.         0.         0.         0.
  0.         0.         0.         0.         0.         0.
  0.         0.17066667 0.         0.64       0.         0.
  0.         0.         0.         0.         0.         0.2048
  0.         0.         0.         0.         0.         0.
  0.         0.         0.         0.72       0.         0.2048
  0.         0.         0.         0.         0.         0.
  0.         0.         0.         0.         0.         0.
  0.         0.         0.         0.         0.         0.
  0.         0.         0.         0.2048     0.         0.
  0.         0.         0.         0.2048     0.         0.
  0.         0.         0.         0.         0.         0.
  0.2048     0.2048     0.         0.         0.         0.
  0.         0.         0.         0.         0.         0.
  0.         0.         0.         0.         0.2048     0.
  0.         0.2048     0.72       0.17066667 0.         0.
  0.        ]]"
"[[0.         0.         0.         0.         0.         0.
  0.         0.         0.         0.         0.         0.
  0.         0.         0.         0.         0.         0.
  0.         0.15136673 0.15136673 0.         0.15999099 0.
  0.         0.         0.         0.         0.         0.
  0.         0.         0.         0.17254739 0.         0.
  0.         0.         0.         0.         0.         0.21964161
  0.27802602 0.         0.         0.         0.         0.
  0.         0.         0.         0.         0.         0.
  0.         0.         0.         0.         0.         0.
  0.         0.         0.         0.         0.         0.
  0.         0.         0.15126938 0.         0.         0.
  0.         0.         0.         0.         0.         0.
  0.         0.         0.         0.         0.         0.
  0.         0.         0.         0.         0.         0.
  0.14275642 0.         0.27295215 0.         0.23640461 0.
  0.         0.         0.         0.         0.         0.
  0.         0.         0.         0.         0.         0.15126938
  0.         0.         0.         0.         0.         0.
  0.         0.         0.         0.         0.         0.
  0.         0.         0.         0.         0.         0.
  0.         0.         0.         0.         0.         0.
  0.         0.         0.         0.11721756 0.         0.
  0.         0.         0.         0.         0.         0.
  0.         0.         0.         0.         0.         0.
  0.27472996 0.         0.         0.         0.         0.
  0.         0.         0.         0.         0.         0.
  0.         0.         0.         0.14009963 0.         0.
  0.         0.         0.         0.         0.         0.
  0.         0.         0.         0.         0.         0.
  0.         0.         0.         0.         0.         0.
  0.         0.         0.         0.         0.         0.
  0.         0.         0.         0.         0.         0.
  0.         0.         0.         0.         0.26169884 0.
  0.         0.         0.         0.         0.         0.
  0.         0.         0.         0.         0.         0.
  0.         0.         0.         0.         0.         0.
  0.         0.         0.         0.         0.         0.
  0.         0.         0.         0.         0.         0.
  0.         0.         0.         0.         0.         0.
  0.         0.         0.         0.         0.         0.
  0.         0.         0.         0.         0.         0.
  0.         0.         0.         0.         0.         0.
  0.         0.         0.         0.         0.         0.
  0.         0.         0.         0.         0.         0.
  0.         0.28461813 0.         0.         0.         1.
  0.         0.         0.         0.         0.         0.
  0.         0.         0.         0.         0.         0.
  0.         0.         0.         0.         0.         0.
  0.         0.         0.         0.         0.         0.
  0.         0.         0.         0.         0.         0.
  0.         0.         0.         0.         0.         0.
  0.         0.         0.         0.         0.         0.
  0.         0.20784625 0.         0.         0.         0.
  0.         0.29764926 0.         0.         0.         0.26698763
  0.         0.         0.         0.         0.         0.
  0.         0.         0.         0.         0.         0.
  0.         0.         0.         0.         0.         0.
  0.         0.         0.         0.         0.         0.
  0.         0.         0.         0.         0.         0.
  0.         0.         0.         0.         0.         0.
  0.         0.18586377 0.         0.         0.         0.
  0.         0.         0.         0.         0.         0.
  0.         0.         0.         0.         0.         0.
  0.29358843 0.         0.         0.         0.         0.
  0.         0.         0.         0.         0.         0.
  0.         0.         0.         0.         0.         0.
  0.         0.         0.         0.         0.         0.
  0.         0.         0.         0.         0.         0.
  0.         0.         0.         0.         0.         0.
  0.11721756 0.         0.         0.         0.         0.
  0.         0.         0.         0.         0.         0.
  0.         0.         0.         0.         0.         0.30837825
  0.         0.         0.         0.         0.         0.
  0.         0.         0.         0.         0.         0.
  0.         0.         0.         0.         0.         0.
  0.         0.         0.         0.         0.         0.
  0.         0.         0.         0.         0.         0.
  0.        ]]"
"[[0.         0.         0.         0.         0.         0.
  0.         0.         0.         0.         0.         0.
  0.         0.         0.32874686 0.         0.37820722 0.
  0.         0.         0.         0.         0.         0.34480406
  0.         0.         0.         0.         0.         0.
  0.         0.         0.         0.         0.16659577 0.27126125
  0.30030989 0.         0.         0.         0.         0.
  0.         0.         0.         0.         0.28726291 0.32874686
  0.28578557 0.32874686 0.         0.         0.16659577 0.37397518
  0.27126125 0.         0.32473398 0.         0.         0.2708704
  0.         0.         0.         0.         0.         0.
  0.32874686 0.         0.         0.         0.         0.
  0.         0.30030989 0.         0.         0.30030989 0.38371421
  0.         0.37397518 0.         0.         0.         0.30000406
  0.         0.         0.300106   0.         0.         0.
  0.         0.         0.         0.30030989 0.         0.
  0.         0.         0.         0.         0.32874686 0.29792792
  0.26313841 0.         0.         0.         0.         0.
  0.         0.         0.30030989 0.         0.         0.30030989
  0.         0.         0.28726291 0.         0.         0.
  0.27104565 0.32874686 0.         0.30030989 0.         0.
  0.21012683 0.         0.20951188 0.         0.         0.29363348
  0.25791683 0.21012683 0.         0.         0.         0.
  0.         0.28502371 0.25885709 0.         0.         0.32874686
  0.         0.21012683 0.27055732 0.         0.32874686 0.32874686
  0.         0.         0.27123897 0.30030989 0.38371421 0.
  0.         0.35283125 0.2457778  0.         0.         0.
  0.37045119 0.32874686 0.         0.         0.         0.
  0.         0.15980359 0.         0.         0.30069031 0.32874686
  0.30030989 0.         0.38558906 0.30030989 0.         0.24206654
  0.30030989 0.         0.37958396 0.253687   0.30030989 0.
  0.         0.         0.         0.         0.         0.36288226
  0.23332492 0.         0.         0.         0.28726291 0.
  0.         0.         0.         0.27126125 0.         0.
  0.         0.         0.32874686 0.32874686 0.         0.
  0.25372422 0.30030989 0.32874686 0.         0.35450918 0.
  0.         0.         0.30030989 0.         0.         0.
  0.26681741 0.         0.         0.         0.         0.38371421
  0.         0.32874686 0.         0.16659577 0.35283125 0.
  0.27126125 0.         0.         0.         0.         0.
  0.         0.         0.         0.         0.         0.38371421
  0.         0.21138641 0.32874686 0.25885709 0.         0.
  0.30030989 0.         0.         0.         0.         0.
  0.         0.27126125 0.         0.         0.         0.
  0.38371421 0.         0.32874686 0.         0.         0.
  0.         0.         0.25885709 0.32874686 0.         0.
  1.         0.         0.30030989 0.         0.27659857 0.30030989
  0.27126125 0.21361969 0.         0.         0.35283125 0.
  0.         0.         0.         0.30030989 0.         0.
  0.         0.26377769 0.         0.26856296 0.         0.
  0.         0.30000406 0.         0.         0.         0.
  0.         0.         0.32874686 0.21012683 0.         0.32874686
  0.27126125 0.23519291 0.         0.21012683 0.         0.
  0.38558906 0.         0.         0.         0.         0.25789203
  0.26950186 0.         0.         0.30030989 0.         0.
  0.         0.         0.         0.         0.         0.35283125
  0.         0.         0.         0.         0.         0.30109089
  0.         0.         0.         0.         0.25700314 0.
  0.         0.         0.         0.36827273 0.         0.
  0.         0.         0.         0.23332492 0.         0.
  0.         0.         0.         0.         0.         0.
  0.         0.         0.         0.30030989 0.         0.
  0.32874686 0.32874686 0.         0.         0.         0.
  0.         0.27311169 0.         0.         0.         0.
  0.         0.         0.         0.         0.         0.32874686
  0.         0.         0.         0.         0.         0.
  0.         0.         0.         0.         0.         0.
  0.27609618 0.         0.         0.         0.         0.
  0.21012683 0.         0.28563266 0.         0.         0.25469401
  0.25885709 0.         0.         0.         0.         0.
  0.         0.         0.         0.32874686 0.26681741 0.
  0.21012683 0.35813739 0.         0.         0.         0.
  0.30030989 0.         0.         0.         0.         0.
  0.25885709 0.         0.         0.29792792 0.         0.
  0.         0.         0.         0.         0.30030989 0.28578557
  0.         0.         0.         0.30030989 0.30030989 0.
  0.30030989 0.         0.32874686 0.         0.         0.
  0.         0.         0.         0.         0.         0.
  0.        ]]"
"[[0.         0.         0.         0.         0.         0.
  0.         0.         0.         0.         0.         0.
  0.         0.         0.         0.         0.         0.
  0.         0.         0.         0.         0.         0.
  0.         0.         0.         0.         0.         0.
  0.         0.         0.         0.         0.         0.
  0.         0.         0.19129101 0.         0.         0.
  0.         0.         0.         0.         0.         0.
  0.         0.         0.         0.         0.         0.
  0.         0.         0.         0.         0.         0.
  0.         0.         0.         0.         0.         0.
  0.         0.         0.         0.36539957 0.         0.
  0.         0.         0.         0.         0.         0.
  0.         0.         0.         0.         0.         0.
  0.         0.         0.         0.         0.         0.
  0.         0.         0.         0.         0.         0.
  0.         0.         0.         0.         0.         0.
  0.         0.         0.         0.         0.         0.
  0.         0.         0.         0.         0.         0.
  0.         0.         0.         0.         0.         0.
  0.         0.         0.         0.         0.         0.
  0.         0.         0.         0.         0.         0.
  0.         0.         0.15456841 0.         0.         0.
  0.         0.         0.         0.         0.         0.
  0.         0.         0.         0.         0.         0.
  0.         0.         0.         0.         0.         0.
  0.         0.         0.         0.         0.         0.
  0.         0.         0.         0.         0.         0.
  0.         0.         0.         0.         0.         0.
  0.         0.         0.         0.         0.         0.
  0.         0.         0.         0.         0.         0.
  0.         0.         0.         0.         0.         0.
  0.         0.         0.         0.         0.         0.
  0.         0.         0.         0.         0.         0.
  0.         0.         0.         0.         0.         0.
  0.         0.         0.         0.         0.         0.06348911
  0.         0.         0.         0.         0.         0.
  0.         0.         0.         0.         0.         0.
  0.         0.         0.         0.         0.         0.
  0.         0.         0.         0.         0.         0.
  0.         0.         0.         0.         0.         0.
  0.         0.         0.         0.         0.         0.
  0.         0.         0.         0.         0.         0.
  0.         0.         0.         0.         0.         0.17835843
  0.         0.         0.         0.         0.         0.
  0.         0.         0.         0.         0.         0.
  0.         1.         0.         0.         0.         0.
  0.         0.         0.         0.19129101 0.         0.
  0.         0.         0.         0.         0.         0.
  0.         0.         0.         0.         0.10927649 0.
  0.         0.         0.         0.         0.         0.
  0.         0.         0.         0.         0.         0.
  0.         0.         0.         0.         0.         0.
  0.         0.         0.         0.         0.         0.
  0.         0.         0.         0.         0.         0.
  0.         0.         0.         0.         0.         0.
  0.         0.         0.         0.         0.         0.
  0.06348911 0.         0.         0.         0.         0.
  0.         0.06348911 0.         0.         0.         0.
  0.         0.         0.         0.         0.         0.
  0.         0.17970198 0.         0.         0.         0.
  0.         0.         0.         0.         0.         0.
  0.         0.         0.         0.         0.         0.
  0.         0.         0.         0.         0.         0.
  0.         0.         0.         0.         0.         0.
  0.         0.         0.         0.         0.         0.
  0.         0.         0.         0.         0.         0.
  0.         0.         0.         0.         0.         0.
  0.         0.34369754 0.         0.2109458  0.         0.
  0.         0.         0.         0.         0.         0.36539957
  0.         0.         0.         0.         0.         0.
  0.         0.         0.         0.         0.         0.
  0.         0.34369754 0.         0.         0.         0.
  0.         0.         0.         0.         0.         0.
  0.         0.         0.         0.         0.         0.
  0.         0.         0.19867051 0.         0.         0.11508775
  0.         0.         0.         0.         0.         0.
  0.         0.         0.         0.         0.         0.
  0.        ]]"
"[[0.         0.         0.         0.         0.         0.
  0.         0.         0.         0.         0.         0.
  0.         0.         0.44519629 0.         0.34109358 0.
  0.         0.         0.         0.         0.         0.30504223
  0.         0.         0.         0.         0.         0.
  0.         0.         0.         0.         0.16722223 0.19688817
  0.8        0.         0.         0.         0.         0.
  0.         0.         0.         0.         0.35217833 0.44519629
  0.49844408 0.44519629 0.         0.         0.16722223 0.31392908
  0.19688817 0.         0.21882826 0.         0.         0.27036244
  0.         0.         0.         0.         0.         0.
  0.44519629 0.         0.         0.         0.         0.
  0.         0.8        0.         0.         0.8        0.30559631
  0.         0.31392908 0.         0.         0.         0.32104223
  0.         0.         0.48069482 0.         0.         0.
  0.         0.         0.         0.8        0.         0.
  0.         0.         0.         0.         0.44519629 0.19688817
  0.27244033 0.         0.         0.         0.         0.
  0.         0.         0.8        0.         0.         0.8
  0.         0.         0.35217833 0.         0.         0.
  0.26934124 0.44519629 0.         0.8        0.         0.
  0.19803805 0.         0.21273726 0.         0.         0.33661028
  0.23367679 0.19803805 0.         0.         0.         0.
  0.         0.34800769 0.30330801 0.         0.         0.44519629
  0.         0.19803805 0.25181577 0.         0.44519629 0.44519629
  0.         0.         0.22385962 0.8        0.30559631 0.
  0.         0.23221395 0.2088635  0.         0.         0.
  0.30030989 0.44519629 0.         0.         0.         0.
  0.         0.15772201 0.         0.         0.35121833 0.44519629
  0.8        0.         0.32270512 0.8        0.         0.25781531
  0.8        0.         0.33221926 0.2599427  0.8        0.
  0.         0.         0.         0.         0.         0.28911228
  0.27976745 0.         0.         0.         0.35217833 0.
  0.         0.         0.         0.19688817 0.         0.
  0.         0.         0.44519629 0.44519629 0.         0.
  0.25335758 0.8        0.44519629 0.         0.3007382  0.
  0.         0.         0.8        0.         0.         0.
  0.53988372 0.         0.         0.         0.         0.30559631
  0.         0.44519629 0.         0.16722223 0.23221395 0.
  0.19688817 0.         0.         0.         0.         0.
  0.         0.         0.         0.         0.         0.30559631
  0.         0.22204062 0.44519629 0.30330801 0.         0.
  0.8        0.         0.         0.         0.         0.
  0.         0.19688817 0.         0.         0.         0.
  0.30559631 0.         0.44519629 0.         0.         0.
  0.         0.         0.30330801 0.44519629 0.         0.
  0.30030989 0.         1.         0.         0.26506675 0.8
  0.19688817 0.16938025 0.         0.         0.23221395 0.
  0.         0.         0.         0.8        0.         0.
  0.         0.3976032  0.         0.4551134  0.         0.
  0.         0.32104223 0.         0.         0.         0.
  0.         0.         0.44519629 0.19803805 0.         0.44519629
  0.19688817 0.18448348 0.         0.19803805 0.         0.
  0.32270512 0.         0.         0.         0.         0.26945262
  0.23880605 0.         0.         0.8        0.         0.
  0.         0.         0.         0.         0.         0.23221395
  0.         0.         0.         0.         0.         0.38318432
  0.         0.         0.         0.         0.23220332 0.
  0.         0.         0.         0.26890513 0.         0.
  0.         0.         0.         0.27976745 0.         0.
  0.         0.         0.         0.         0.         0.
  0.         0.         0.         0.8        0.         0.
  0.44519629 0.44519629 0.         0.         0.         0.
  0.         0.27067282 0.         0.         0.         0.
  0.         0.         0.         0.         0.         0.44519629
  0.         0.         0.         0.         0.         0.
  0.         0.         0.         0.         0.         0.
  0.31138062 0.         0.         0.         0.         0.
  0.19803805 0.         0.2509652  0.         0.         0.22037888
  0.30330801 0.         0.         0.         0.         0.
  0.         0.         0.         0.44519629 0.53988372 0.
  0.19803805 0.30504223 0.         0.         0.         0.
  0.8        0.         0.         0.         0.         0.
  0.30330801 0.         0.         0.19688817 0.         0.
  0.         0.         0.         0.         0.8        0.49844408
  0.         0.         0.         0.8        0.8        0.
  0.8        0.         0.44519629 0.         0.         0.
  0.         0.         0.         0.         0.         0.
  0.        ]]"
"[[0.         0.         0.         0.         0.         0.
  0.         0.         0.         0.         0.         0.
  0.         0.         0.         0.         0.         0.
  0.         0.         0.         0.         0.         0.
  0.         0.128      0.         0.         0.         0.
  0.         0.         0.29866667 0.         0.         0.
  0.         0.         0.         0.         0.         0.
  0.         0.         0.         0.         0.         0.
  0.         0.         0.         0.256      0.         0.
  0.         0.         0.         0.64       0.         0.
  0.         0.         0.         0.2048     0.8        0.
  0.         0.         0.         0.         0.29866667 0.
  0.256      0.         0.         0.256      0.         0.
  0.8        0.         0.         0.         0.         0.
  0.64       0.8        0.         0.         0.         0.
  0.         0.         0.         0.         0.         0.8
  0.         0.256      0.         0.         0.         0.
  0.         0.         0.         0.64       0.         0.
  0.         0.         0.         0.         0.         0.
  0.         0.8        0.         0.         0.         0.
  0.         0.         0.         0.         0.         0.
  0.         0.         0.         0.128      0.         0.
  0.         0.         0.         0.         0.         0.
  0.         0.         0.         0.         0.         0.
  0.         0.         0.         0.         0.         0.
  0.         0.         0.         0.         0.         0.
  0.         0.         0.         0.         0.         0.
  0.         0.         0.         0.         0.         0.
  0.         0.         0.         0.         0.         0.
  0.         0.         0.         0.         0.64       0.
  0.         0.         0.         0.         0.         0.
  0.         0.         0.         0.         0.         0.
  0.         0.64       0.         0.         0.         0.
  0.         0.128      0.         0.         0.         0.
  0.         0.2048     0.         0.         0.         0.
  0.         0.         0.         0.8        0.         0.
  0.         0.04266667 0.         0.         0.         0.
  0.         0.         0.         0.         0.         0.
  0.         0.         0.2048     0.         0.         0.04266667
  0.         0.         0.         0.64       0.         0.
  0.         0.         0.         0.         0.         0.
  0.         0.         0.         0.         0.         0.
  0.         0.         0.         0.         0.         0.
  0.         0.         0.         0.         0.         0.
  0.         0.         0.         0.         0.         0.64
  0.         0.         0.         0.         0.2048     0.
  0.         0.         0.         1.         0.         0.
  0.         0.         0.         0.         0.         0.
  0.         0.         0.64       0.         0.         0.
  0.04266667 0.         0.         0.         0.         0.29866667
  0.         0.         0.         0.64       0.         0.
  0.         0.         0.         0.         0.64       0.
  0.         0.         0.         0.         0.         0.
  0.         0.         0.         0.         0.         0.
  0.         0.         0.         0.         0.29866667 0.
  0.         0.         0.         0.         0.04266667 0.
  0.         0.         0.         0.         0.         0.
  0.         0.         0.         0.256      0.         0.
  0.         0.         0.         0.         0.         0.
  0.         0.         0.         0.         0.         0.
  0.         0.         0.64       0.         0.256      0.
  0.         0.         0.64       0.         0.         0.
  0.         0.         0.         0.         0.         0.
  0.         0.         0.         0.         0.         0.
  0.         0.256      0.         0.2048     0.         0.
  0.         0.         0.         0.         0.         0.64
  0.         0.         0.         0.         0.         0.
  0.         0.         0.         0.2048     0.         0.64
  0.         0.         0.         0.         0.         0.
  0.         0.         0.         0.         0.         0.
  0.         0.         0.         0.         0.         0.
  0.         0.         0.         0.8        0.         0.
  0.         0.         0.         0.64       0.         0.
  0.         0.         0.         0.         0.         0.
  0.64       0.64       0.         0.         0.         0.
  0.         0.         0.         0.         0.         0.
  0.         0.         0.         0.         0.64       0.
  0.         0.64       0.2048     0.256      0.         0.
  0.        ]]"
"[[0.         0.         0.         0.         0.         0.
  0.         0.         0.         0.         0.         0.
  0.         0.         0.2815388  0.         0.30629735 0.
  0.         0.         0.         0.         0.         0.31611662
  0.         0.         0.         0.         0.         0.
  0.         0.         0.         0.         0.17085593 0.35197444
  0.26506675 0.         0.         0.         0.         0.
  0.         0.         0.         0.         0.26712738 0.2815388
  0.30852059 0.2815388  0.         0.         0.17085593 0.28584354
  0.35197444 0.         0.30423069 0.         0.         0.27943681
  0.         0.         0.         0.         0.         0.
  0.2879388  0.         0.         0.         0.         0.
  0.         0.26506675 0.         0.         0.26506675 0.25383871
  0.         0.28584354 0.         0.         0.         0.31995662
  0.         0.         0.29952666 0.         0.         0.
  0.         0.         0.         0.26506675 0.         0.
  0.         0.         0.         0.         0.2815388  0.35197444
  0.27877144 0.         0.         0.         0.         0.
  0.         0.         0.26506675 0.         0.         0.26506675
  0.         0.         0.26712738 0.         0.         0.
  0.28012396 0.2815388  0.         0.26506675 0.         0.
  0.24732868 0.         0.21607763 0.         0.         0.293542
  0.301202   0.24732868 0.         0.         0.         0.
  0.         0.27453358 0.25423278 0.         0.         0.2879388
  0.         0.24732868 0.28041441 0.         0.2815388  0.2815388
  0.         0.         0.32675351 0.26506675 0.25383871 0.
  0.         0.23037372 0.29453452 0.         0.         0.
  0.27659857 0.2815388  0.         0.         0.         0.
  0.         0.18654063 0.         0.         0.3017099  0.2815388
  0.26506675 0.         0.25531626 0.26506675 0.         0.26635812
  0.26506675 0.         0.29318269 0.28586664 0.26506675 0.
  0.         0.         0.         0.         0.         0.28723972
  0.22453709 0.         0.         0.         0.26712738 0.
  0.         0.         0.         0.35197444 0.         0.
  0.         0.         0.2815388  0.2815388  0.         0.
  0.28810019 0.26506675 0.2815388  0.         0.27340346 0.
  0.         0.         0.26506675 0.         0.         0.
  0.24480192 0.         0.         0.         0.         0.25383871
  0.         0.2815388  0.         0.17085593 0.23037372 0.
  0.34557444 0.         0.         0.         0.         0.
  0.         0.         0.         0.         0.         0.25383871
  0.         0.2039032  0.2815388  0.25423278 0.         0.
  0.26506675 0.         0.         0.         0.         0.
  0.         0.35197444 0.         0.         0.         0.
  0.25383871 0.         0.2815388  0.         0.         0.
  0.         0.         0.25423278 0.2815388  0.         0.
  0.27659857 0.         0.26506675 0.         1.         0.26506675
  0.35197444 0.27674011 0.         0.         0.23037372 0.
  0.         0.         0.         0.26506675 0.         0.
  0.         0.28666805 0.         0.25395726 0.         0.
  0.         0.31995662 0.         0.         0.         0.
  0.         0.         0.2815388  0.24732868 0.         0.2815388
  0.35197444 0.29202303 0.         0.24732868 0.         0.
  0.25531626 0.         0.         0.         0.         0.28452973
  0.31412341 0.         0.         0.26506675 0.         0.
  0.         0.         0.         0.         0.         0.23037372
  0.         0.         0.         0.         0.         0.27406452
  0.         0.         0.         0.         0.29402058 0.
  0.         0.         0.         0.24210622 0.         0.
  0.         0.         0.         0.22453709 0.         0.
  0.         0.         0.         0.         0.         0.
  0.         0.         0.         0.26506675 0.         0.
  0.2815388  0.2815388  0.         0.         0.         0.
  0.         0.27507587 0.         0.         0.         0.
  0.         0.         0.         0.         0.         0.2815388
  0.         0.         0.         0.         0.         0.
  0.         0.         0.         0.         0.         0.
  0.28461026 0.         0.         0.         0.         0.
  0.24732868 0.         0.33514027 0.         0.         0.30006352
  0.25423278 0.         0.         0.         0.         0.
  0.         0.         0.         0.2815388  0.24480192 0.
  0.24732868 0.31931662 0.         0.         0.         0.
  0.26506675 0.         0.         0.         0.         0.
  0.25423278 0.         0.         0.35197444 0.         0.
  0.         0.         0.         0.         0.26506675 0.30532059
  0.         0.         0.         0.26506675 0.26506675 0.
  0.26506675 0.         0.2815388  0.         0.         0.
  0.         0.         0.         0.         0.         0.
  0.        ]]"
"[[0.         0.         0.         0.         0.         0.
  0.         0.         0.         0.         0.         0.
  0.         0.         0.44519629 0.         0.34109358 0.
  0.         0.         0.         0.         0.         0.30504223
  0.         0.         0.         0.         0.         0.
  0.         0.         0.         0.         0.16722223 0.19688817
  0.8        0.         0.         0.         0.         0.
  0.         0.         0.         0.         0.35217833 0.44519629
  0.49844408 0.44519629 0.         0.         0.16722223 0.31392908
  0.19688817 0.         0.21882826 0.         0.         0.27036244
  0.         0.         0.         0.         0.         0.
  0.44519629 0.         0.         0.         0.         0.
  0.         0.8        0.         0.         0.8        0.30559631
  0.         0.31392908 0.         0.         0.         0.32104223
  0.         0.         0.48069482 0.         0.         0.
  0.         0.         0.         0.8        0.         0.
  0.         0.         0.         0.         0.44519629 0.19688817
  0.27244033 0.         0.         0.         0.         0.
  0.         0.         0.8        0.         0.         0.8
  0.         0.         0.35217833 0.         0.         0.
  0.26934124 0.44519629 0.         0.8        0.         0.
  0.19803805 0.         0.21273726 0.         0.         0.33661028
  0.23367679 0.19803805 0.         0.         0.         0.
  0.         0.34800769 0.30330801 0.         0.         0.44519629
  0.         0.19803805 0.25181577 0.         0.44519629 0.44519629
  0.         0.         0.22385962 0.8        0.30559631 0.
  0.         0.23221395 0.2088635  0.         0.         0.
  0.30030989 0.44519629 0.         0.         0.         0.
  0.         0.15772201 0.         0.         0.35121833 0.44519629
  0.8        0.         0.32270512 0.8        0.         0.25781531
  0.8        0.         0.33221926 0.2599427  0.8        0.
  0.         0.         0.         0.         0.         0.28911228
  0.27976745 0.         0.         0.         0.35217833 0.
  0.         0.         0.         0.19688817 0.         0.
  0.         0.         0.44519629 0.44519629 0.         0.
  0.25335758 0.8        0.44519629 0.         0.3007382  0.
  0.         0.         0.8        0.         0.         0.
  0.53988372 0.         0.         0.         0.         0.30559631
  0.         0.44519629 0.         0.16722223 0.23221395 0.
  0.19688817 0.         0.         0.         0.         0.
  0.         0.         0.         0.         0.         0.30559631
  0.         0.22204062 0.44519629 0.30330801 0.         0.
  0.8        0.         0.         0.         0.         0.
  0.         0.19688817 0.         0.         0.         0.
  0.30559631 0.         0.44519629 0.         0.         0.
  0.         0.         0.30330801 0.44519629 0.         0.
  0.30030989 0.         0.8        0.         0.26506675 1.
  0.19688817 0.16938025 0.         0.         0.23221395 0.
  0.         0.         0.         0.8        0.         0.
  0.         0.3976032  0.         0.4551134  0.         0.
  0.         0.32104223 0.         0.         0.         0.
  0.         0.         0.44519629 0.19803805 0.         0.44519629
  0.19688817 0.18448348 0.         0.19803805 0.         0.
  0.32270512 0.         0.         0.         0.         0.26945262
  0.23880605 0.         0.         0.8        0.         0.
  0.         0.         0.         0.         0.         0.23221395
  0.         0.         0.         0.         0.         0.38318432
  0.         0.         0.         0.         0.23220332 0.
  0.         0.         0.         0.26890513 0.         0.
  0.         0.         0.         0.27976745 0.         0.
  0.         0.         0.         0.         0.         0.
  0.         0.         0.         0.8        0.         0.
  0.44519629 0.44519629 0.         0.         0.         0.
  0.         0.27067282 0.         0.         0.         0.
  0.         0.         0.         0.         0.         0.44519629
  0.         0.         0.         0.         0.         0.
  0.         0.         0.         0.         0.         0.
  0.31138062 0.         0.         0.         0.         0.
  0.19803805 0.         0.2509652  0.         0.         0.22037888
  0.30330801 0.         0.         0.         0.         0.
  0.         0.         0.         0.44519629 0.53988372 0.
  0.19803805 0.30504223 0.         0.         0.         0.
  0.8        0.         0.         0.         0.         0.
  0.30330801 0.         0.         0.19688817 0.         0.
  0.         0.         0.         0.         0.8        0.49844408
  0.         0.         0.         0.8        0.8        0.
  0.8        0.         0.44519629 0.         0.         0.
  0.         0.         0.         0.         0.         0.
  0.        ]]"
"[[0.         0.         0.         0.         0.         0.
  0.         0.         0.         0.         0.         0.
  0.         0.         0.15288238 0.         0.31525492 0.
  0.         0.         0.         0.         0.         0.47644119
  0.         0.         0.         0.         0.         0.
  0.         0.         0.         0.         0.16555081 0.64
  0.19688817 0.         0.         0.         0.         0.
  0.         0.         0.         0.         0.21552425 0.15288238
  0.41844408 0.15288238 0.         0.         0.16555081 0.27588993
  0.8        0.         0.45152548 0.         0.         0.34526265
  0.         0.         0.         0.         0.         0.
  0.15288238 0.         0.         0.         0.         0.
  0.         0.19688817 0.         0.         0.19688817 0.17063393
  0.         0.27588993 0.         0.         0.         0.47644119
  0.         0.         0.38325685 0.         0.         0.
  0.         0.         0.         0.19688817 0.         0.
  0.         0.         0.         0.         0.15288238 0.64
  0.36359338 0.         0.         0.         0.         0.
  0.         0.         0.19688817 0.         0.         0.19688817
  0.         0.         0.21552425 0.         0.         0.
  0.34957728 0.15288238 0.         0.19688817 0.         0.
  0.27555516 0.         0.21844076 0.         0.         0.34598272
  0.43213208 0.27555516 0.         0.         0.         0.
  0.         0.21213688 0.18150249 0.         0.         0.15288238
  0.         0.27555516 0.33630438 0.         0.15288238 0.15288238
  0.         0.         0.56335653 0.19688817 0.17063393 0.
  0.         0.24811786 0.45541719 0.         0.         0.
  0.27126125 0.15288238 0.         0.         0.         0.
  0.         0.17325139 0.         0.         0.33986468 0.15288238
  0.19688817 0.         0.20050012 0.19688817 0.         0.26462456
  0.19688817 0.         0.27909967 0.39064853 0.19688817 0.
  0.         0.         0.         0.         0.         0.30664182
  0.12955812 0.         0.         0.         0.21552425 0.
  0.         0.         0.         0.8        0.         0.
  0.         0.         0.15288238 0.15288238 0.         0.
  0.40248207 0.19688817 0.15288238 0.         0.25843857 0.
  0.         0.         0.19688817 0.         0.         0.
  0.16322314 0.         0.         0.         0.         0.17063393
  0.         0.15288238 0.         0.16555081 0.24811786 0.
  0.64       0.         0.         0.         0.         0.
  0.         0.         0.         0.         0.         0.17063393
  0.         0.19191423 0.15288238 0.18150249 0.         0.
  0.19688817 0.         0.         0.         0.         0.
  0.         0.8        0.         0.         0.         0.
  0.17063393 0.         0.15288238 0.         0.         0.
  0.         0.         0.18150249 0.15288238 0.         0.
  0.27126125 0.         0.19688817 0.         0.35197444 0.19688817
  1.         0.4306133  0.         0.         0.24811786 0.
  0.         0.         0.         0.19688817 0.         0.
  0.         0.39968985 0.         0.21372071 0.         0.
  0.         0.47644119 0.         0.         0.         0.
  0.         0.         0.15288238 0.27555516 0.         0.15288238
  0.8        0.4875071  0.         0.27555516 0.         0.
  0.20050012 0.         0.         0.         0.         0.38582654
  0.47518149 0.         0.         0.19688817 0.         0.
  0.         0.         0.         0.         0.         0.24811786
  0.         0.         0.         0.         0.         0.19464363
  0.         0.         0.         0.         0.4332127  0.
  0.         0.         0.         0.2093759  0.         0.
  0.         0.         0.         0.12955812 0.         0.
  0.         0.         0.         0.         0.         0.
  0.         0.         0.         0.19688817 0.         0.
  0.15288238 0.15288238 0.         0.         0.         0.
  0.         0.32446679 0.         0.         0.         0.
  0.         0.         0.         0.         0.         0.15288238
  0.         0.         0.         0.         0.         0.
  0.         0.         0.         0.         0.         0.
  0.30955342 0.         0.         0.         0.         0.
  0.27555516 0.         0.5582206  0.         0.         0.46327201
  0.18150249 0.         0.         0.         0.         0.
  0.         0.         0.         0.15288238 0.16322314 0.
  0.27555516 0.39644119 0.         0.         0.         0.
  0.19688817 0.         0.         0.         0.         0.
  0.18150249 0.         0.         0.64       0.         0.
  0.         0.         0.         0.         0.19688817 0.41844408
  0.         0.         0.         0.19688817 0.19688817 0.
  0.19688817 0.         0.15288238 0.         0.         0.
  0.         0.         0.         0.         0.         0.
  0.        ]]"
"[[0.         0.         0.         0.         0.         0.
  0.         0.         0.         0.         0.         0.
  0.         0.         0.12566528 0.         0.22731462 0.
  0.         0.         0.         0.         0.         0.27813929
  0.         0.         0.         0.         0.         0.
  0.         0.         0.         0.         0.14873932 0.4306133
  0.16938025 0.         0.         0.         0.         0.
  0.         0.         0.         0.         0.18318956 0.12566528
  0.29999677 0.12566528 0.         0.         0.14873932 0.21206237
  0.4306133  0.         0.33429686 0.         0.         0.27096991
  0.         0.         0.         0.         0.         0.
  0.12566528 0.         0.         0.         0.         0.
  0.         0.16938025 0.         0.         0.16938025 0.14038758
  0.         0.21206237 0.         0.         0.         0.27813929
  0.         0.         0.24188628 0.         0.         0.
  0.         0.         0.         0.16938025 0.         0.
  0.         0.         0.         0.         0.12566528 0.4306133
  0.27057104 0.         0.         0.         0.         0.
  0.         0.         0.16938025 0.         0.         0.16938025
  0.         0.         0.18318956 0.         0.         0.
  0.2742543  0.12566528 0.         0.16938025 0.         0.
  0.23938186 0.         0.20205571 0.         0.         0.23066442
  0.34736569 0.23938186 0.         0.         0.         0.
  0.         0.18150645 0.15800389 0.         0.         0.12566528
  0.         0.23938186 0.28225121 0.         0.12566528 0.12566528
  0.         0.         0.3870493  0.16938025 0.14038758 0.
  0.         0.22140631 0.34303929 0.         0.         0.
  0.21361969 0.12566528 0.         0.         0.         0.
  0.         0.16179774 0.         0.         0.22535977 0.12566528
  0.16938025 0.         0.1735358  0.16938025 0.         0.22943854
  0.16938025 0.         0.20558286 0.3123783  0.16938025 0.
  0.         0.         0.         0.         0.         0.23366164
  0.10247209 0.         0.         0.         0.18318956 0.
  0.         0.         0.         0.4306133  0.         0.
  0.         0.         0.12566528 0.12566528 0.         0.
  0.31895    0.16938025 0.12566528 0.         0.20567458 0.
  0.         0.         0.16938025 0.         0.         0.
  0.13592617 0.         0.         0.         0.         0.14038758
  0.         0.12566528 0.         0.14873932 0.22140631 0.
  0.4306133  0.         0.         0.         0.         0.
  0.         0.         0.         0.         0.         0.14038758
  0.         0.17413041 0.12566528 0.15800389 0.         0.
  0.16938025 0.         0.         0.         0.         0.
  0.         0.4306133  0.         0.         0.         0.
  0.14038758 0.         0.12566528 0.         0.         0.
  0.         0.         0.15800389 0.12566528 0.         0.
  0.21361969 0.         0.16938025 0.         0.27674011 0.16938025
  0.4306133  1.         0.         0.         0.22140631 0.
  0.         0.         0.         0.16938025 0.         0.
  0.         0.3192193  0.         0.1661357  0.         0.
  0.         0.27813929 0.         0.         0.         0.
  0.         0.         0.12566528 0.23938186 0.         0.12566528
  0.4306133  0.37775469 0.         0.23938186 0.         0.
  0.1735358  0.         0.         0.         0.         0.29348307
  0.35078316 0.         0.         0.16938025 0.         0.
  0.         0.         0.         0.         0.         0.22140631
  0.         0.         0.         0.         0.         0.1640148
  0.         0.         0.         0.         0.32059339 0.
  0.         0.         0.         0.18089695 0.         0.
  0.         0.         0.         0.10247209 0.         0.
  0.         0.         0.         0.         0.         0.
  0.         0.         0.         0.16938025 0.         0.
  0.12566528 0.12566528 0.         0.         0.         0.
  0.         0.2579857  0.         0.         0.         0.
  0.         0.         0.         0.         0.         0.12566528
  0.         0.         0.         0.         0.         0.
  0.         0.         0.         0.         0.         0.
  0.22871857 0.         0.         0.         0.         0.
  0.23938186 0.         0.35437629 0.         0.         0.3521109
  0.15800389 0.         0.         0.         0.         0.
  0.         0.         0.         0.12566528 0.13592617 0.
  0.23938186 0.27813929 0.         0.         0.         0.
  0.16938025 0.         0.         0.         0.         0.
  0.15800389 0.         0.         0.4306133  0.         0.
  0.         0.         0.         0.         0.16938025 0.29999677
  0.         0.         0.         0.16938025 0.16938025 0.
  0.16938025 0.         0.12566528 0.         0.         0.
  0.         0.         0.         0.         0.         0.
  0.        ]]"
"[[0.         0.         0.         0.         0.         0.
  0.         0.         0.         0.         0.         0.
  0.         0.         0.         0.256      0.         0.09014012
  0.         0.         0.         0.         0.         0.
  0.         0.         0.256      0.256      0.         0.
  0.256      0.         0.         0.         0.         0.
  0.         0.         0.         0.256      0.         0.
  0.         0.256      0.         0.         0.         0.
  0.         0.         0.256      0.         0.         0.
  0.         0.64       0.         0.         0.         0.
  0.64       0.34253503 0.256      0.         0.         0.
  0.         0.         0.         0.         0.         0.8
  0.         0.         0.256      0.         0.         0.
  0.         0.         0.         0.         0.         0.
  0.         0.         0.         0.         0.         0.
  0.         0.64       0.         0.         0.         0.
  0.         0.         0.64       0.         0.         0.
  0.         0.09551002 0.         0.         0.8        0.
  0.         0.         0.         0.09551002 0.04868355 0.
  0.04868355 0.         0.         0.06248139 0.         0.06248139
  0.         0.         0.         0.         0.         0.64
  0.         0.256      0.         0.         0.         0.
  0.         0.         0.         0.         0.         0.8
  0.64       0.         0.         0.         0.         0.
  0.64       0.         0.         0.256      0.         0.
  0.         0.09014012 0.         0.         0.         0.09551002
  0.256      0.         0.         0.64       0.         0.
  0.         0.         0.04868355 0.         0.         0.
  0.256      0.         0.09014012 0.256      0.         0.
  0.         0.         0.         0.         0.         0.
  0.         0.64       0.         0.         0.         0.
  0.72       0.         0.256      0.         0.         0.
  0.         0.         0.256      0.         0.         0.
  0.64       0.         0.         0.         0.         0.8
  0.         0.         0.         0.         0.         0.
  0.         0.         0.         0.         0.         0.
  0.64       0.         0.         0.09551002 0.         0.
  0.         0.64       0.09551002 0.32       0.         0.
  0.64       0.         0.         0.         0.         0.
  0.         0.8        0.64       0.         0.         0.256
  0.         0.256      0.         0.64       0.09551002 0.
  0.         0.         0.         0.         0.         0.24338004
  0.         0.256      0.         0.         0.         0.34253503
  0.8        0.         0.         0.256      0.03183667 0.
  0.         0.         0.         0.256      0.256      0.
  0.         0.         0.         0.         0.         0.
  0.         0.         0.         0.         0.         0.
  0.         0.         1.         0.         0.         0.64
  0.256      0.09551002 0.         0.         0.         0.8
  0.         0.         0.         0.         0.         0.
  0.256      0.         0.         0.         0.         0.02645056
  0.         0.03295268 0.         0.         0.         0.
  0.         0.         0.256      0.         0.8        0.256
  0.         0.         0.256      0.05392717 0.256      0.
  0.         0.         0.256      0.         0.         0.
  0.         0.         0.64       0.         0.         0.
  0.64       0.         0.         0.09551002 0.64       0.
  0.         0.09551002 0.         0.         0.         0.
  0.04868355 0.         0.         0.         0.8        0.64
  0.256      0.         0.64       0.         0.64       0.256
  0.64       0.         0.         0.         0.         0.09551002
  0.64       0.         0.         0.         0.         0.8
  0.         0.         0.8        0.256      0.64       0.64
  0.         0.         0.64       0.09551002 0.         0.09551002
  0.         0.         0.8        0.         0.04408427 0.
  0.09551002 0.         0.03295268 0.03295268 0.         0.
  0.         0.         0.         0.256      0.         0.
  0.         0.         0.36507006 0.         0.09551002 0.
  0.         0.         0.         0.         0.         0.
  0.         0.256      0.         0.09551002 0.09551002 0.
  0.         0.256      0.         0.         0.         0.
  0.         0.         0.         0.         0.64       0.40788717
  0.         0.         0.         0.         0.         0.
  0.         0.256      0.256      0.         0.         0.
  0.         0.         0.         0.         0.         0.
  0.64       0.64       0.         0.         0.         0.
  0.         0.         0.         0.         0.         0.06102698
  0.256      0.         0.         0.         0.         0.
  0.        ]]"
"[[0.         0.         0.         0.         0.         0.
  0.         0.         0.         0.         0.         0.
  0.         0.         0.         0.         0.         0.
  0.         0.         0.         0.         0.         0.
  0.         0.         0.         0.         0.         0.
  0.         0.         0.         0.         0.         0.
  0.         0.         0.18062702 0.         0.         0.
  0.         0.         0.         0.         0.         0.
  0.         0.         0.         0.         0.         0.
  0.         0.         0.         0.         0.         0.
  0.         0.         0.         0.         0.         0.
  0.         0.         0.         0.19438697 0.         0.
  0.         0.         0.         0.         0.         0.
  0.         0.         0.         0.         0.         0.
  0.         0.         0.         0.         0.         0.
  0.         0.         0.         0.         0.         0.
  0.         0.         0.         0.         0.         0.
  0.         0.         0.         0.         0.         0.
  0.         0.         0.         0.         0.         0.
  0.         0.         0.         0.         0.         0.
  0.         0.         0.         0.         0.         0.
  0.         0.         0.         0.         0.         0.
  0.         0.         0.15679617 0.         0.         0.
  0.         0.         0.         0.         0.         0.
  0.         0.         0.         0.         0.         0.
  0.         0.         0.         0.         0.         0.
  0.         0.         0.         0.         0.         0.
  0.         0.         0.         0.         0.         0.
  0.         0.         0.         0.         0.         0.
  0.         0.         0.         0.         0.         0.
  0.         0.         0.         0.         0.         0.
  0.         0.         0.         0.         0.         0.
  0.         0.         0.         0.         0.         0.
  0.         0.         0.         0.         0.         0.
  0.         0.         0.         0.         0.         0.
  0.         0.         0.         0.         0.         0.13952609
  0.         0.         0.         0.         0.         0.
  0.         0.         0.         0.         0.         0.
  0.         0.         0.         0.         0.         0.
  0.         0.         0.         0.         0.         0.
  0.         0.         0.         0.         0.         0.
  0.         0.         0.         0.         0.         0.
  0.         0.         0.         0.         0.         0.
  0.         0.         0.         0.         0.         0.17681503
  0.         0.         0.         0.         0.         0.
  0.         0.         0.         0.         0.         0.
  0.         0.19129101 0.         0.         0.         0.
  0.         0.         0.         1.         0.         0.
  0.         0.         0.         0.         0.         0.
  0.         0.         0.         0.         0.17039639 0.
  0.         0.         0.         0.         0.         0.
  0.         0.         0.         0.         0.         0.
  0.         0.         0.         0.         0.         0.
  0.         0.         0.         0.         0.         0.
  0.         0.         0.         0.         0.         0.
  0.         0.         0.         0.         0.         0.
  0.         0.         0.         0.         0.         0.
  0.13952609 0.         0.         0.         0.         0.
  0.         0.13952609 0.         0.         0.         0.
  0.         0.         0.         0.         0.         0.
  0.         0.17773479 0.         0.         0.         0.
  0.         0.         0.         0.         0.         0.
  0.         0.         0.         0.         0.         0.
  0.         0.         0.         0.         0.         0.
  0.         0.         0.         0.         0.         0.
  0.         0.         0.         0.         0.         0.
  0.         0.         0.         0.         0.         0.
  0.         0.         0.         0.         0.         0.
  0.         0.19129101 0.         0.19307354 0.         0.
  0.         0.         0.         0.         0.         0.19438697
  0.         0.         0.         0.         0.         0.
  0.         0.         0.         0.         0.         0.
  0.         0.19129101 0.         0.         0.         0.
  0.         0.         0.         0.         0.         0.
  0.         0.         0.         0.         0.         0.
  0.         0.         0.17884471 0.         0.         0.17529502
  0.         0.         0.         0.         0.         0.
  0.         0.         0.         0.         0.         0.
  0.        ]]"
"[[0.         0.         0.         0.         0.         0.
  0.         0.         0.         0.         0.         0.
  0.         0.         0.21680308 0.         0.24430801 0.
  0.         0.         0.         0.         0.         0.24526047
  0.         0.         0.         0.         0.         0.
  0.         0.         0.         0.         0.16199724 0.24811786
  0.23221395 0.         0.         0.         0.         0.
  0.         0.         0.         0.         0.23259321 0.21680308
  0.24016591 0.21680308 0.         0.         0.16199724 0.26339751
  0.24811786 0.         0.28489518 0.         0.         0.23982354
  0.         0.         0.         0.         0.         0.
  0.21680308 0.         0.         0.         0.         0.
  0.         0.23221395 0.         0.         0.23221395 0.26239101
  0.         0.26339751 0.         0.         0.         0.23246047
  0.         0.         0.2323783  0.         0.         0.
  0.         0.         0.         0.23221395 0.         0.
  0.         0.         0.         0.         0.21680308 0.24811786
  0.24683543 0.         0.         0.         0.         0.
  0.         0.         0.23221395 0.         0.         0.23221395
  0.         0.         0.23259321 0.         0.         0.
  0.24101164 0.21680308 0.         0.23221395 0.         0.
  0.23343399 0.         0.21532363 0.         0.         0.23252684
  0.22638944 0.23343399 0.         0.         0.         0.
  0.         0.23057086 0.20618598 0.         0.         0.21680308
  0.         0.23343399 0.23164734 0.         0.21680308 0.21680308
  0.         0.         0.23982839 0.23221395 0.26239101 0.
  0.         0.8        0.22693568 0.         0.         0.
  0.35283125 0.21680308 0.         0.         0.         0.
  0.         0.16624335 0.         0.         0.23233721 0.21680308
  0.23221395 0.         0.52120154 0.23221395 0.         0.24052941
  0.23221395 0.         0.24882876 0.2249411  0.23221395 0.
  0.         0.         0.         0.         0.         0.26864611
  0.16412844 0.         0.         0.         0.23259321 0.
  0.         0.         0.         0.24811786 0.         0.
  0.         0.         0.21680308 0.21680308 0.         0.
  0.22501569 0.23221395 0.21680308 0.         0.33188193 0.
  0.         0.         0.23221395 0.         0.         0.
  0.1981712  0.         0.         0.         0.         0.26239101
  0.         0.21680308 0.         0.16199724 0.8        0.
  0.24811786 0.         0.         0.         0.         0.
  0.         0.         0.         0.         0.         0.26239101
  0.         0.20108995 0.21680308 0.20618598 0.         0.
  0.23221395 0.         0.         0.         0.         0.
  0.         0.24811786 0.         0.         0.         0.
  0.26239101 0.         0.21680308 0.         0.         0.
  0.         0.         0.20618598 0.21680308 0.         0.
  0.35283125 0.         0.23221395 0.         0.23037372 0.23221395
  0.24811786 0.22140631 0.         0.         1.         0.
  0.         0.         0.         0.23221395 0.         0.
  0.         0.23420424 0.         0.20267889 0.         0.
  0.         0.23246047 0.         0.         0.         0.
  0.         0.         0.21680308 0.23343399 0.         0.21680308
  0.24811786 0.23237837 0.         0.23343399 0.         0.
  0.52120154 0.         0.         0.         0.         0.22530946
  0.23401893 0.         0.         0.23221395 0.         0.
  0.         0.         0.         0.         0.         0.8
  0.         0.         0.         0.         0.         0.22732984
  0.         0.         0.         0.         0.22828683 0.
  0.         0.         0.         0.53119551 0.         0.
  0.         0.         0.         0.16412844 0.         0.
  0.         0.         0.         0.         0.         0.
  0.         0.         0.         0.23221395 0.         0.
  0.21680308 0.21680308 0.         0.         0.         0.
  0.         0.22393477 0.         0.         0.         0.
  0.         0.         0.         0.         0.         0.21680308
  0.         0.         0.         0.         0.         0.
  0.         0.         0.         0.         0.         0.
  0.23697015 0.         0.         0.         0.         0.
  0.23343399 0.         0.24028917 0.         0.         0.22540619
  0.20618598 0.         0.         0.         0.         0.
  0.         0.         0.         0.21680308 0.1981712  0.
  0.23343399 0.24526047 0.         0.         0.         0.
  0.23221395 0.         0.         0.         0.         0.
  0.20618598 0.         0.         0.24811786 0.         0.
  0.         0.         0.         0.         0.23221395 0.24016591
  0.         0.         0.         0.23221395 0.23221395 0.
  0.23221395 0.         0.21680308 0.         0.         0.
  0.         0.         0.         0.         0.         0.
  0.        ]]"
"[[0.         0.         0.         0.         0.         0.
  0.         0.         0.         0.         0.         0.
  0.         0.         0.         0.256      0.         0.09014012
  0.         0.         0.         0.         0.         0.
  0.         0.         0.256      0.256      0.         0.
  0.256      0.         0.         0.         0.         0.
  0.         0.         0.         0.256      0.         0.
  0.         0.256      0.         0.         0.         0.
  0.         0.         0.256      0.         0.         0.
  0.         0.8        0.         0.         0.         0.
  0.8        0.34253503 0.256      0.         0.         0.
  0.         0.         0.         0.         0.         0.64
  0.         0.         0.256      0.         0.         0.
  0.         0.         0.         0.         0.         0.
  0.         0.         0.         0.         0.         0.
  0.         0.8        0.         0.         0.         0.
  0.         0.         0.8        0.         0.         0.
  0.         0.09551002 0.         0.         0.64       0.
  0.         0.         0.         0.09551002 0.04868355 0.
  0.04868355 0.         0.         0.06248139 0.         0.06248139
  0.         0.         0.         0.         0.         0.8
  0.         0.256      0.         0.         0.         0.
  0.         0.         0.         0.         0.         0.64
  0.64       0.         0.         0.         0.         0.
  0.8        0.         0.         0.256      0.         0.
  0.         0.09014012 0.         0.         0.         0.09551002
  0.256      0.         0.         0.8        0.         0.
  0.         0.         0.04868355 0.         0.         0.
  0.256      0.         0.09014012 0.256      0.         0.
  0.         0.         0.         0.         0.         0.
  0.         0.64       0.         0.         0.         0.
  0.64       0.         0.256      0.         0.         0.
  0.         0.         0.256      0.         0.         0.
  0.64       0.         0.         0.         0.         0.64
  0.         0.         0.         0.         0.         0.
  0.         0.         0.         0.         0.         0.
  0.8        0.         0.         0.09551002 0.         0.
  0.         0.64       0.09551002 0.32       0.         0.
  0.8        0.         0.         0.         0.         0.
  0.         0.64       0.64       0.         0.         0.256
  0.         0.256      0.         0.64       0.09551002 0.
  0.         0.         0.         0.         0.         0.24338004
  0.         0.256      0.         0.         0.         0.34253503
  0.64       0.         0.         0.256      0.03183667 0.
  0.         0.         0.         0.256      0.256      0.
  0.         0.         0.         0.         0.         0.
  0.         0.         0.         0.         0.         0.
  0.         0.         0.64       0.         0.         1.
  0.256      0.09551002 0.         0.         0.         0.64
  0.         0.         0.         0.         0.         0.
  0.256      0.         0.         0.         0.         0.02645056
  0.         0.03295268 0.         0.         0.         0.
  0.         0.         0.256      0.         0.64       0.256
  0.         0.         0.256      0.05392717 0.256      0.
  0.         0.         0.256      0.         0.         0.
  0.         0.         0.64       0.         0.         0.
  0.64       0.         0.         0.09551002 0.64       0.
  0.         0.09551002 0.         0.         0.         0.
  0.04868355 0.         0.         0.         0.64       0.8
  0.256      0.         0.64       0.         0.64       0.256
  0.8        0.         0.         0.         0.         0.09551002
  0.64       0.         0.         0.         0.         0.64
  0.         0.         0.64       0.256      0.8        0.64
  0.         0.         0.64       0.09551002 0.         0.09551002
  0.         0.         0.64       0.         0.04408427 0.
  0.09551002 0.         0.03295268 0.03295268 0.         0.
  0.         0.         0.         0.256      0.         0.
  0.         0.         0.44507006 0.         0.09551002 0.
  0.         0.         0.         0.         0.         0.
  0.         0.256      0.         0.09551002 0.09551002 0.
  0.         0.256      0.         0.         0.         0.
  0.         0.         0.         0.         0.64       0.40788717
  0.         0.         0.         0.         0.         0.
  0.         0.256      0.256      0.         0.         0.
  0.         0.         0.         0.         0.         0.
  0.8        0.64       0.         0.         0.         0.
  0.         0.         0.         0.         0.         0.06102698
  0.256      0.         0.         0.         0.         0.
  0.        ]]"
"[[0.         0.         0.         0.         0.         0.
  0.         0.         0.         0.         0.         0.
  0.         0.         0.         0.64       0.         0.08533333
  0.         0.         0.         0.         0.         0.
  0.         0.         0.64       0.64       0.         0.
  0.8        0.         0.         0.         0.         0.
  0.         0.         0.         0.64       0.         0.
  0.         0.64       0.         0.         0.         0.
  0.         0.         0.8        0.         0.         0.
  0.         0.256      0.         0.         0.         0.
  0.256      0.128      0.64       0.         0.         0.
  0.         0.         0.         0.         0.         0.256
  0.         0.         0.64       0.         0.         0.
  0.         0.         0.         0.         0.         0.
  0.         0.         0.         0.         0.         0.
  0.         0.256      0.         0.         0.         0.
  0.         0.         0.256      0.         0.         0.
  0.         0.192      0.         0.         0.256      0.
  0.         0.         0.         0.21333333 0.07893333 0.
  0.07893333 0.         0.         0.128      0.         0.128
  0.         0.         0.         0.         0.         0.256
  0.         0.8        0.         0.         0.         0.
  0.         0.         0.         0.         0.         0.256
  0.256      0.         0.         0.         0.         0.
  0.256      0.         0.         0.64       0.         0.
  0.         0.08533333 0.         0.         0.         0.21333333
  0.8        0.         0.         0.256      0.         0.
  0.         0.         0.07893333 0.         0.         0.
  0.64       0.         0.08533333 0.64       0.         0.
  0.         0.         0.         0.         0.         0.
  0.         0.256      0.         0.         0.         0.
  0.256      0.         0.64       0.         0.         0.
  0.         0.         0.8        0.         0.         0.
  0.256      0.         0.         0.         0.         0.256
  0.         0.         0.         0.         0.         0.
  0.         0.         0.         0.         0.         0.
  0.256      0.         0.         0.21333333 0.         0.
  0.         0.256      0.17066667 0.128      0.         0.
  0.256      0.         0.         0.         0.         0.
  0.         0.256      0.256      0.         0.         0.8
  0.         0.64       0.         0.256      0.17066667 0.
  0.         0.         0.         0.         0.         0.11377778
  0.         0.64       0.         0.         0.         0.128
  0.256      0.         0.         0.64       0.05688889 0.
  0.         0.         0.         0.64       0.8        0.
  0.         0.         0.         0.         0.         0.
  0.         0.         0.         0.         0.         0.
  0.         0.         0.256      0.         0.         0.256
  1.         0.18488889 0.         0.         0.         0.256
  0.         0.         0.         0.         0.         0.
  0.8        0.         0.         0.         0.         0.03754667
  0.         0.03413333 0.         0.         0.         0.
  0.         0.         0.64       0.         0.256      0.64
  0.         0.         0.8        0.09386667 0.8        0.
  0.         0.         0.64       0.         0.         0.
  0.         0.         0.256      0.         0.         0.
  0.256      0.         0.         0.21333333 0.256      0.
  0.         0.21333333 0.         0.         0.         0.
  0.07893333 0.         0.         0.         0.256      0.256
  0.64       0.         0.256      0.         0.256      0.64
  0.256      0.         0.         0.         0.         0.21333333
  0.256      0.         0.         0.         0.         0.256
  0.         0.         0.256      0.64       0.256      0.256
  0.         0.         0.256      0.21333333 0.         0.192
  0.         0.         0.256      0.         0.06257778 0.
  0.21333333 0.         0.03413333 0.03413333 0.         0.
  0.         0.         0.         0.72       0.         0.
  0.         0.         0.17066667 0.         0.192      0.
  0.         0.         0.         0.         0.         0.
  0.         0.8        0.         0.21333333 0.17066667 0.
  0.         0.64       0.         0.         0.         0.
  0.         0.         0.         0.         0.256      0.15847619
  0.         0.         0.         0.         0.         0.
  0.         0.64       0.64       0.         0.         0.
  0.         0.         0.         0.         0.         0.
  0.256      0.256      0.         0.         0.         0.
  0.         0.         0.         0.         0.         0.1152
  0.8        0.         0.         0.         0.         0.
  0.        ]]"
"[[0.         0.         0.         0.         0.         0.
  0.         0.         0.         0.         0.         0.
  0.         0.         0.         0.18488889 0.         0.06381642
  0.         0.         0.         0.         0.         0.
  0.         0.         0.18488889 0.18488889 0.         0.06526978
  0.18488889 0.         0.         0.         0.         0.
  0.         0.         0.         0.18488889 0.         0.
  0.         0.18488889 0.         0.         0.         0.
  0.         0.         0.18488889 0.         0.         0.
  0.         0.09551002 0.         0.         0.         0.
  0.09551002 0.07469243 0.18488889 0.         0.         0.
  0.         0.         0.         0.         0.         0.09551002
  0.         0.         0.18488889 0.         0.         0.
  0.         0.         0.         0.         0.         0.
  0.         0.         0.         0.         0.         0.
  0.         0.09551002 0.         0.         0.         0.
  0.         0.         0.09551002 0.         0.         0.
  0.         0.41212022 0.06526978 0.         0.09551002 0.
  0.         0.         0.         0.31838252 0.05570985 0.
  0.05570985 0.         0.         0.0661027  0.         0.0661027
  0.         0.         0.         0.         0.         0.09551002
  0.         0.18488889 0.         0.         0.         0.
  0.         0.         0.         0.         0.         0.09551002
  0.09551002 0.         0.         0.         0.         0.
  0.09551002 0.         0.         0.18488889 0.         0.
  0.         0.06381642 0.         0.         0.         0.31838252
  0.18488889 0.         0.         0.09551002 0.         0.
  0.         0.         0.05570985 0.         0.03555556 0.
  0.18488889 0.         0.06381642 0.18488889 0.         0.
  0.         0.         0.         0.         0.         0.
  0.         0.09551002 0.         0.         0.         0.
  0.09551002 0.         0.18488889 0.         0.         0.
  0.         0.         0.18488889 0.         0.         0.07111111
  0.09551002 0.         0.         0.         0.         0.09551002
  0.         0.         0.         0.         0.         0.
  0.         0.         0.         0.         0.         0.
  0.09551002 0.         0.         0.31838252 0.06526978 0.
  0.         0.09551002 0.50585792 0.04775501 0.         0.
  0.09551002 0.         0.         0.         0.         0.
  0.         0.09551002 0.09551002 0.         0.         0.18488889
  0.         0.18488889 0.         0.09551002 0.50585792 0.
  0.         0.         0.         0.         0.         0.05310881
  0.         0.18488889 0.         0.         0.         0.07469243
  0.09551002 0.         0.         0.18488889 0.17454523 0.
  0.         0.         0.         0.18488889 0.18488889 0.
  0.         0.         0.         0.         0.         0.
  0.         0.         0.         0.         0.         0.
  0.         0.         0.09551002 0.         0.         0.09551002
  0.18488889 1.         0.         0.         0.         0.09551002
  0.         0.         0.         0.         0.         0.
  0.18488889 0.         0.         0.         0.         0.04556957
  0.         0.04070398 0.         0.         0.         0.
  0.         0.         0.18488889 0.         0.09551002 0.18488889
  0.         0.         0.18488889 0.06071181 0.18488889 0.
  0.         0.         0.18488889 0.         0.         0.
  0.         0.         0.09551002 0.         0.         0.
  0.09551002 0.         0.         0.31838252 0.09551002 0.
  0.         0.31838252 0.         0.         0.         0.
  0.05570985 0.         0.         0.         0.09551002 0.09551002
  0.18488889 0.         0.09551002 0.         0.09551002 0.18488889
  0.09551002 0.         0.         0.         0.         0.31838252
  0.09551002 0.         0.         0.         0.         0.09551002
  0.         0.         0.09551002 0.18488889 0.09551002 0.09551002
  0.         0.         0.09551002 0.31838252 0.         0.41212022
  0.         0.         0.09551002 0.         0.05224557 0.
  0.31838252 0.         0.04070398 0.04070398 0.06526978 0.
  0.         0.         0.         0.18488889 0.         0.
  0.         0.         0.07966322 0.         0.41212022 0.
  0.         0.         0.         0.         0.07111111 0.
  0.         0.18488889 0.         0.31838252 0.50585792 0.
  0.         0.18488889 0.         0.         0.         0.
  0.         0.         0.         0.         0.09551002 0.08071445
  0.         0.         0.         0.         0.         0.
  0.         0.18488889 0.18488889 0.         0.         0.
  0.         0.         0.         0.         0.         0.
  0.09551002 0.09551002 0.         0.         0.         0.
  0.         0.         0.         0.         0.         0.06634801
  0.18488889 0.         0.         0.         0.         0.
  0.        ]]"
"[[0.         0.         0.         0.         0.         0.
  0.         0.         0.         0.         0.         0.
  0.         0.         0.         0.         0.         0.
  0.         0.         0.         0.         0.         0.
  0.         0.128      0.         0.         0.         0.
  0.         0.         0.29866667 0.         0.         0.
  0.         0.         0.         0.         0.         0.
  0.         0.         0.         0.         0.         0.
  0.         0.         0.         0.256      0.         0.
  0.         0.         0.         0.8        0.         0.
  0.         0.         0.         0.2048     0.64       0.
  0.         0.         0.         0.         0.29866667 0.
  0.256      0.         0.         0.256      0.         0.
  0.64       0.         0.         0.         0.         0.
  0.8        0.64       0.         0.         0.         0.
  0.         0.         0.         0.         0.         0.64
  0.         0.256      0.         0.         0.         0.
  0.         0.         0.         0.8        0.         0.
  0.         0.         0.         0.         0.         0.
  0.         0.64       0.         0.         0.         0.
  0.         0.         0.         0.         0.         0.
  0.         0.         0.         0.128      0.         0.
  0.         0.         0.         0.         0.         0.
  0.         0.         0.         0.         0.         0.
  0.         0.         0.         0.         0.         0.
  0.         0.         0.         0.         0.         0.
  0.         0.         0.         0.         0.         0.
  0.         0.         0.         0.         0.         0.
  0.         0.         0.         0.         0.         0.
  0.         0.         0.         0.         0.8        0.
  0.         0.         0.         0.         0.         0.
  0.         0.         0.         0.         0.         0.
  0.         0.8        0.         0.         0.         0.
  0.         0.128      0.         0.         0.         0.
  0.         0.2048     0.         0.         0.         0.
  0.         0.         0.         0.64       0.         0.
  0.         0.04266667 0.         0.         0.         0.
  0.         0.         0.         0.         0.         0.
  0.         0.         0.2048     0.         0.         0.04266667
  0.         0.         0.         0.8        0.         0.
  0.         0.         0.         0.         0.         0.
  0.         0.         0.         0.         0.         0.
  0.         0.         0.         0.         0.         0.
  0.         0.         0.         0.         0.         0.
  0.         0.         0.         0.         0.         0.8
  0.         0.         0.         0.         0.2048     0.
  0.         0.         0.         0.64       0.         0.
  0.         0.         0.         0.         0.         0.
  0.         0.         1.         0.         0.         0.
  0.04266667 0.         0.         0.         0.         0.29866667
  0.         0.         0.         0.8        0.         0.
  0.         0.         0.         0.         0.8        0.
  0.         0.         0.         0.         0.         0.
  0.         0.         0.         0.         0.         0.
  0.         0.         0.         0.         0.29866667 0.
  0.         0.         0.         0.         0.04266667 0.
  0.         0.         0.         0.         0.         0.
  0.         0.         0.         0.256      0.         0.
  0.         0.         0.         0.         0.         0.
  0.         0.         0.         0.         0.         0.
  0.         0.         0.8        0.         0.256      0.
  0.         0.         0.8        0.         0.         0.
  0.         0.         0.         0.         0.         0.
  0.         0.         0.         0.         0.         0.
  0.         0.256      0.         0.2048     0.         0.
  0.         0.         0.         0.         0.         0.8
  0.         0.         0.         0.         0.         0.
  0.         0.         0.         0.2048     0.         0.8
  0.         0.         0.         0.         0.         0.
  0.         0.         0.         0.         0.         0.
  0.         0.         0.         0.         0.         0.
  0.         0.         0.         0.64       0.         0.
  0.         0.         0.         0.8        0.         0.
  0.         0.         0.         0.         0.         0.
  0.8        0.8        0.         0.         0.         0.
  0.         0.         0.         0.         0.         0.
  0.         0.         0.         0.         0.8        0.
  0.         0.8        0.2048     0.256      0.         0.
  0.        ]]"
"[[0.         0.         0.         0.         0.         0.
  0.         0.         0.         0.         0.         0.
  0.         0.         0.44519629 0.         0.34109358 0.
  0.         0.         0.         0.         0.         0.30504223
  0.         0.         0.         0.         0.         0.
  0.         0.         0.         0.         0.16722223 0.19688817
  0.8        0.         0.         0.         0.         0.
  0.         0.         0.         0.         0.35217833 0.44519629
  0.49844408 0.44519629 0.         0.         0.16722223 0.31392908
  0.19688817 0.         0.21882826 0.         0.         0.27036244
  0.         0.         0.         0.         0.         0.
  0.44519629 0.         0.         0.         0.         0.
  0.         0.8        0.         0.         0.8        0.30559631
  0.         0.31392908 0.         0.         0.         0.32104223
  0.         0.         0.48069482 0.         0.         0.
  0.         0.         0.         0.8        0.         0.
  0.         0.         0.         0.         0.44519629 0.19688817
  0.27244033 0.         0.         0.         0.         0.
  0.         0.         0.8        0.         0.         0.8
  0.         0.         0.35217833 0.         0.         0.
  0.26934124 0.44519629 0.         0.8        0.         0.
  0.19803805 0.         0.21273726 0.         0.         0.33661028
  0.23367679 0.19803805 0.         0.         0.         0.
  0.         0.34800769 0.30330801 0.         0.         0.44519629
  0.         0.19803805 0.25181577 0.         0.44519629 0.44519629
  0.         0.         0.22385962 0.8        0.30559631 0.
  0.         0.23221395 0.2088635  0.         0.         0.
  0.30030989 0.44519629 0.         0.         0.         0.
  0.         0.15772201 0.         0.         0.35121833 0.44519629
  0.8        0.         0.32270512 0.8        0.         0.25781531
  0.8        0.         0.33221926 0.2599427  0.8        0.
  0.         0.         0.         0.         0.         0.28911228
  0.27976745 0.         0.         0.         0.35217833 0.
  0.         0.         0.         0.19688817 0.         0.
  0.         0.         0.44519629 0.44519629 0.         0.
  0.25335758 0.8        0.44519629 0.         0.3007382  0.
  0.         0.         0.8        0.         0.         0.
  0.53988372 0.         0.         0.         0.         0.30559631
  0.         0.44519629 0.         0.16722223 0.23221395 0.
  0.19688817 0.         0.         0.         0.         0.
  0.         0.         0.         0.         0.         0.30559631
  0.         0.22204062 0.44519629 0.30330801 0.         0.
  0.8        0.         0.         0.         0.         0.
  0.         0.19688817 0.         0.         0.         0.
  0.30559631 0.         0.44519629 0.         0.         0.
  0.         0.         0.30330801 0.44519629 0.         0.
  0.30030989 0.         0.8        0.         0.26506675 0.8
  0.19688817 0.16938025 0.         0.         0.23221395 0.
  0.         0.         0.         1.         0.         0.
  0.         0.3976032  0.         0.4551134  0.         0.
  0.         0.32104223 0.         0.         0.         0.
  0.         0.         0.44519629 0.19803805 0.         0.44519629
  0.19688817 0.18448348 0.         0.19803805 0.         0.
  0.32270512 0.         0.         0.         0.         0.26945262
  0.23880605 0.         0.         0.8        0.         0.
  0.         0.         0.         0.         0.         0.23221395
  0.         0.         0.         0.         0.         0.38318432
  0.         0.         0.         0.         0.23220332 0.
  0.         0.         0.         0.26890513 0.         0.
  0.         0.         0.         0.27976745 0.         0.
  0.         0.         0.         0.         0.         0.
  0.         0.         0.         0.8        0.         0.
  0.44519629 0.44519629 0.         0.         0.         0.
  0.         0.27067282 0.         0.         0.         0.
  0.         0.         0.         0.         0.         0.44519629
  0.         0.         0.         0.         0.         0.
  0.         0.         0.         0.         0.         0.
  0.31138062 0.         0.         0.         0.         0.
  0.19803805 0.         0.2509652  0.         0.         0.22037888
  0.30330801 0.         0.         0.         0.         0.
  0.         0.         0.         0.44519629 0.53988372 0.
  0.19803805 0.30504223 0.         0.         0.         0.
  0.8        0.         0.         0.         0.         0.
  0.30330801 0.         0.         0.19688817 0.         0.
  0.         0.         0.         0.         0.8        0.49844408
  0.         0.         0.         0.8        0.8        0.
  0.8        0.         0.44519629 0.         0.         0.
  0.         0.         0.         0.         0.         0.
  0.        ]]"
"[[0.         0.         0.         0.         0.         0.
  0.         0.         0.         0.         0.         0.
  0.         0.         0.         0.         0.         0.
  0.8        0.         0.         0.8        0.         0.
  0.         0.         0.         0.         0.18027303 0.
  0.         0.1714402  0.         0.         0.         0.
  0.         0.8        0.         0.         0.8        0.
  0.         0.         0.08535929 0.         0.         0.
  0.         0.         0.         0.         0.         0.
  0.         0.         0.         0.         0.12027214 0.
  0.         0.         0.         0.         0.         0.8
  0.         0.         0.         0.         0.         0.
  0.         0.         0.         0.         0.         0.
  0.         0.         0.8        0.8        0.12856171 0.
  0.         0.         0.         0.16985201 0.         0.8
  0.         0.         0.         0.         0.         0.
  0.8        0.         0.         0.8        0.         0.
  0.         0.         0.         0.         0.         0.
  0.8        0.8        0.         0.         0.         0.
  0.         0.         0.         0.         0.         0.
  0.         0.         0.08526979 0.         0.         0.
  0.         0.         0.         0.         0.8        0.
  0.         0.         0.         0.         0.         0.
  0.         0.         0.         0.11346386 0.8        0.
  0.         0.         0.         0.         0.         0.
  0.         0.         0.         0.         0.         0.
  0.         0.         0.         0.         0.         0.8
  0.         0.         0.         0.         0.         0.8
  0.         0.         0.         0.         0.         0.
  0.         0.8        0.         0.         0.         0.
  0.         0.         0.         0.         0.         0.08535929
  0.         0.         0.         0.07191812 0.         0.
  0.         0.         0.         0.         0.         0.
  0.         0.         0.         0.         0.         0.
  0.8        0.         0.         0.         0.8        0.8
  0.         0.         0.         0.         0.         0.
  0.         0.         0.         0.         0.         0.
  0.         0.         0.         0.         0.         0.
  0.         0.         0.         0.         0.         0.
  0.         0.         0.         0.         0.         0.
  0.         0.         0.06428085 0.         0.         0.
  0.8        0.         0.         0.         0.8        0.
  0.         0.         0.12869422 0.         0.11497495 0.
  0.         0.         0.         0.         0.         0.
  0.         0.         0.         0.         0.         0.
  0.         0.         0.         0.         0.         0.
  0.         0.         0.         0.         0.         0.
  0.         0.         0.         0.         0.         0.
  0.         0.         0.         0.         1.         0.
  0.         0.         0.         0.         0.         0.
  0.         0.         0.8        0.         0.08719264 0.
  0.8        0.         0.         0.         0.         0.
  0.         0.         0.         0.         0.         0.
  0.         0.         0.         0.         0.         0.
  0.         0.         0.         0.         0.         0.
  0.18027303 0.8        0.         0.         0.         0.
  0.         0.8        0.8        0.         0.         0.
  0.         0.         0.         0.         0.         0.
  0.         0.         0.8        0.         0.         0.
  0.         0.8        0.         0.         0.         0.
  0.         0.         0.         0.8        0.         0.
  0.         0.         0.         0.         0.         0.
  0.         0.         0.         0.         0.         0.
  0.08297931 0.         0.         0.         0.         0.
  0.         0.         0.         0.         0.         0.
  0.         0.8        0.         0.         0.         0.
  0.08630174 0.         0.         0.         0.8        0.8
  0.         0.         0.         0.         0.         0.
  0.         0.         0.         0.         0.         0.
  0.         0.         0.8        0.         0.         0.
  0.         0.         0.1714402  0.         0.         0.8
  0.         0.         0.8        0.         0.         0.
  0.         0.         0.09648754 0.         0.8        0.
  0.         0.         0.         0.         0.09648754 0.
  0.         0.         0.         0.         0.         0.
  0.         0.         0.         0.         0.         0.
  0.         0.09958583 0.         0.8        0.         0.
  0.         0.         0.         0.         0.11027147 0.
  0.        ]]"
"[[0.         0.         0.         0.         0.         0.
  0.         0.         0.         0.         0.         0.
  0.         0.         0.         0.256      0.         0.09014012
  0.         0.         0.         0.         0.         0.
  0.         0.         0.256      0.256      0.         0.
  0.256      0.         0.         0.         0.         0.
  0.         0.         0.         0.256      0.         0.
  0.         0.256      0.         0.         0.         0.
  0.         0.         0.256      0.         0.         0.
  0.         0.64       0.         0.         0.         0.
  0.64       0.34253503 0.256      0.         0.         0.
  0.         0.         0.         0.         0.         0.8
  0.         0.         0.256      0.         0.         0.
  0.         0.         0.         0.         0.         0.
  0.         0.         0.         0.         0.         0.
  0.         0.64       0.         0.         0.         0.
  0.         0.         0.64       0.         0.         0.
  0.         0.09551002 0.         0.         0.8        0.
  0.         0.         0.         0.09551002 0.04868355 0.
  0.04868355 0.         0.         0.06248139 0.         0.06248139
  0.         0.         0.         0.         0.         0.64
  0.         0.256      0.         0.         0.         0.
  0.         0.         0.         0.         0.         0.8
  0.64       0.         0.         0.         0.         0.
  0.64       0.         0.         0.256      0.         0.
  0.         0.09014012 0.         0.         0.         0.09551002
  0.256      0.         0.         0.64       0.         0.
  0.         0.         0.04868355 0.         0.         0.
  0.256      0.         0.09014012 0.256      0.         0.
  0.         0.         0.         0.         0.         0.
  0.         0.64       0.         0.         0.         0.
  0.72       0.         0.256      0.         0.         0.
  0.         0.         0.256      0.         0.         0.
  0.64       0.         0.         0.         0.         0.8
  0.         0.         0.         0.         0.         0.
  0.         0.         0.         0.         0.         0.
  0.64       0.         0.         0.09551002 0.         0.
  0.         0.64       0.09551002 0.32       0.         0.
  0.64       0.         0.         0.         0.         0.
  0.         0.8        0.64       0.         0.         0.256
  0.         0.256      0.         0.64       0.09551002 0.
  0.         0.         0.         0.         0.         0.24338004
  0.         0.256      0.         0.         0.         0.34253503
  0.8        0.         0.         0.256      0.03183667 0.
  0.         0.         0.         0.256      0.256      0.
  0.         0.         0.         0.         0.         0.
  0.         0.         0.         0.         0.         0.
  0.         0.         0.8        0.         0.         0.64
  0.256      0.09551002 0.         0.         0.         1.
  0.         0.         0.         0.         0.         0.
  0.256      0.         0.         0.         0.         0.02645056
  0.         0.03295268 0.         0.         0.         0.
  0.         0.         0.256      0.         0.8        0.256
  0.         0.         0.256      0.05392717 0.256      0.
  0.         0.         0.256      0.         0.         0.
  0.         0.         0.64       0.         0.         0.
  0.64       0.         0.         0.09551002 0.64       0.
  0.         0.09551002 0.         0.         0.         0.
  0.04868355 0.         0.         0.         0.8        0.64
  0.256      0.         0.64       0.         0.64       0.256
  0.64       0.         0.         0.         0.         0.09551002
  0.64       0.         0.         0.         0.         0.8
  0.         0.         0.8        0.256      0.64       0.64
  0.         0.         0.64       0.09551002 0.         0.09551002
  0.         0.         0.8        0.         0.04408427 0.
  0.09551002 0.         0.03295268 0.03295268 0.         0.
  0.         0.         0.         0.256      0.         0.
  0.         0.         0.36507006 0.         0.09551002 0.
  0.         0.         0.         0.         0.         0.
  0.         0.256      0.         0.09551002 0.09551002 0.
  0.         0.256      0.         0.         0.         0.
  0.         0.         0.         0.         0.64       0.40788717
  0.         0.         0.         0.         0.         0.
  0.         0.256      0.256      0.         0.         0.
  0.         0.         0.         0.         0.         0.
  0.64       0.64       0.         0.         0.         0.
  0.         0.         0.         0.         0.         0.06102698
  0.256      0.         0.         0.         0.         0.
  0.        ]]"
"[[0.         0.         0.         0.         0.26666667 0.
  0.         0.         0.         0.         0.         0.
  0.         0.         0.         0.         0.         0.
  0.         0.         0.         0.         0.         0.
  0.37333333 0.37333333 0.         0.         0.         0.
  0.         0.         0.15644444 0.         0.         0.
  0.         0.         0.         0.         0.         0.
  0.         0.         0.         0.         0.         0.
  0.         0.         0.         0.10666667 0.         0.
  0.         0.         0.         0.04266667 0.         0.
  0.         0.         0.         0.02844444 0.04266667 0.
  0.         0.         0.         0.         0.15644444 0.
  0.10666667 0.         0.         0.10666667 0.         0.
  0.04266667 0.         0.         0.         0.         0.
  0.04266667 0.04266667 0.         0.         0.         0.
  0.         0.         0.         0.         0.         0.04266667
  0.         0.10666667 0.         0.         0.         0.
  0.         0.         0.         0.04266667 0.         0.
  0.         0.         0.         0.         0.         0.
  0.         0.04266667 0.         0.         0.         0.
  0.         0.         0.         0.         0.         0.
  0.         0.         0.         0.37333333 0.         0.
  0.         0.         0.         0.         0.         0.
  0.         0.         0.         0.         0.         0.
  0.         0.         0.         0.         0.         0.
  0.         0.         0.         0.         0.         0.
  0.         0.         0.         0.         0.         0.
  0.         0.         0.         0.         0.         0.
  0.         0.         0.         0.         0.         0.
  0.         0.         0.         0.         0.04266667 0.
  0.         0.         0.         0.         0.         0.
  0.         0.         0.         0.         0.         0.
  0.         0.04266667 0.         0.         0.         0.
  0.         0.37333333 0.         0.         0.         0.
  0.         0.02844444 0.         0.         0.         0.
  0.         0.         0.         0.04266667 0.         0.
  0.         0.33777778 0.         0.         0.         0.32
  0.         0.         0.         0.         0.         0.
  0.         0.         0.02844444 0.         0.         0.33777778
  0.         0.         0.         0.04266667 0.         0.
  0.         0.         0.         0.         0.         0.
  0.         0.         0.         0.         0.         0.
  0.         0.         0.         0.         0.         0.
  0.         0.         0.         0.         0.         0.
  0.         0.         0.         0.         0.         0.04266667
  0.         0.         0.         0.         0.02844444 0.
  0.         0.         0.         0.04266667 0.         0.
  0.         0.         0.         0.         0.         0.
  0.         0.         0.04266667 0.         0.         0.
  1.         0.         0.         0.         0.         0.15644444
  0.         0.         0.         0.04266667 0.         0.
  0.         0.         0.         0.         0.04266667 0.
  0.         0.         0.         0.         0.         0.
  0.         0.         0.         0.         0.         0.
  0.         0.         0.         0.         0.15644444 0.
  0.         0.         0.         0.         0.33777778 0.
  0.         0.         0.         0.         0.         0.
  0.         0.         0.         0.10666667 0.         0.
  0.         0.         0.         0.         0.         0.
  0.         0.         0.         0.         0.         0.
  0.         0.         0.04266667 0.         0.10666667 0.
  0.         0.         0.04266667 0.         0.         0.
  0.         0.         0.         0.         0.         0.
  0.         0.         0.         0.         0.         0.
  0.         0.10666667 0.         0.02844444 0.         0.
  0.         0.         0.         0.         0.         0.04266667
  0.         0.         0.         0.         0.         0.
  0.         0.         0.         0.02844444 0.         0.04266667
  0.         0.         0.         0.         0.         0.
  0.         0.         0.         0.         0.         0.
  0.         0.         0.         0.         0.         0.
  0.         0.         0.         0.04266667 0.         0.
  0.         0.         0.         0.04266667 0.         0.
  0.         0.         0.         0.         0.         0.
  0.04266667 0.04266667 0.37333333 0.         0.         0.
  0.         0.         0.         0.         0.         0.
  0.         0.         0.         0.         0.04266667 0.
  0.         0.04266667 0.02844444 0.10666667 0.         0.
  0.        ]]"
"[[0.         0.         0.         0.         0.         0.
  0.         0.         0.         0.         0.         0.
  0.         0.         0.25487425 0.         0.29603501 0.
  0.         0.         0.         0.         0.         0.32194872
  0.         0.         0.         0.         0.         0.
  0.         0.         0.         0.         0.16093591 0.39968985
  0.3976032  0.         0.         0.         0.         0.
  0.         0.         0.         0.         0.25698002 0.25487425
  0.39864652 0.25487425 0.         0.         0.16093591 0.26969238
  0.39968985 0.         0.32347367 0.         0.         0.29193858
  0.         0.         0.         0.         0.         0.
  0.25487425 0.         0.         0.         0.         0.
  0.         0.3976032  0.         0.         0.3976032  0.21309942
  0.         0.26969238 0.         0.         0.         0.32728205
  0.         0.         0.35072243 0.         0.         0.
  0.         0.         0.         0.3976032  0.         0.
  0.         0.         0.         0.         0.25487425 0.39968985
  0.30304466 0.         0.         0.         0.         0.
  0.         0.         0.3976032  0.         0.         0.3976032
  0.         0.         0.25698002 0.         0.         0.
  0.29385359 0.25487425 0.         0.3976032  0.         0.
  0.23501211 0.         0.21131971 0.         0.         0.29213104
  0.32143613 0.23501211 0.         0.         0.         0.
  0.         0.25434944 0.22336101 0.         0.         0.25487425
  0.         0.23501211 0.27876149 0.         0.25487425 0.25487425
  0.         0.         0.3659823  0.3976032  0.21309942 0.
  0.         0.23420424 0.32161426 0.         0.         0.
  0.26377769 0.25487425 0.         0.         0.         0.
  0.         0.16366977 0.         0.         0.29409725 0.25487425
  0.3976032  0.         0.23920591 0.3976032  0.         0.25098138
  0.3976032  0.         0.27530111 0.31738513 0.3976032  0.
  0.         0.         0.         0.         0.         0.27606358
  0.17876333 0.         0.         0.         0.25698002 0.
  0.         0.         0.         0.39968985 0.         0.
  0.         0.         0.25487425 0.25487425 0.         0.
  0.31946747 0.3976032  0.25487425 0.         0.25800388 0.
  0.         0.         0.3976032  0.         0.         0.
  0.28818326 0.         0.         0.         0.         0.21309942
  0.         0.25487425 0.         0.16093591 0.23420424 0.
  0.39968985 0.         0.         0.         0.         0.
  0.         0.         0.         0.         0.         0.21309942
  0.         0.19770531 0.25487425 0.22336101 0.         0.
  0.3976032  0.         0.         0.         0.         0.
  0.         0.39968985 0.         0.         0.         0.
  0.21309942 0.         0.25487425 0.         0.         0.
  0.         0.         0.22336101 0.25487425 0.         0.
  0.26377769 0.         0.3976032  0.         0.28666805 0.3976032
  0.39968985 0.3192193  0.         0.         0.23420424 0.
  0.         0.         0.         0.3976032  0.         0.
  0.         1.         0.         0.28358835 0.         0.
  0.         0.32728205 0.         0.         0.         0.
  0.         0.         0.25487425 0.23501211 0.         0.25487425
  0.39968985 0.33201561 0.         0.23501211 0.         0.
  0.23920591 0.         0.         0.         0.         0.3198462
  0.34106353 0.         0.         0.3976032  0.         0.
  0.         0.         0.         0.         0.         0.23420424
  0.         0.         0.         0.         0.         0.2562781
  0.         0.         0.         0.         0.32913662 0.
  0.         0.         0.         0.22365183 0.         0.
  0.         0.         0.         0.17876333 0.         0.
  0.         0.         0.         0.         0.         0.
  0.         0.         0.         0.3976032  0.         0.
  0.25487425 0.25487425 0.         0.         0.         0.
  0.         0.28028169 0.         0.         0.         0.
  0.         0.         0.         0.         0.         0.25487425
  0.         0.         0.         0.         0.         0.
  0.         0.         0.         0.         0.         0.
  0.2767768  0.         0.         0.         0.         0.
  0.23501211 0.         0.36081928 0.         0.         0.33013306
  0.22336101 0.         0.         0.         0.         0.
  0.         0.         0.         0.25487425 0.28818326 0.
  0.23501211 0.32194872 0.         0.         0.         0.
  0.3976032  0.         0.         0.         0.         0.
  0.22336101 0.         0.         0.39968985 0.         0.
  0.         0.         0.         0.         0.3976032  0.42531319
  0.         0.         0.         0.3976032  0.3976032  0.
  0.3976032  0.         0.25487425 0.         0.         0.
  0.         0.         0.         0.         0.         0.
  0.        ]]"
"[[0.  0.  0.  0.  0.  0.  0.  0.  0.  0.  0.  0.  0.  0.  0.  0.  0.  0.
  0.  0.  0.  0.  0.  0.  0.  0.  0.  0.  0.  0.  0.  0.  0.  0.  0.  0.
  0.  0.  0.  0.  0.  0.  0.  0.  0.  0.  0.  0.  0.  0.  0.  0.  0.  0.
  0.  0.  0.  0.  0.  0.  0.  0.  0.  0.  0.  0.  0.  0.8 0.  0.  0.  0.
  0.  0.  0.  0.  0.  0.  0.  0.  0.  0.  0.  0.  0.  0.  0.  0.  0.  0.
  0.  0.  0.  0.  0.  0.  0.  0.  0.  0.  0.  0.  0.  0.  0.  0.  0.  0.
  0.  0.  0.  0.  0.  0.  0.  0.  0.  0.  0.8 0.  0.  0.  0.  0.  0.  0.
  0.  0.  0.  0.  0.  0.  0.  0.  0.  0.  0.8 0.  0.  0.  0.  0.  0.  0.
  0.  0.  0.  0.  0.  0.  0.  0.  0.  0.  0.  0.  0.  0.  0.  0.  0.  0.
  0.  0.  0.  0.  0.  0.  0.  0.  0.  0.  0.  0.  0.  0.  0.  0.  0.  0.
  0.  0.  0.  0.  0.  0.  0.  0.  0.  0.  0.  0.  0.  0.  0.  0.8 0.  0.
  0.  0.  0.  0.  0.  0.  0.  0.  0.  0.  0.  0.  0.  0.  0.  0.  0.  0.
  0.  0.  0.  0.  0.  0.  0.  0.  0.  0.  0.8 0.  0.  0.  0.  0.  0.  0.
  0.  0.  0.  0.  0.8 0.  0.8 0.  0.  0.  0.  0.  0.  0.  0.  0.  0.  0.
  0.  0.  0.  0.8 0.  0.  0.  0.  0.8 0.  0.  0.  0.  0.  0.  0.  0.  0.
  0.8 0.  0.  0.  0.  0.  0.  0.  0.  0.  0.  0.  0.  0.  0.  0.  0.  0.
  0.  0.  0.  0.  0.  0.  0.  0.  1.  0.  0.  0.  0.  0.  0.  0.  0.  0.
  0.  0.  0.  0.  0.  0.  0.  0.  0.  0.  0.  0.  0.  0.  0.  0.  0.  0.
  0.  0.  0.  0.  0.  0.  0.  0.  0.  0.8 0.  0.  0.  0.  0.  0.  0.  0.
  0.  0.  0.8 0.  0.  0.  0.  0.  0.  0.  0.  0.  0.  0.  0.  0.  0.  0.
  0.  0.  0.  0.  0.  0.  0.  0.  0.  0.  0.  0.  0.  0.  0.  0.  0.  0.
  0.  0.  0.  0.  0.8 0.  0.  0.  0.  0.  0.  0.  0.  0.  0.  0.  0.  0.
  0.  0.  0.8 0.  0.  0.  0.  0.8 0.  0.  0.  0.  0.  0.  0.  0.  0.  0.
  0.  0.  0.  0.  0.  0.  0.  0.  0.  0.  0.  0.  0.  0.  0.  0.  0.  0.
  0.  0.  0.  0.  0.  0.  0.  0.  0.  0.  0.  0.  0.  0.  0.  0.  0.  0.
  0.  0.  0.  0.  0.  0.  0.  0.  0.  0.  0.  0.  0.  0.  0.  0.  0.  0.
  0. ]]"
"[[0.         0.         0.         0.         0.         0.
  0.         0.         0.         0.         0.         0.
  0.         0.         0.36805328 0.         0.30949798 0.
  0.         0.         0.         0.         0.         0.28555366
  0.         0.         0.         0.         0.         0.
  0.         0.         0.         0.         0.16265921 0.21372071
  0.4551134  0.         0.         0.         0.         0.
  0.         0.         0.         0.         0.29493996 0.36805328
  0.33441705 0.36805328 0.         0.         0.16265921 0.28173977
  0.21372071 0.         0.20945315 0.         0.         0.25301797
  0.         0.         0.         0.         0.         0.
  0.36805328 0.         0.         0.         0.         0.
  0.         0.4551134  0.         0.         0.4551134  0.27501933
  0.         0.28173977 0.         0.         0.         0.29088699
  0.         0.         0.34562913 0.         0.         0.
  0.         0.         0.         0.4551134  0.         0.
  0.         0.         0.         0.         0.36805328 0.21372071
  0.25193865 0.         0.         0.         0.         0.
  0.         0.         0.4551134  0.         0.         0.4551134
  0.         0.         0.29493996 0.         0.         0.
  0.25216369 0.36805328 0.         0.4551134  0.         0.
  0.1789225  0.         0.19335469 0.         0.         0.29291348
  0.24439879 0.1789225  0.         0.         0.         0.
  0.         0.29313943 0.27185262 0.         0.         0.36805328
  0.         0.1789225  0.24415358 0.         0.36805328 0.36805328
  0.         0.         0.22744655 0.4551134  0.27501933 0.
  0.         0.20267889 0.20947436 0.         0.         0.
  0.26856296 0.36805328 0.         0.         0.         0.
  0.         0.14814538 0.         0.         0.30358816 0.36805328
  0.4551134  0.         0.28003275 0.4551134  0.         0.22172393
  0.4551134  0.         0.30087831 0.25311501 0.4551134  0.
  0.         0.         0.         0.         0.         0.26282806
  0.44370652 0.         0.         0.         0.29493996 0.
  0.         0.         0.         0.21372071 0.         0.
  0.         0.         0.36805328 0.36805328 0.         0.
  0.24790799 0.4551134  0.36805328 0.         0.26903291 0.
  0.         0.         0.4551134  0.         0.         0.
  0.44940996 0.         0.         0.         0.         0.27501933
  0.         0.36805328 0.         0.16265921 0.20267889 0.
  0.21372071 0.         0.         0.         0.         0.
  0.         0.         0.         0.         0.         0.27501933
  0.         0.20542354 0.36805328 0.27185262 0.         0.
  0.4551134  0.         0.         0.         0.         0.
  0.         0.21372071 0.         0.         0.         0.
  0.27501933 0.         0.36805328 0.         0.         0.
  0.         0.         0.27185262 0.36805328 0.         0.
  0.26856296 0.         0.4551134  0.         0.25395726 0.4551134
  0.21372071 0.1661357  0.         0.         0.20267889 0.
  0.         0.         0.         0.4551134  0.         0.
  0.         0.28358835 0.         1.         0.         0.
  0.         0.29088699 0.         0.         0.         0.
  0.         0.         0.36805328 0.1789225  0.         0.36805328
  0.21372071 0.18748906 0.         0.1789225  0.         0.
  0.28003275 0.         0.         0.         0.         0.25275388
  0.23639865 0.         0.         0.4551134  0.         0.
  0.         0.         0.         0.         0.         0.20267889
  0.         0.         0.         0.         0.         0.31931107
  0.         0.         0.         0.         0.23675086 0.
  0.         0.         0.         0.23884911 0.         0.
  0.         0.         0.         0.44370652 0.         0.
  0.         0.         0.         0.         0.         0.
  0.         0.         0.         0.4551134  0.         0.
  0.36805328 0.36805328 0.         0.         0.         0.
  0.         0.24986195 0.         0.         0.         0.
  0.         0.         0.         0.         0.         0.36805328
  0.         0.         0.         0.         0.         0.
  0.         0.         0.         0.         0.         0.
  0.26851816 0.         0.         0.         0.         0.
  0.1789225  0.         0.24963718 0.         0.         0.22168658
  0.27185262 0.         0.         0.         0.         0.
  0.         0.         0.         0.36805328 0.44940996 0.
  0.1789225  0.28555366 0.         0.         0.         0.
  0.4551134  0.         0.         0.         0.         0.
  0.27185262 0.         0.         0.21372071 0.         0.
  0.         0.         0.         0.         0.4551134  0.33441705
  0.         0.         0.         0.4551134  0.4551134  0.
  0.4551134  0.         0.36805328 0.         0.         0.
  0.         0.         0.         0.         0.         0.
  0.        ]]"
"[[0.         0.         0.         0.         0.         0.
  0.         0.         0.         0.         0.         0.
  0.         0.         0.         0.         0.         0.
  0.         0.         0.         0.         0.         0.
  0.         0.         0.         0.         0.         0.
  0.         0.         0.         0.         0.         0.
  0.         0.         0.17039639 0.         0.         0.
  0.         0.         0.         0.         0.         0.
  0.         0.         0.         0.         0.         0.
  0.         0.         0.         0.         0.         0.
  0.         0.         0.         0.         0.         0.
  0.         0.         0.         0.10071935 0.         0.
  0.         0.         0.         0.         0.         0.
  0.         0.         0.         0.         0.         0.
  0.         0.         0.         0.         0.         0.
  0.         0.         0.         0.         0.         0.
  0.         0.         0.         0.         0.         0.
  0.         0.         0.         0.         0.         0.
  0.         0.         0.         0.         0.         0.
  0.         0.         0.         0.         0.         0.
  0.         0.         0.         0.         0.         0.
  0.         0.         0.         0.         0.         0.
  0.         0.         0.17213323 0.         0.         0.
  0.         0.         0.         0.         0.         0.
  0.         0.         0.         0.         0.         0.
  0.         0.         0.         0.         0.         0.
  0.         0.         0.         0.         0.         0.
  0.         0.         0.         0.         0.         0.
  0.         0.         0.         0.         0.         0.
  0.         0.         0.         0.         0.         0.
  0.         0.         0.         0.         0.         0.
  0.         0.         0.         0.         0.         0.
  0.         0.         0.         0.         0.         0.
  0.         0.         0.         0.         0.         0.
  0.         0.         0.         0.         0.         0.
  0.         0.         0.         0.         0.         0.19972053
  0.         0.         0.         0.         0.         0.
  0.         0.         0.         0.         0.         0.
  0.         0.         0.         0.         0.         0.
  0.         0.         0.         0.         0.         0.
  0.         0.         0.         0.         0.         0.
  0.         0.         0.         0.         0.         0.
  0.         0.         0.         0.         0.         0.
  0.         0.         0.         0.         0.         0.18718338
  0.         0.         0.         0.         0.         0.
  0.         0.         0.         0.         0.         0.
  0.         0.10927649 0.         0.         0.         0.
  0.         0.         0.         0.17039639 0.         0.
  0.         0.         0.         0.         0.         0.
  0.         0.         0.         0.         1.         0.
  0.         0.         0.         0.         0.         0.
  0.         0.         0.         0.         0.         0.
  0.         0.         0.         0.         0.         0.
  0.         0.         0.         0.         0.         0.
  0.         0.         0.         0.         0.         0.
  0.         0.         0.         0.         0.         0.
  0.         0.         0.         0.         0.         0.
  0.19972053 0.         0.         0.         0.         0.
  0.         0.19972053 0.         0.         0.         0.
  0.         0.         0.         0.         0.         0.
  0.         0.16816683 0.         0.         0.         0.
  0.         0.         0.         0.         0.         0.
  0.         0.         0.         0.         0.         0.
  0.         0.         0.         0.         0.         0.
  0.         0.         0.         0.         0.         0.
  0.         0.         0.         0.         0.         0.
  0.         0.         0.         0.         0.         0.
  0.         0.         0.         0.         0.         0.
  0.         0.10927649 0.         0.17066249 0.         0.
  0.         0.         0.         0.         0.         0.10071935
  0.         0.         0.         0.         0.         0.
  0.         0.         0.         0.         0.         0.
  0.         0.10927649 0.         0.         0.         0.
  0.         0.         0.         0.         0.         0.
  0.         0.         0.         0.         0.         0.
  0.         0.         0.1612187  0.         0.         0.20095634
  0.         0.         0.         0.         0.         0.
  0.         0.         0.         0.         0.         0.
  0.        ]]"
"[[0.         0.         0.         0.         0.         0.
  0.         0.         0.         0.         0.         0.
  0.         0.         0.         0.         0.         0.
  0.         0.         0.         0.         0.         0.
  0.21333333 0.256      0.         0.         0.         0.
  0.         0.         0.27022222 0.         0.         0.
  0.         0.         0.         0.         0.         0.
  0.         0.         0.         0.         0.         0.
  0.         0.         0.         0.29866667 0.         0.
  0.         0.         0.         0.29866667 0.         0.
  0.         0.         0.         0.12515556 0.29866667 0.
  0.         0.         0.         0.         0.27022222 0.
  0.29866667 0.         0.         0.29866667 0.         0.
  0.29866667 0.         0.         0.         0.         0.
  0.29866667 0.29866667 0.         0.         0.         0.
  0.         0.         0.         0.         0.         0.29866667
  0.         0.29866667 0.         0.         0.         0.
  0.         0.         0.         0.29866667 0.         0.
  0.         0.         0.         0.         0.         0.
  0.         0.29866667 0.         0.         0.         0.
  0.         0.         0.         0.         0.         0.
  0.         0.         0.         0.256      0.         0.
  0.         0.         0.         0.         0.         0.
  0.         0.         0.         0.         0.         0.
  0.         0.         0.         0.         0.         0.
  0.         0.         0.         0.         0.         0.
  0.         0.         0.         0.         0.         0.
  0.         0.         0.         0.         0.         0.
  0.         0.         0.         0.         0.         0.
  0.         0.         0.         0.         0.29866667 0.
  0.         0.         0.         0.         0.         0.
  0.         0.         0.         0.         0.         0.
  0.         0.29866667 0.         0.         0.         0.
  0.         0.256      0.         0.         0.         0.
  0.         0.12515556 0.         0.         0.         0.
  0.         0.         0.         0.29866667 0.         0.
  0.         0.15644444 0.         0.         0.         0.10666667
  0.         0.         0.         0.         0.         0.
  0.         0.         0.12515556 0.         0.         0.15644444
  0.         0.         0.         0.29866667 0.         0.
  0.         0.         0.         0.         0.         0.
  0.         0.         0.         0.         0.         0.
  0.         0.         0.         0.         0.         0.
  0.         0.         0.         0.         0.         0.
  0.         0.         0.         0.         0.         0.29866667
  0.         0.         0.         0.         0.12515556 0.
  0.         0.         0.         0.29866667 0.         0.
  0.         0.         0.         0.         0.         0.
  0.         0.         0.29866667 0.         0.         0.
  0.15644444 0.         0.         0.         0.         1.
  0.         0.         0.         0.29866667 0.         0.
  0.         0.         0.         0.         0.29866667 0.
  0.         0.         0.         0.         0.         0.
  0.         0.         0.         0.         0.         0.
  0.         0.         0.         0.         0.27022222 0.
  0.         0.         0.         0.         0.15644444 0.
  0.         0.         0.         0.         0.         0.
  0.         0.         0.         0.29866667 0.         0.
  0.         0.         0.         0.         0.         0.
  0.         0.         0.         0.         0.         0.
  0.         0.         0.29866667 0.         0.29866667 0.
  0.         0.         0.29866667 0.         0.         0.
  0.         0.         0.         0.         0.         0.
  0.         0.         0.         0.         0.         0.
  0.         0.29866667 0.         0.12515556 0.         0.
  0.         0.         0.         0.         0.         0.29866667
  0.         0.         0.         0.         0.         0.
  0.         0.         0.         0.12515556 0.         0.29866667
  0.         0.         0.         0.         0.         0.
  0.         0.         0.         0.         0.         0.
  0.         0.         0.         0.         0.         0.
  0.         0.         0.         0.29866667 0.         0.
  0.         0.         0.         0.29866667 0.         0.
  0.         0.         0.         0.         0.         0.
  0.29866667 0.29866667 0.21333333 0.         0.         0.
  0.         0.         0.         0.         0.         0.
  0.         0.         0.         0.         0.29866667 0.
  0.         0.29866667 0.12515556 0.29866667 0.         0.
  0.        ]]"
"[[0.         0.         0.         0.         0.         0.
  0.         0.         0.         0.         0.         0.
  0.         0.         0.         0.64       0.         0.08533333
  0.         0.         0.         0.         0.         0.
  0.         0.         0.64       0.64       0.         0.
  0.8        0.         0.         0.         0.         0.
  0.         0.         0.         0.64       0.         0.
  0.         0.64       0.         0.         0.         0.
  0.         0.         0.8        0.         0.         0.
  0.         0.256      0.         0.         0.         0.
  0.256      0.128      0.64       0.         0.         0.
  0.         0.         0.         0.         0.         0.256
  0.         0.         0.64       0.         0.         0.
  0.         0.         0.         0.         0.         0.
  0.         0.         0.         0.         0.         0.
  0.         0.256      0.         0.         0.         0.
  0.         0.         0.256      0.         0.         0.
  0.         0.192      0.         0.         0.256      0.
  0.         0.         0.         0.21333333 0.07893333 0.
  0.07893333 0.         0.         0.128      0.         0.128
  0.         0.         0.         0.         0.         0.256
  0.         0.8        0.         0.         0.         0.
  0.         0.         0.         0.         0.         0.256
  0.256      0.         0.         0.         0.         0.
  0.256      0.         0.         0.64       0.         0.
  0.         0.08533333 0.         0.         0.         0.21333333
  0.8        0.         0.         0.256      0.         0.
  0.         0.         0.07893333 0.         0.         0.
  0.64       0.         0.08533333 0.64       0.         0.
  0.         0.         0.         0.         0.         0.
  0.         0.256      0.         0.         0.         0.
  0.256      0.         0.64       0.         0.         0.
  0.         0.         0.8        0.         0.         0.
  0.256      0.         0.         0.         0.         0.256
  0.         0.         0.         0.         0.         0.
  0.         0.         0.         0.         0.         0.
  0.256      0.         0.         0.21333333 0.         0.
  0.         0.256      0.17066667 0.128      0.         0.
  0.256      0.         0.         0.         0.         0.
  0.         0.256      0.256      0.         0.         0.8
  0.         0.64       0.         0.256      0.17066667 0.
  0.         0.         0.         0.         0.         0.11377778
  0.         0.64       0.         0.         0.         0.128
  0.256      0.         0.         0.64       0.05688889 0.
  0.         0.         0.         0.64       0.8        0.
  0.         0.         0.         0.         0.         0.
  0.         0.         0.         0.         0.         0.
  0.         0.         0.256      0.         0.         0.256
  0.8        0.18488889 0.         0.         0.         0.256
  0.         0.         0.         0.         0.         0.
  1.         0.         0.         0.         0.         0.03754667
  0.         0.03413333 0.         0.         0.         0.
  0.         0.         0.64       0.         0.256      0.64
  0.         0.         0.8        0.09386667 0.8        0.
  0.         0.         0.64       0.         0.         0.
  0.         0.         0.256      0.         0.         0.
  0.256      0.         0.         0.21333333 0.256      0.
  0.         0.21333333 0.         0.         0.         0.
  0.07893333 0.         0.         0.         0.256      0.256
  0.64       0.         0.256      0.         0.256      0.64
  0.256      0.         0.         0.         0.         0.21333333
  0.256      0.         0.         0.         0.         0.256
  0.         0.         0.256      0.64       0.256      0.256
  0.         0.         0.256      0.21333333 0.         0.192
  0.         0.         0.256      0.         0.06257778 0.
  0.21333333 0.         0.03413333 0.03413333 0.         0.
  0.         0.         0.         0.72       0.         0.
  0.         0.         0.17066667 0.         0.192      0.
  0.         0.         0.         0.         0.         0.
  0.         0.8        0.         0.21333333 0.17066667 0.
  0.         0.64       0.         0.         0.         0.
  0.         0.         0.         0.         0.256      0.15847619
  0.         0.         0.         0.         0.         0.
  0.         0.64       0.64       0.         0.         0.
  0.         0.         0.         0.         0.         0.
  0.256      0.256      0.         0.         0.         0.
  0.         0.         0.         0.         0.         0.1152
  0.8        0.         0.         0.         0.         0.
  0.        ]]"
"[[0.         0.         0.         0.         0.         0.
  0.         0.         0.         0.         0.         0.
  0.         0.         0.39644119 0.         0.35377452 0.
  0.         0.         0.         0.         0.         0.40444119
  0.         0.         0.         0.         0.         0.
  0.         0.         0.         0.         0.16799476 0.39644119
  0.32104223 0.         0.         0.         0.         0.
  0.         0.         0.         0.         0.33481149 0.39644119
  0.35874171 0.39644119 0.         0.         0.16799476 0.31351278
  0.47644119 0.         0.31878633 0.         0.         0.31250411
  0.         0.         0.         0.         0.         0.
  0.47644119 0.         0.         0.         0.         0.
  0.         0.32104223 0.         0.         0.32104223 0.26510884
  0.         0.31351278 0.         0.         0.         0.47644119
  0.         0.         0.39797487 0.         0.         0.
  0.         0.         0.         0.32104223 0.         0.
  0.         0.         0.         0.         0.39644119 0.39644119
  0.31534651 0.         0.         0.         0.         0.
  0.         0.         0.32104223 0.         0.         0.32104223
  0.         0.         0.33481149 0.         0.         0.
  0.31350593 0.39644119 0.         0.32104223 0.         0.
  0.22040051 0.         0.21074849 0.         0.         0.40562634
  0.32803705 0.22040051 0.         0.         0.         0.
  0.         0.34017797 0.26291713 0.         0.         0.47644119
  0.         0.22040051 0.29787847 0.         0.39644119 0.39644119
  0.         0.         0.38182663 0.32104223 0.26510884 0.
  0.         0.23246047 0.32045347 0.         0.         0.
  0.30000406 0.39644119 0.         0.         0.         0.
  0.         0.16099482 0.         0.         0.41634171 0.39644119
  0.32104223 0.         0.28245083 0.32104223 0.         0.26822189
  0.32104223 0.         0.3316081  0.31199504 0.32104223 0.
  0.         0.         0.         0.         0.         0.30878067
  0.23569531 0.         0.         0.         0.33481149 0.
  0.         0.         0.         0.47644119 0.         0.
  0.         0.         0.39644119 0.39644119 0.         0.
  0.31544908 0.32104223 0.39644119 0.         0.29470593 0.
  0.         0.         0.32104223 0.         0.         0.
  0.27836877 0.         0.         0.         0.         0.26510884
  0.         0.39644119 0.         0.16799476 0.23246047 0.
  0.39644119 0.         0.         0.         0.         0.
  0.         0.         0.         0.         0.         0.26510884
  0.         0.21135318 0.39644119 0.26291713 0.         0.
  0.32104223 0.         0.         0.         0.         0.
  0.         0.47644119 0.         0.         0.         0.
  0.26510884 0.         0.39644119 0.         0.         0.
  0.         0.         0.26291713 0.39644119 0.         0.
  0.30000406 0.         0.32104223 0.         0.31995662 0.32104223
  0.47644119 0.27813929 0.         0.         0.23246047 0.
  0.         0.         0.         0.32104223 0.         0.
  0.         0.32728205 0.         0.29088699 0.         0.
  0.         1.         0.         0.         0.         0.
  0.         0.         0.39644119 0.22040051 0.         0.39644119
  0.47644119 0.31521522 0.         0.22040051 0.         0.
  0.28245083 0.         0.         0.         0.         0.31545694
  0.35135276 0.         0.         0.32104223 0.         0.
  0.         0.         0.         0.         0.         0.23246047
  0.         0.         0.         0.         0.         0.38202139
  0.         0.         0.         0.         0.326442   0.
  0.         0.         0.         0.24878466 0.         0.
  0.         0.         0.         0.23569531 0.         0.
  0.         0.         0.         0.         0.         0.
  0.         0.         0.         0.32104223 0.         0.
  0.39644119 0.39644119 0.         0.         0.         0.
  0.         0.32085247 0.         0.         0.         0.
  0.         0.         0.         0.         0.         0.39644119
  0.         0.         0.         0.         0.         0.
  0.         0.         0.         0.         0.         0.
  0.35357034 0.         0.         0.         0.         0.
  0.22040051 0.         0.40044119 0.         0.         0.33411011
  0.26291713 0.         0.         0.         0.         0.
  0.         0.         0.         0.39644119 0.27836877 0.
  0.22040051 0.36444119 0.         0.         0.         0.
  0.32104223 0.         0.         0.         0.         0.
  0.26291713 0.         0.         0.39644119 0.         0.
  0.         0.         0.         0.         0.32104223 0.35874171
  0.         0.         0.         0.32104223 0.32104223 0.
  0.32104223 0.         0.39644119 0.         0.         0.
  0.         0.         0.         0.         0.         0.
  0.        ]]"
"[[0.         0.         0.         0.         0.         0.
  0.         0.         0.         0.         0.         0.
  0.         0.         0.         0.         0.         0.
  0.8        0.         0.         0.8        0.         0.
  0.         0.         0.         0.         0.18027303 0.
  0.         0.1714402  0.         0.         0.         0.
  0.         0.8        0.         0.         0.8        0.
  0.         0.         0.08535929 0.         0.         0.
  0.         0.         0.         0.         0.         0.
  0.         0.         0.         0.         0.12027214 0.
  0.         0.         0.         0.         0.         0.8
  0.         0.         0.         0.         0.         0.
  0.         0.         0.         0.         0.         0.
  0.         0.         0.8        0.8        0.12856171 0.
  0.         0.         0.         0.16985201 0.         0.8
  0.         0.         0.         0.         0.         0.
  0.8        0.         0.         0.8        0.         0.
  0.         0.         0.         0.         0.         0.
  0.8        0.8        0.         0.         0.         0.
  0.         0.         0.         0.         0.         0.
  0.         0.         0.08526979 0.         0.         0.
  0.         0.         0.         0.         0.8        0.
  0.         0.         0.         0.         0.         0.
  0.         0.         0.         0.11346386 0.8        0.
  0.         0.         0.         0.         0.         0.
  0.         0.         0.         0.         0.         0.
  0.         0.         0.         0.         0.         0.8
  0.         0.         0.         0.         0.         0.8
  0.         0.         0.         0.         0.         0.
  0.         0.8        0.         0.         0.         0.
  0.         0.         0.         0.         0.         0.08535929
  0.         0.         0.         0.07191812 0.         0.
  0.         0.         0.         0.         0.         0.
  0.         0.         0.         0.         0.         0.
  0.8        0.         0.         0.         0.8        0.8
  0.         0.         0.         0.         0.         0.
  0.         0.         0.         0.         0.         0.
  0.         0.         0.         0.         0.         0.
  0.         0.         0.         0.         0.         0.
  0.         0.         0.         0.         0.         0.
  0.         0.         0.06428085 0.         0.         0.
  0.8        0.         0.         0.         0.8        0.
  0.         0.         0.12869422 0.         0.11497495 0.
  0.         0.         0.         0.         0.         0.
  0.         0.         0.         0.         0.         0.
  0.         0.         0.         0.         0.         0.
  0.         0.         0.         0.         0.         0.
  0.         0.         0.         0.         0.         0.
  0.         0.         0.         0.         0.8        0.
  0.         0.         0.         0.         0.         0.
  0.         0.         1.         0.         0.08719264 0.
  0.8        0.         0.         0.         0.         0.
  0.         0.         0.         0.         0.         0.
  0.         0.         0.         0.         0.         0.
  0.         0.         0.         0.         0.         0.
  0.18027303 0.8        0.         0.         0.         0.
  0.         0.8        0.8        0.         0.         0.
  0.         0.         0.         0.         0.         0.
  0.         0.         0.8        0.         0.         0.
  0.         0.8        0.         0.         0.         0.
  0.         0.         0.         0.8        0.         0.
  0.         0.         0.         0.         0.         0.
  0.         0.         0.         0.         0.         0.
  0.08297931 0.         0.         0.         0.         0.
  0.         0.         0.         0.         0.         0.
  0.         0.8        0.         0.         0.         0.
  0.08630174 0.         0.         0.         0.8        0.8
  0.         0.         0.         0.         0.         0.
  0.         0.         0.         0.         0.         0.
  0.         0.         0.8        0.         0.         0.
  0.         0.         0.1714402  0.         0.         0.8
  0.         0.         0.8        0.         0.         0.
  0.         0.         0.09648754 0.         0.8        0.
  0.         0.         0.         0.         0.09648754 0.
  0.         0.         0.         0.         0.         0.
  0.         0.         0.         0.         0.         0.
  0.         0.09958583 0.         0.8        0.         0.
  0.         0.         0.         0.         0.11027147 0.
  0.        ]]"
"[[0.         0.         0.         0.         0.         0.
  0.         0.         0.         0.         0.         0.
  0.         0.         0.         0.         0.         0.
  0.         0.         0.         0.         0.         0.
  0.         0.128      0.         0.         0.         0.
  0.         0.         0.29866667 0.         0.         0.
  0.         0.         0.         0.         0.         0.
  0.         0.         0.         0.         0.         0.
  0.         0.         0.         0.256      0.         0.
  0.         0.         0.         0.8        0.         0.
  0.         0.         0.         0.2048     0.64       0.
  0.         0.         0.         0.         0.29866667 0.
  0.256      0.         0.         0.256      0.         0.
  0.64       0.         0.         0.         0.         0.
  0.8        0.64       0.         0.         0.         0.
  0.         0.         0.         0.         0.         0.64
  0.         0.256      0.         0.         0.         0.
  0.         0.         0.         0.8        0.         0.
  0.         0.         0.         0.         0.         0.
  0.         0.64       0.         0.         0.         0.
  0.         0.         0.         0.         0.         0.
  0.         0.         0.         0.128      0.         0.
  0.         0.         0.         0.         0.         0.
  0.         0.         0.         0.         0.         0.
  0.         0.         0.         0.         0.         0.
  0.         0.         0.         0.         0.         0.
  0.         0.         0.         0.         0.         0.
  0.         0.         0.         0.         0.         0.
  0.         0.         0.         0.         0.         0.
  0.         0.         0.         0.         0.8        0.
  0.         0.         0.         0.         0.         0.
  0.         0.         0.         0.         0.         0.
  0.         0.8        0.         0.         0.         0.
  0.         0.128      0.         0.         0.         0.
  0.         0.2048     0.         0.         0.         0.
  0.         0.         0.         0.64       0.         0.
  0.         0.04266667 0.         0.         0.         0.
  0.         0.         0.         0.         0.         0.
  0.         0.         0.2048     0.         0.         0.04266667
  0.         0.         0.         0.8        0.         0.
  0.         0.         0.         0.         0.         0.
  0.         0.         0.         0.         0.         0.
  0.         0.         0.         0.         0.         0.
  0.         0.         0.         0.         0.         0.
  0.         0.         0.         0.         0.         0.8
  0.         0.         0.         0.         0.2048     0.
  0.         0.         0.         0.64       0.         0.
  0.         0.         0.         0.         0.         0.
  0.         0.         0.8        0.         0.         0.
  0.04266667 0.         0.         0.         0.         0.29866667
  0.         0.         0.         1.         0.         0.
  0.         0.         0.         0.         0.8        0.
  0.         0.         0.         0.         0.         0.
  0.         0.         0.         0.         0.         0.
  0.         0.         0.         0.         0.29866667 0.
  0.         0.         0.         0.         0.04266667 0.
  0.         0.         0.         0.         0.         0.
  0.         0.         0.         0.256      0.         0.
  0.         0.         0.         0.         0.         0.
  0.         0.         0.         0.         0.         0.
  0.         0.         0.8        0.         0.256      0.
  0.         0.         0.8        0.         0.         0.
  0.         0.         0.         0.         0.         0.
  0.         0.         0.         0.         0.         0.
  0.         0.256      0.         0.2048     0.         0.
  0.         0.         0.         0.         0.         0.8
  0.         0.         0.         0.         0.         0.
  0.         0.         0.         0.2048     0.         0.8
  0.         0.         0.         0.         0.         0.
  0.         0.         0.         0.         0.         0.
  0.         0.         0.         0.         0.         0.
  0.         0.         0.         0.64       0.         0.
  0.         0.         0.         0.8        0.         0.
  0.         0.         0.         0.         0.         0.
  0.8        0.8        0.         0.         0.         0.
  0.         0.         0.         0.         0.         0.
  0.         0.         0.         0.         0.8        0.
  0.         0.8        0.2048     0.256      0.         0.
  0.        ]]"
"[[0.         0.         0.         0.         0.         0.4
  0.         0.         0.         0.         0.4        0.
  0.         0.4        0.         0.         0.         0.
  0.08719264 0.         0.         0.08719264 0.         0.
  0.         0.         0.         0.         0.057479   0.
  0.         0.05832658 0.         0.         0.         0.
  0.         0.08719264 0.         0.         0.08719264 0.
  0.         0.         0.09313998 0.         0.         0.
  0.         0.         0.         0.         0.         0.
  0.         0.         0.         0.         0.11058035 0.
  0.         0.         0.         0.         0.         0.08719264
  0.         0.         0.         0.         0.         0.
  0.         0.         0.         0.         0.         0.
  0.         0.         0.08719264 0.08719264 0.05055267 0.
  0.         0.         0.         0.05179642 0.         0.08719264
  0.         0.         0.         0.         0.         0.
  0.08719264 0.         0.         0.08719264 0.         0.
  0.         0.         0.         0.         0.         0.
  0.08719264 0.08719264 0.         0.         0.         0.
  0.         0.         0.         0.         0.         0.
  0.         0.         0.04953905 0.         0.         0.
  0.         0.         0.         0.         0.08719264 0.
  0.         0.         0.         0.         0.         0.
  0.         0.         0.         0.05029151 0.08719264 0.
  0.         0.         0.         0.         0.         0.
  0.         0.         0.         0.         0.         0.
  0.         0.         0.         0.         0.         0.08719264
  0.         0.         0.         0.         0.         0.08719264
  0.         0.         0.         0.         0.         0.
  0.         0.08719264 0.         0.         0.         0.
  0.         0.         0.         0.         0.         0.09313998
  0.         0.         0.         0.15018422 0.         0.
  0.         0.         0.         0.         0.         0.
  0.         0.         0.         0.         0.         0.
  0.08719264 0.         0.         0.         0.08719264 0.08719264
  0.         0.         0.         0.         0.         0.
  0.         0.         0.         0.         0.         0.
  0.         0.         0.         0.         0.         0.
  0.         0.         0.         0.         0.         0.
  0.         0.         0.         0.         0.         0.
  0.         0.         0.12527633 0.         0.         0.
  0.08719264 0.         0.         0.         0.08719264 0.
  0.         0.         0.13771863 0.         0.16635937 0.
  0.         0.         0.         0.         0.         0.
  0.         0.         0.         0.         0.         0.
  0.         0.         0.         0.         0.         0.
  0.         0.         0.         0.         0.         0.
  0.         0.         0.         0.         0.         0.
  0.         0.         0.         0.         0.08719264 0.
  0.         0.         0.         0.         0.         0.
  0.         0.         0.08719264 0.         1.         0.
  0.08719264 0.         0.         0.         0.         0.
  0.         0.         0.         0.         0.         0.
  0.         0.         0.         0.         0.         0.
  0.         0.         0.         0.         0.         0.
  0.057479   0.08719264 0.         0.         0.         0.
  0.         0.08719264 0.08719264 0.         0.         0.
  0.         0.         0.         0.         0.         0.
  0.         0.         0.08719264 0.         0.         0.
  0.         0.08719264 0.         0.         0.         0.
  0.         0.         0.         0.08719264 0.         0.
  0.         0.         0.         0.         0.         0.
  0.         0.         0.         0.         0.         0.
  0.03421803 0.         0.         0.         0.         0.
  0.         0.         0.         0.         0.         0.
  0.         0.08719264 0.         0.         0.         0.
  0.10022107 0.         0.         0.         0.08719264 0.08719264
  0.         0.         0.         0.         0.         0.
  0.         0.         0.         0.         0.         0.
  0.         0.         0.08719264 0.         0.         0.
  0.         0.         0.05832658 0.         0.         0.08719264
  0.         0.         0.08719264 0.         0.         0.
  0.         0.         0.13149748 0.         0.08719264 0.
  0.         0.         0.         0.         0.13149748 0.
  0.         0.         0.         0.         0.         0.
  0.         0.         0.         0.         0.         0.
  0.         0.04199664 0.         0.08719264 0.         0.
  0.         0.         0.         0.         0.09313998 0.
  0.        ]]"
"[[0.         0.         0.         0.         0.         0.
  0.16       0.         0.         0.16       0.         0.
  0.         0.         0.         0.03754667 0.         0.0248548
  0.         0.         0.         0.         0.         0.
  0.         0.         0.03754667 0.03754667 0.         0.07819484
  0.03754667 0.         0.         0.         0.         0.
  0.         0.         0.         0.03754667 0.         0.
  0.         0.03754667 0.         0.         0.         0.
  0.         0.         0.03754667 0.         0.         0.
  0.         0.02645056 0.         0.         0.         0.
  0.02645056 0.04234684 0.03754667 0.         0.         0.
  0.         0.         0.         0.         0.         0.02645056
  0.         0.         0.03754667 0.         0.         0.
  0.         0.         0.         0.         0.         0.
  0.         0.         0.         0.         0.         0.
  0.         0.02645056 0.         0.         0.         0.
  0.         0.         0.02645056 0.         0.         0.
  0.         0.05033281 0.07819484 0.         0.02645056 0.
  0.         0.         0.         0.06462253 0.24227328 0.
  0.24227328 0.         0.         0.1124187  0.         0.1124187
  0.         0.         0.         0.         0.         0.02645056
  0.         0.03754667 0.         0.         0.         0.
  0.         0.         0.         0.         0.         0.02645056
  0.02645056 0.         0.         0.         0.         0.
  0.02645056 0.         0.         0.03754667 0.         0.
  0.         0.0248548  0.         0.         0.         0.06462253
  0.03754667 0.         0.         0.02645056 0.         0.
  0.         0.         0.24227328 0.         0.16       0.
  0.03754667 0.         0.0248548  0.03754667 0.         0.
  0.         0.         0.         0.         0.         0.
  0.         0.02645056 0.         0.         0.         0.
  0.02645056 0.         0.03754667 0.         0.         0.
  0.         0.         0.03754667 0.         0.         0.16
  0.02645056 0.         0.         0.         0.         0.02645056
  0.         0.         0.         0.         0.         0.
  0.         0.         0.         0.         0.         0.
  0.02645056 0.         0.         0.06462253 0.07819484 0.
  0.         0.02645056 0.03604308 0.09322528 0.         0.
  0.02645056 0.         0.         0.         0.         0.
  0.         0.02645056 0.02645056 0.         0.         0.03754667
  0.         0.03754667 0.         0.02645056 0.03604308 0.
  0.         0.         0.         0.         0.         0.07043512
  0.         0.03754667 0.         0.         0.         0.04234684
  0.02645056 0.         0.         0.03754667 0.11868103 0.
  0.         0.         0.         0.03754667 0.03754667 0.
  0.         0.         0.         0.         0.         0.
  0.         0.         0.         0.         0.         0.
  0.         0.         0.02645056 0.         0.         0.02645056
  0.03754667 0.04556957 0.         0.         0.         0.02645056
  0.         0.         0.         0.         0.         0.
  0.03754667 0.         0.         0.         0.         1.
  0.         0.27715999 0.         0.         0.         0.
  0.         0.         0.03754667 0.         0.02645056 0.03754667
  0.         0.         0.03754667 0.23064437 0.03754667 0.
  0.         0.         0.03754667 0.         0.         0.
  0.         0.         0.02645056 0.         0.         0.
  0.02645056 0.         0.         0.06462253 0.02645056 0.
  0.         0.06462253 0.         0.         0.         0.
  0.24227328 0.         0.         0.         0.02645056 0.02645056
  0.03754667 0.         0.02645056 0.         0.02645056 0.03754667
  0.02645056 0.         0.         0.         0.         0.06462253
  0.02645056 0.         0.         0.         0.         0.02645056
  0.         0.         0.02645056 0.03754667 0.02645056 0.02645056
  0.         0.         0.02645056 0.06462253 0.         0.05033281
  0.         0.         0.02645056 0.         0.28555813 0.
  0.06462253 0.         0.27715999 0.27715999 0.07819484 0.
  0.         0.         0.         0.03754667 0.         0.
  0.         0.         0.02565268 0.         0.05033281 0.
  0.         0.         0.         0.         0.16       0.
  0.         0.03754667 0.         0.06462253 0.03604308 0.
  0.         0.03754667 0.         0.         0.         0.
  0.         0.         0.         0.         0.02645056 0.03815643
  0.         0.         0.         0.         0.         0.
  0.         0.03754667 0.03754667 0.         0.         0.
  0.         0.         0.         0.         0.         0.
  0.02645056 0.02645056 0.         0.         0.         0.
  0.         0.         0.         0.         0.         0.19978052
  0.03754667 0.         0.         0.         0.         0.
  0.        ]]"
"[[0.         0.         0.         0.         0.         0.
  0.         0.         0.         0.         0.         0.
  0.         0.         0.         0.         0.         0.
  0.8        0.         0.         0.8        0.         0.
  0.         0.         0.         0.         0.18027303 0.
  0.         0.1714402  0.         0.         0.         0.
  0.         0.8        0.         0.         0.8        0.
  0.         0.         0.08535929 0.         0.         0.
  0.         0.         0.         0.         0.         0.
  0.         0.         0.         0.         0.12027214 0.
  0.         0.         0.         0.         0.         0.8
  0.         0.         0.         0.         0.         0.
  0.         0.         0.         0.         0.         0.
  0.         0.         0.8        0.8        0.12856171 0.
  0.         0.         0.         0.16985201 0.         0.8
  0.         0.         0.         0.         0.         0.
  0.8        0.         0.         0.8        0.         0.
  0.         0.         0.         0.         0.         0.
  0.8        0.8        0.         0.         0.         0.
  0.         0.         0.         0.         0.         0.
  0.         0.         0.08526979 0.         0.         0.
  0.         0.         0.         0.         0.8        0.
  0.         0.         0.         0.         0.         0.
  0.         0.         0.         0.11346386 0.8        0.
  0.         0.         0.         0.         0.         0.
  0.         0.         0.         0.         0.         0.
  0.         0.         0.         0.         0.         0.8
  0.         0.         0.         0.         0.         0.8
  0.         0.         0.         0.         0.         0.
  0.         0.8        0.         0.         0.         0.
  0.         0.         0.         0.         0.         0.08535929
  0.         0.         0.         0.07191812 0.         0.
  0.         0.         0.         0.         0.         0.
  0.         0.         0.         0.         0.         0.
  0.8        0.         0.         0.         0.8        0.8
  0.         0.         0.         0.         0.         0.
  0.         0.         0.         0.         0.         0.
  0.         0.         0.         0.         0.         0.
  0.         0.         0.         0.         0.         0.
  0.         0.         0.         0.         0.         0.
  0.         0.         0.06428085 0.         0.         0.
  0.8        0.         0.         0.         0.8        0.
  0.         0.         0.12869422 0.         0.11497495 0.
  0.         0.         0.         0.         0.         0.
  0.         0.         0.         0.         0.         0.
  0.         0.         0.         0.         0.         0.
  0.         0.         0.         0.         0.         0.
  0.         0.         0.         0.         0.         0.
  0.         0.         0.         0.         0.8        0.
  0.         0.         0.         0.         0.         0.
  0.         0.         0.8        0.         0.08719264 0.
  1.         0.         0.         0.         0.         0.
  0.         0.         0.         0.         0.         0.
  0.         0.         0.         0.         0.         0.
  0.         0.         0.         0.         0.         0.
  0.18027303 0.8        0.         0.         0.         0.
  0.         0.8        0.8        0.         0.         0.
  0.         0.         0.         0.         0.         0.
  0.         0.         0.8        0.         0.         0.
  0.         0.8        0.         0.         0.         0.
  0.         0.         0.         0.8        0.         0.
  0.         0.         0.         0.         0.         0.
  0.         0.         0.         0.         0.         0.
  0.08297931 0.         0.         0.         0.         0.
  0.         0.         0.         0.         0.         0.
  0.         0.8        0.         0.         0.         0.
  0.08630174 0.         0.         0.         0.8        0.8
  0.         0.         0.         0.         0.         0.
  0.         0.         0.         0.         0.         0.
  0.         0.         0.8        0.         0.         0.
  0.         0.         0.1714402  0.         0.         0.8
  0.         0.         0.8        0.         0.         0.
  0.         0.         0.09648754 0.         0.8        0.
  0.         0.         0.         0.         0.09648754 0.
  0.         0.         0.         0.         0.         0.
  0.         0.         0.         0.         0.         0.
  0.         0.09958583 0.         0.8        0.         0.
  0.         0.         0.         0.         0.11027147 0.
  0.        ]]"
"[[0.         0.         0.         0.         0.         0.
  0.         0.         0.         0.         0.         0.
  0.         0.         0.         0.03413333 0.         0.03605192
  0.         0.         0.         0.         0.         0.
  0.         0.         0.03413333 0.03413333 0.         0.02157087
  0.03413333 0.         0.         0.         0.         0.
  0.         0.         0.         0.03413333 0.         0.
  0.         0.03413333 0.         0.         0.         0.
  0.         0.         0.03413333 0.         0.         0.
  0.         0.03295268 0.         0.         0.         0.
  0.03295268 0.02906457 0.03413333 0.         0.         0.
  0.         0.         0.         0.         0.         0.03295268
  0.         0.         0.03413333 0.         0.         0.
  0.         0.         0.         0.         0.         0.
  0.         0.         0.         0.         0.         0.
  0.         0.03295268 0.         0.         0.         0.
  0.         0.         0.03295268 0.         0.         0.
  0.         0.03747614 0.02157087 0.         0.03295268 0.
  0.         0.         0.         0.0277926  0.39256486 0.
  0.39256486 0.         0.         0.18445948 0.         0.18445948
  0.         0.         0.         0.         0.         0.03295268
  0.         0.03413333 0.         0.         0.         0.
  0.         0.         0.         0.         0.         0.03295268
  0.03295268 0.         0.         0.         0.         0.
  0.03295268 0.         0.         0.03413333 0.         0.
  0.         0.03605192 0.         0.         0.         0.0277926
  0.03413333 0.         0.         0.03295268 0.         0.
  0.         0.         0.39256486 0.         0.         0.
  0.03413333 0.         0.03605192 0.03413333 0.         0.
  0.         0.         0.         0.         0.         0.
  0.         0.03295268 0.         0.         0.         0.
  0.03295268 0.         0.03413333 0.         0.         0.
  0.         0.         0.03413333 0.         0.         0.
  0.03295268 0.         0.         0.         0.         0.03295268
  0.         0.         0.         0.         0.         0.
  0.         0.         0.         0.         0.         0.
  0.03295268 0.         0.         0.0277926  0.02157087 0.
  0.         0.03295268 0.04715967 0.01647634 0.         0.
  0.03295268 0.         0.         0.         0.         0.
  0.         0.03295268 0.03295268 0.         0.         0.03413333
  0.         0.03413333 0.         0.03295268 0.04715967 0.
  0.         0.         0.         0.         0.         0.02300153
  0.         0.03413333 0.         0.         0.         0.02906457
  0.03295268 0.         0.         0.03413333 0.01571989 0.
  0.         0.         0.         0.03413333 0.03413333 0.
  0.         0.         0.         0.         0.         0.
  0.         0.         0.         0.         0.         0.
  0.         0.         0.03295268 0.         0.         0.03295268
  0.03413333 0.04070398 0.         0.         0.         0.03295268
  0.         0.         0.         0.         0.         0.
  0.03413333 0.         0.         0.         0.         0.27715999
  0.         1.         0.         0.         0.         0.
  0.         0.         0.03413333 0.         0.03295268 0.03413333
  0.         0.         0.03413333 0.25675315 0.03413333 0.
  0.         0.         0.03413333 0.         0.         0.
  0.         0.         0.03295268 0.         0.         0.
  0.03295268 0.         0.         0.0277926  0.03295268 0.
  0.         0.0277926  0.         0.         0.         0.
  0.39256486 0.         0.         0.         0.03295268 0.03295268
  0.03413333 0.         0.03295268 0.         0.03295268 0.03413333
  0.03295268 0.         0.         0.         0.         0.0277926
  0.03295268 0.         0.         0.         0.         0.03295268
  0.         0.         0.03295268 0.03413333 0.03295268 0.03295268
  0.         0.         0.03295268 0.0277926  0.         0.03747614
  0.         0.         0.03295268 0.         0.46193332 0.
  0.0277926  0.         0.8        0.8        0.02157087 0.
  0.         0.         0.         0.03413333 0.         0.
  0.         0.         0.0345023  0.         0.03747614 0.
  0.         0.         0.         0.         0.         0.
  0.         0.03413333 0.         0.0277926  0.04715967 0.
  0.         0.03413333 0.         0.         0.         0.
  0.         0.         0.         0.         0.03295268 0.03065857
  0.         0.         0.         0.         0.         0.
  0.         0.03413333 0.03413333 0.         0.         0.
  0.         0.         0.         0.         0.         0.
  0.03295268 0.03295268 0.         0.         0.         0.
  0.         0.         0.         0.         0.         0.23214255
  0.03413333 0.         0.         0.         0.         0.
  0.        ]]"
"[[0.         0.         0.         0.         0.         0.
  0.         0.         0.         0.         0.         0.
  0.         0.         0.8        0.         0.39229413 0.
  0.         0.         0.         0.         0.         0.33244119
  0.         0.         0.         0.         0.         0.
  0.         0.         0.         0.         0.17043872 0.15288238
  0.44519629 0.         0.         0.         0.         0.
  0.         0.         0.         0.         0.45409874 0.8
  0.29903933 0.8        0.         0.         0.17043872 0.35113562
  0.15288238 0.         0.18604718 0.         0.         0.27974558
  0.         0.         0.         0.         0.         0.
  0.64       0.         0.         0.         0.         0.
  0.         0.44519629 0.         0.         0.44519629 0.35958374
  0.         0.35113562 0.         0.         0.         0.39644119
  0.         0.         0.46602622 0.         0.         0.
  0.         0.         0.         0.44519629 0.         0.
  0.         0.         0.         0.         0.8        0.15288238
  0.27302556 0.         0.         0.         0.         0.
  0.         0.         0.44519629 0.         0.         0.44519629
  0.         0.         0.45409874 0.         0.         0.
  0.27743458 0.8        0.         0.44519629 0.         0.
  0.16524586 0.         0.20305623 0.         0.         0.42526996
  0.22394201 0.16524586 0.         0.         0.         0.
  0.         0.4415524  0.34433176 0.         0.         0.64
  0.         0.16524586 0.25945255 0.         0.8        0.8
  0.         0.         0.20029674 0.44519629 0.35958374 0.
  0.         0.21680308 0.18548975 0.         0.         0.
  0.32874686 0.8        0.         0.         0.         0.
  0.         0.14873826 0.         0.         0.45281874 0.8
  0.44519629 0.         0.36440154 0.44519629 0.         0.27181922
  0.44519629 0.         0.38411653 0.23334155 0.44519629 0.
  0.         0.         0.         0.         0.         0.31091953
  0.3418325  0.         0.         0.         0.45409874 0.
  0.         0.         0.         0.15288238 0.         0.
  0.         0.         0.8        0.64       0.         0.
  0.2284161  0.44519629 0.8        0.         0.33097328 0.
  0.         0.         0.44519629 0.         0.         0.
  0.39351439 0.         0.         0.         0.         0.35958374
  0.         0.8        0.         0.17043872 0.21680308 0.
  0.15288238 0.         0.         0.         0.         0.
  0.         0.         0.         0.         0.         0.35958374
  0.         0.23079213 0.8        0.34433176 0.         0.
  0.44519629 0.         0.         0.         0.         0.
  0.         0.15288238 0.         0.         0.         0.
  0.35958374 0.         0.64       0.         0.         0.
  0.         0.         0.34433176 0.8        0.         0.
  0.32874686 0.         0.44519629 0.         0.2815388  0.44519629
  0.15288238 0.12566528 0.         0.         0.21680308 0.
  0.         0.         0.         0.44519629 0.         0.
  0.         0.25487425 0.         0.36805328 0.         0.
  0.         0.39644119 0.         0.         0.         0.
  0.         0.         1.         0.16524586 0.         0.8
  0.15288238 0.14292334 0.         0.16524586 0.         0.
  0.36440154 0.         0.         0.         0.         0.24508734
  0.22752403 0.         0.         0.44519629 0.         0.
  0.         0.         0.         0.         0.         0.21680308
  0.         0.         0.         0.         0.         0.51606583
  0.         0.         0.         0.         0.21967129 0.
  0.         0.         0.         0.28819341 0.         0.
  0.         0.         0.         0.3418325  0.         0.
  0.         0.         0.         0.         0.         0.
  0.         0.         0.         0.44519629 0.         0.
  0.8        0.8        0.         0.         0.         0.
  0.         0.29723816 0.         0.         0.         0.
  0.         0.         0.         0.         0.         0.8
  0.         0.         0.         0.         0.         0.
  0.         0.         0.         0.         0.         0.
  0.37473012 0.         0.         0.         0.         0.
  0.16524586 0.         0.24266179 0.         0.         0.2049482
  0.34433176 0.         0.         0.         0.         0.
  0.         0.         0.         0.64       0.39351439 0.
  0.16524586 0.33244119 0.         0.         0.         0.
  0.44519629 0.         0.         0.         0.         0.
  0.34433176 0.         0.         0.15288238 0.         0.
  0.         0.         0.         0.         0.44519629 0.29903933
  0.         0.         0.         0.44519629 0.44519629 0.
  0.44519629 0.         0.8        0.         0.         0.
  0.         0.         0.         0.         0.         0.
  0.        ]]"
"[[0.         0.         0.         0.         0.         0.
  0.         0.         0.         0.         0.         0.
  0.         0.         0.16524586 0.         0.20201563 0.
  0.         0.         0.         0.         0.         0.22040051
  0.         0.         0.         0.         0.         0.
  0.         0.         0.         0.         0.164199   0.27555516
  0.19803805 0.         0.         0.         0.         0.
  0.         0.         0.         0.         0.23804702 0.16524586
  0.23679661 0.16524586 0.         0.         0.164199   0.2054654
  0.27555516 0.         0.26024149 0.         0.         0.2391133
  0.         0.         0.         0.         0.         0.
  0.16524586 0.         0.         0.         0.         0.
  0.         0.19803805 0.         0.         0.19803805 0.17635228
  0.         0.2054654  0.         0.         0.         0.22040051
  0.         0.         0.21294636 0.         0.         0.
  0.         0.         0.         0.19803805 0.         0.
  0.         0.         0.         0.         0.16524586 0.27555516
  0.23192342 0.         0.         0.         0.         0.
  0.         0.         0.19803805 0.         0.         0.19803805
  0.         0.         0.23804702 0.         0.         0.
  0.24096231 0.16524586 0.         0.19803805 0.         0.
  0.8        0.         0.24872671 0.         0.         0.22922377
  0.23873017 0.8        0.         0.         0.         0.
  0.         0.22687927 0.18237349 0.         0.         0.16524586
  0.         0.8        0.23251189 0.         0.16524586 0.16524586
  0.         0.         0.25462907 0.19803805 0.17635228 0.
  0.         0.23343399 0.2519991  0.         0.         0.
  0.21012683 0.16524586 0.         0.         0.         0.
  0.         0.17135444 0.         0.         0.218707   0.16524586
  0.19803805 0.         0.19933993 0.19803805 0.         0.53439056
  0.19803805 0.         0.19559979 0.23845935 0.19803805 0.
  0.         0.         0.         0.         0.         0.21552028
  0.13946573 0.         0.         0.         0.23804702 0.
  0.         0.         0.         0.27555516 0.         0.
  0.         0.         0.16524586 0.16524586 0.         0.
  0.23810984 0.19803805 0.16524586 0.         0.20616207 0.
  0.         0.         0.19803805 0.         0.         0.
  0.16875189 0.         0.         0.         0.         0.17635228
  0.         0.16524586 0.         0.164199   0.23343399 0.
  0.27555516 0.         0.         0.         0.         0.
  0.         0.         0.         0.         0.         0.17635228
  0.         0.19340247 0.16524586 0.18237349 0.         0.
  0.19803805 0.         0.         0.         0.         0.
  0.         0.27555516 0.         0.         0.         0.
  0.17635228 0.         0.16524586 0.         0.         0.
  0.         0.         0.18237349 0.16524586 0.         0.
  0.21012683 0.         0.19803805 0.         0.24732868 0.19803805
  0.27555516 0.23938186 0.         0.         0.23343399 0.
  0.         0.         0.         0.19803805 0.         0.
  0.         0.23501211 0.         0.1789225  0.         0.
  0.         0.22040051 0.         0.         0.         0.
  0.         0.         0.16524586 1.         0.         0.16524586
  0.27555516 0.27105743 0.         0.8        0.         0.
  0.19933993 0.         0.         0.         0.         0.23453714
  0.24229269 0.         0.         0.19803805 0.         0.
  0.         0.         0.         0.         0.         0.23343399
  0.         0.         0.         0.         0.         0.21377997
  0.         0.         0.         0.         0.24316197 0.
  0.         0.         0.         0.20489313 0.         0.
  0.         0.         0.         0.13946573 0.         0.
  0.         0.         0.         0.         0.         0.
  0.         0.         0.         0.19803805 0.         0.
  0.16524586 0.16524586 0.         0.         0.         0.
  0.         0.22133088 0.         0.         0.         0.
  0.         0.         0.         0.         0.         0.16524586
  0.         0.         0.         0.         0.         0.
  0.         0.         0.         0.         0.         0.
  0.32206533 0.         0.         0.         0.         0.
  0.8        0.         0.24797784 0.         0.         0.23567548
  0.18237349 0.         0.         0.         0.         0.
  0.         0.         0.         0.16524586 0.16875189 0.
  0.8        0.22040051 0.         0.         0.         0.
  0.19803805 0.         0.         0.         0.         0.
  0.18237349 0.         0.         0.27555516 0.         0.
  0.         0.         0.         0.         0.19803805 0.23679661
  0.         0.         0.         0.19803805 0.19803805 0.
  0.19803805 0.         0.16524586 0.         0.         0.
  0.         0.         0.         0.         0.         0.
  0.        ]]"
"[[0.         0.         0.         0.         0.         0.
  0.         0.         0.         0.         0.         0.
  0.         0.         0.         0.         0.         0.
  0.         0.         0.         0.         0.         0.
  0.         0.128      0.         0.         0.         0.
  0.         0.         0.29866667 0.         0.         0.
  0.         0.         0.         0.         0.         0.
  0.         0.         0.         0.         0.         0.
  0.         0.         0.         0.256      0.         0.
  0.         0.         0.         0.8        0.         0.
  0.         0.         0.         0.2048     0.64       0.
  0.         0.         0.         0.         0.29866667 0.
  0.256      0.         0.         0.256      0.         0.
  0.64       0.         0.         0.         0.         0.
  0.8        0.64       0.         0.         0.         0.
  0.         0.         0.         0.         0.         0.64
  0.         0.256      0.         0.         0.         0.
  0.         0.         0.         0.8        0.         0.
  0.         0.         0.         0.         0.         0.
  0.         0.64       0.         0.         0.         0.
  0.         0.         0.         0.         0.         0.
  0.         0.         0.         0.128      0.         0.
  0.         0.         0.         0.         0.         0.
  0.         0.         0.         0.         0.         0.
  0.         0.         0.         0.         0.         0.
  0.         0.         0.         0.         0.         0.
  0.         0.         0.         0.         0.         0.
  0.         0.         0.         0.         0.         0.
  0.         0.         0.         0.         0.         0.
  0.         0.         0.         0.         0.8        0.
  0.         0.         0.         0.         0.         0.
  0.         0.         0.         0.         0.         0.
  0.         0.8        0.         0.         0.         0.
  0.         0.128      0.         0.         0.         0.
  0.         0.2048     0.         0.         0.         0.
  0.         0.         0.         0.64       0.         0.
  0.         0.04266667 0.         0.         0.         0.
  0.         0.         0.         0.         0.         0.
  0.         0.         0.2048     0.         0.         0.04266667
  0.         0.         0.         0.8        0.         0.
  0.         0.         0.         0.         0.         0.
  0.         0.         0.         0.         0.         0.
  0.         0.         0.         0.         0.         0.
  0.         0.         0.         0.         0.         0.
  0.         0.         0.         0.         0.         0.8
  0.         0.         0.         0.         0.2048     0.
  0.         0.         0.         0.64       0.         0.
  0.         0.         0.         0.         0.         0.
  0.         0.         0.8        0.         0.         0.
  0.04266667 0.         0.         0.         0.         0.29866667
  0.         0.         0.         0.8        0.         0.
  0.         0.         0.         0.         1.         0.
  0.         0.         0.         0.         0.         0.
  0.         0.         0.         0.         0.         0.
  0.         0.         0.         0.         0.29866667 0.
  0.         0.         0.         0.         0.04266667 0.
  0.         0.         0.         0.         0.         0.
  0.         0.         0.         0.256      0.         0.
  0.         0.         0.         0.         0.         0.
  0.         0.         0.         0.         0.         0.
  0.         0.         0.8        0.         0.256      0.
  0.         0.         0.8        0.         0.         0.
  0.         0.         0.         0.         0.         0.
  0.         0.         0.         0.         0.         0.
  0.         0.256      0.         0.2048     0.         0.
  0.         0.         0.         0.         0.         0.8
  0.         0.         0.         0.         0.         0.
  0.         0.         0.         0.2048     0.         0.8
  0.         0.         0.         0.         0.         0.
  0.         0.         0.         0.         0.         0.
  0.         0.         0.         0.         0.         0.
  0.         0.         0.         0.64       0.         0.
  0.         0.         0.         0.8        0.         0.
  0.         0.         0.         0.         0.         0.
  0.8        0.8        0.         0.         0.         0.
  0.         0.         0.         0.         0.         0.
  0.         0.         0.         0.         0.8        0.
  0.         0.8        0.2048     0.256      0.         0.
  0.        ]]"
"[[0.         0.         0.         0.         0.         0.
  0.         0.         0.         0.         0.         0.
  0.         0.         0.8        0.         0.39229413 0.
  0.         0.         0.         0.         0.         0.33244119
  0.         0.         0.         0.         0.         0.
  0.         0.         0.         0.         0.17043872 0.15288238
  0.44519629 0.         0.         0.         0.         0.
  0.         0.         0.         0.         0.45409874 0.8
  0.29903933 0.8        0.         0.         0.17043872 0.35113562
  0.15288238 0.         0.18604718 0.         0.         0.27974558
  0.         0.         0.         0.         0.         0.
  0.64       0.         0.         0.         0.         0.
  0.         0.44519629 0.         0.         0.44519629 0.35958374
  0.         0.35113562 0.         0.         0.         0.39644119
  0.         0.         0.46602622 0.         0.         0.
  0.         0.         0.         0.44519629 0.         0.
  0.         0.         0.         0.         0.8        0.15288238
  0.27302556 0.         0.         0.         0.         0.
  0.         0.         0.44519629 0.         0.         0.44519629
  0.         0.         0.45409874 0.         0.         0.
  0.27743458 0.8        0.         0.44519629 0.         0.
  0.16524586 0.         0.20305623 0.         0.         0.42526996
  0.22394201 0.16524586 0.         0.         0.         0.
  0.         0.4415524  0.34433176 0.         0.         0.64
  0.         0.16524586 0.25945255 0.         0.8        0.8
  0.         0.         0.20029674 0.44519629 0.35958374 0.
  0.         0.21680308 0.18548975 0.         0.         0.
  0.32874686 0.8        0.         0.         0.         0.
  0.         0.14873826 0.         0.         0.45281874 0.8
  0.44519629 0.         0.36440154 0.44519629 0.         0.27181922
  0.44519629 0.         0.38411653 0.23334155 0.44519629 0.
  0.         0.         0.         0.         0.         0.31091953
  0.3418325  0.         0.         0.         0.45409874 0.
  0.         0.         0.         0.15288238 0.         0.
  0.         0.         0.8        0.64       0.         0.
  0.2284161  0.44519629 0.8        0.         0.33097328 0.
  0.         0.         0.44519629 0.         0.         0.
  0.39351439 0.         0.         0.         0.         0.35958374
  0.         0.8        0.         0.17043872 0.21680308 0.
  0.15288238 0.         0.         0.         0.         0.
  0.         0.         0.         0.         0.         0.35958374
  0.         0.23079213 0.8        0.34433176 0.         0.
  0.44519629 0.         0.         0.         0.         0.
  0.         0.15288238 0.         0.         0.         0.
  0.35958374 0.         0.64       0.         0.         0.
  0.         0.         0.34433176 0.8        0.         0.
  0.32874686 0.         0.44519629 0.         0.2815388  0.44519629
  0.15288238 0.12566528 0.         0.         0.21680308 0.
  0.         0.         0.         0.44519629 0.         0.
  0.         0.25487425 0.         0.36805328 0.         0.
  0.         0.39644119 0.         0.         0.         0.
  0.         0.         0.8        0.16524586 0.         1.
  0.15288238 0.14292334 0.         0.16524586 0.         0.
  0.36440154 0.         0.         0.         0.         0.24508734
  0.22752403 0.         0.         0.44519629 0.         0.
  0.         0.         0.         0.         0.         0.21680308
  0.         0.         0.         0.         0.         0.51606583
  0.         0.         0.         0.         0.21967129 0.
  0.         0.         0.         0.28819341 0.         0.
  0.         0.         0.         0.3418325  0.         0.
  0.         0.         0.         0.         0.         0.
  0.         0.         0.         0.44519629 0.         0.
  0.8        0.8        0.         0.         0.         0.
  0.         0.29723816 0.         0.         0.         0.
  0.         0.         0.         0.         0.         0.8
  0.         0.         0.         0.         0.         0.
  0.         0.         0.         0.         0.         0.
  0.37473012 0.         0.         0.         0.         0.
  0.16524586 0.         0.24266179 0.         0.         0.2049482
  0.34433176 0.         0.         0.         0.         0.
  0.         0.         0.         0.64       0.39351439 0.
  0.16524586 0.33244119 0.         0.         0.         0.
  0.44519629 0.         0.         0.         0.         0.
  0.34433176 0.         0.         0.15288238 0.         0.
  0.         0.         0.         0.         0.44519629 0.29903933
  0.         0.         0.         0.44519629 0.44519629 0.
  0.44519629 0.         0.8        0.         0.         0.
  0.         0.         0.         0.         0.         0.
  0.        ]]"
"[[0.         0.         0.         0.         0.         0.
  0.         0.         0.         0.         0.         0.
  0.         0.         0.15288238 0.         0.31525492 0.
  0.         0.         0.         0.         0.         0.47644119
  0.         0.         0.         0.         0.         0.
  0.         0.         0.         0.         0.16555081 0.64
  0.19688817 0.         0.         0.         0.         0.
  0.         0.         0.         0.         0.21552425 0.15288238
  0.41844408 0.15288238 0.         0.         0.16555081 0.27588993
  0.8        0.         0.45152548 0.         0.         0.34526265
  0.         0.         0.         0.         0.         0.
  0.15288238 0.         0.         0.         0.         0.
  0.         0.19688817 0.         0.         0.19688817 0.17063393
  0.         0.27588993 0.         0.         0.         0.47644119
  0.         0.         0.38325685 0.         0.         0.
  0.         0.         0.         0.19688817 0.         0.
  0.         0.         0.         0.         0.15288238 0.64
  0.36359338 0.         0.         0.         0.         0.
  0.         0.         0.19688817 0.         0.         0.19688817
  0.         0.         0.21552425 0.         0.         0.
  0.34957728 0.15288238 0.         0.19688817 0.         0.
  0.27555516 0.         0.21844076 0.         0.         0.34598272
  0.43213208 0.27555516 0.         0.         0.         0.
  0.         0.21213688 0.18150249 0.         0.         0.15288238
  0.         0.27555516 0.33630438 0.         0.15288238 0.15288238
  0.         0.         0.56335653 0.19688817 0.17063393 0.
  0.         0.24811786 0.45541719 0.         0.         0.
  0.27126125 0.15288238 0.         0.         0.         0.
  0.         0.17325139 0.         0.         0.33986468 0.15288238
  0.19688817 0.         0.20050012 0.19688817 0.         0.26462456
  0.19688817 0.         0.27909967 0.39064853 0.19688817 0.
  0.         0.         0.         0.         0.         0.30664182
  0.12955812 0.         0.         0.         0.21552425 0.
  0.         0.         0.         0.8        0.         0.
  0.         0.         0.15288238 0.15288238 0.         0.
  0.40248207 0.19688817 0.15288238 0.         0.25843857 0.
  0.         0.         0.19688817 0.         0.         0.
  0.16322314 0.         0.         0.         0.         0.17063393
  0.         0.15288238 0.         0.16555081 0.24811786 0.
  0.64       0.         0.         0.         0.         0.
  0.         0.         0.         0.         0.         0.17063393
  0.         0.19191423 0.15288238 0.18150249 0.         0.
  0.19688817 0.         0.         0.         0.         0.
  0.         0.8        0.         0.         0.         0.
  0.17063393 0.         0.15288238 0.         0.         0.
  0.         0.         0.18150249 0.15288238 0.         0.
  0.27126125 0.         0.19688817 0.         0.35197444 0.19688817
  0.8        0.4306133  0.         0.         0.24811786 0.
  0.         0.         0.         0.19688817 0.         0.
  0.         0.39968985 0.         0.21372071 0.         0.
  0.         0.47644119 0.         0.         0.         0.
  0.         0.         0.15288238 0.27555516 0.         0.15288238
  1.         0.4875071  0.         0.27555516 0.         0.
  0.20050012 0.         0.         0.         0.         0.38582654
  0.47518149 0.         0.         0.19688817 0.         0.
  0.         0.         0.         0.         0.         0.24811786
  0.         0.         0.         0.         0.         0.19464363
  0.         0.         0.         0.         0.4332127  0.
  0.         0.         0.         0.2093759  0.         0.
  0.         0.         0.         0.12955812 0.         0.
  0.         0.         0.         0.         0.         0.
  0.         0.         0.         0.19688817 0.         0.
  0.15288238 0.15288238 0.         0.         0.         0.
  0.         0.32446679 0.         0.         0.         0.
  0.         0.         0.         0.         0.         0.15288238
  0.         0.         0.         0.         0.         0.
  0.         0.         0.         0.         0.         0.
  0.30955342 0.         0.         0.         0.         0.
  0.27555516 0.         0.5582206  0.         0.         0.46327201
  0.18150249 0.         0.         0.         0.         0.
  0.         0.         0.         0.15288238 0.16322314 0.
  0.27555516 0.39644119 0.         0.         0.         0.
  0.19688817 0.         0.         0.         0.         0.
  0.18150249 0.         0.         0.64       0.         0.
  0.         0.         0.         0.         0.19688817 0.41844408
  0.         0.         0.         0.19688817 0.19688817 0.
  0.19688817 0.         0.15288238 0.         0.         0.
  0.         0.         0.         0.         0.         0.
  0.        ]]"
"[[0.         0.         0.         0.         0.         0.
  0.         0.         0.         0.         0.         0.
  0.         0.         0.14292334 0.         0.25778459 0.
  0.         0.         0.         0.         0.         0.31521522
  0.         0.         0.         0.         0.         0.
  0.         0.         0.         0.         0.1578832  0.4875071
  0.18448348 0.         0.         0.         0.         0.
  0.         0.         0.         0.         0.19885479 0.14292334
  0.33599529 0.14292334 0.         0.         0.1578832  0.23575582
  0.4875071  0.         0.36724468 0.         0.         0.29733633
  0.         0.         0.         0.         0.         0.
  0.14292334 0.         0.         0.         0.         0.
  0.         0.18448348 0.         0.         0.18448348 0.15844308
  0.         0.23575582 0.         0.         0.         0.31521522
  0.         0.         0.27163797 0.         0.         0.
  0.         0.         0.         0.18448348 0.         0.
  0.         0.         0.         0.         0.14292334 0.4875071
  0.30605767 0.         0.         0.         0.         0.
  0.         0.         0.18448348 0.         0.         0.18448348
  0.         0.         0.19885479 0.         0.         0.
  0.30082639 0.14292334 0.         0.18448348 0.         0.
  0.27105743 0.         0.28142475 0.         0.         0.257035
  0.35549347 0.27105743 0.         0.         0.         0.
  0.         0.19644075 0.17127172 0.         0.         0.14292334
  0.         0.27105743 0.29728209 0.         0.14292334 0.14292334
  0.         0.         0.44722289 0.18448348 0.15844308 0.
  0.         0.23237837 0.42007139 0.         0.         0.
  0.23519291 0.14292334 0.         0.         0.         0.
  0.         0.16873527 0.         0.         0.25168093 0.14292334
  0.18448348 0.         0.18765085 0.18448348 0.         0.25221369
  0.18448348 0.         0.23294921 0.33718357 0.18448348 0.
  0.         0.         0.         0.         0.         0.25896394
  0.12046644 0.         0.         0.         0.19885479 0.
  0.         0.         0.         0.4875071  0.         0.
  0.         0.         0.14292334 0.14292334 0.         0.
  0.34978075 0.18448348 0.14292334 0.         0.22606132 0.
  0.         0.         0.18448348 0.         0.         0.
  0.15247496 0.         0.         0.         0.         0.15844308
  0.         0.14292334 0.         0.1578832  0.23237837 0.
  0.5275071  0.         0.         0.         0.         0.
  0.         0.         0.         0.         0.         0.15844308
  0.         0.1820323  0.14292334 0.17127172 0.         0.
  0.18448348 0.         0.         0.         0.         0.
  0.         0.4875071  0.         0.         0.         0.
  0.15844308 0.         0.14292334 0.         0.         0.
  0.         0.         0.17127172 0.14292334 0.         0.
  0.23519291 0.         0.18448348 0.         0.29202303 0.18448348
  0.4875071  0.37775469 0.         0.         0.23237837 0.
  0.         0.         0.         0.18448348 0.         0.
  0.         0.33201561 0.         0.18748906 0.         0.
  0.         0.31521522 0.         0.         0.         0.
  0.         0.         0.14292334 0.27105743 0.         0.14292334
  0.4875071  1.         0.         0.27105743 0.         0.
  0.18765085 0.         0.         0.         0.         0.33994099
  0.40409453 0.         0.         0.18448348 0.         0.
  0.         0.         0.         0.         0.         0.23237837
  0.         0.         0.         0.         0.         0.18021097
  0.         0.         0.         0.         0.371779   0.
  0.         0.         0.         0.19541073 0.         0.
  0.         0.         0.         0.12046644 0.         0.
  0.         0.         0.         0.         0.         0.
  0.         0.         0.         0.18448348 0.         0.
  0.14292334 0.14292334 0.         0.         0.         0.
  0.         0.31338939 0.         0.         0.         0.
  0.         0.         0.         0.         0.         0.14292334
  0.         0.         0.         0.         0.         0.
  0.         0.         0.         0.         0.         0.
  0.25227676 0.         0.         0.         0.         0.
  0.27105743 0.         0.40136116 0.         0.         0.41460474
  0.17127172 0.         0.         0.         0.         0.
  0.         0.         0.         0.14292334 0.15247496 0.
  0.27105743 0.31521522 0.         0.         0.         0.
  0.18448348 0.         0.         0.         0.         0.
  0.17127172 0.         0.         0.4875071  0.         0.
  0.         0.         0.         0.         0.18448348 0.33599529
  0.         0.         0.         0.18448348 0.18448348 0.
  0.18448348 0.         0.14292334 0.         0.         0.
  0.         0.         0.         0.         0.         0.
  0.        ]]"
"[[0.         0.         0.         0.         0.         0.
  0.         0.         0.         0.         0.         0.
  0.         0.         0.         0.8        0.         0.08533333
  0.         0.         0.         0.         0.         0.
  0.         0.         0.8        0.8        0.         0.
  0.64       0.         0.         0.         0.         0.
  0.         0.         0.         0.8        0.         0.
  0.         0.8        0.         0.         0.         0.
  0.         0.         0.64       0.         0.         0.
  0.         0.256      0.         0.         0.         0.
  0.256      0.128      0.8        0.         0.         0.
  0.         0.         0.         0.         0.         0.256
  0.         0.         0.8        0.         0.         0.
  0.         0.         0.         0.         0.         0.
  0.         0.         0.         0.         0.         0.
  0.         0.256      0.         0.         0.         0.
  0.         0.         0.256      0.         0.         0.
  0.         0.192      0.         0.         0.256      0.
  0.         0.         0.         0.21333333 0.07893333 0.
  0.07893333 0.         0.         0.128      0.         0.128
  0.         0.         0.         0.         0.         0.256
  0.         0.64       0.         0.         0.         0.
  0.         0.         0.         0.         0.         0.256
  0.256      0.         0.         0.         0.         0.
  0.256      0.         0.         0.8        0.         0.
  0.         0.08533333 0.         0.         0.         0.21333333
  0.64       0.         0.         0.256      0.         0.
  0.         0.         0.07893333 0.         0.         0.
  0.8        0.         0.08533333 0.8        0.         0.
  0.         0.         0.         0.         0.         0.
  0.         0.256      0.         0.         0.         0.
  0.256      0.         0.8        0.         0.         0.
  0.         0.         0.64       0.         0.         0.
  0.256      0.         0.         0.         0.         0.256
  0.         0.         0.         0.         0.         0.
  0.         0.         0.         0.         0.         0.
  0.256      0.         0.         0.21333333 0.         0.
  0.         0.256      0.17066667 0.128      0.         0.
  0.256      0.         0.         0.         0.         0.
  0.         0.256      0.256      0.         0.         0.64
  0.         0.8        0.         0.256      0.17066667 0.
  0.         0.         0.         0.         0.         0.11377778
  0.         0.8        0.         0.         0.         0.128
  0.256      0.         0.         0.8        0.05688889 0.
  0.         0.         0.         0.8        0.64       0.
  0.         0.         0.         0.         0.         0.
  0.         0.         0.         0.         0.         0.
  0.         0.         0.256      0.         0.         0.256
  0.64       0.18488889 0.         0.         0.         0.256
  0.         0.         0.         0.         0.         0.
  0.64       0.         0.         0.         0.         0.03754667
  0.         0.03413333 0.         0.         0.         0.
  0.         0.         1.         0.         0.256      0.8
  0.         0.         0.64       0.09386667 0.64       0.
  0.         0.         0.8        0.         0.         0.
  0.         0.         0.256      0.         0.         0.
  0.256      0.         0.         0.21333333 0.256      0.
  0.         0.21333333 0.         0.         0.         0.
  0.07893333 0.         0.         0.         0.256      0.256
  0.8        0.         0.256      0.         0.256      0.8
  0.256      0.         0.         0.         0.         0.21333333
  0.256      0.         0.         0.         0.         0.256
  0.         0.         0.256      0.8        0.256      0.256
  0.         0.         0.256      0.21333333 0.         0.192
  0.         0.         0.256      0.         0.06257778 0.
  0.21333333 0.         0.03413333 0.03413333 0.         0.
  0.         0.         0.         0.72       0.         0.
  0.         0.         0.17066667 0.         0.192      0.
  0.         0.         0.         0.         0.         0.
  0.         0.64       0.         0.21333333 0.17066667 0.
  0.         0.8        0.         0.         0.         0.
  0.         0.         0.         0.         0.256      0.15847619
  0.         0.         0.         0.         0.         0.
  0.         0.8        0.8        0.         0.         0.
  0.         0.         0.         0.         0.         0.
  0.256      0.256      0.         0.         0.         0.
  0.         0.         0.         0.         0.         0.1152
  0.64       0.         0.         0.         0.         0.
  0.        ]]"
"[[0.         0.         0.         0.         0.         0.
  0.         0.         0.         0.         0.         0.
  0.         0.         0.16524586 0.         0.20201563 0.
  0.         0.         0.         0.         0.         0.22040051
  0.         0.         0.         0.         0.         0.
  0.         0.         0.         0.         0.164199   0.27555516
  0.19803805 0.         0.         0.         0.         0.
  0.         0.         0.         0.         0.23804702 0.16524586
  0.23679661 0.16524586 0.         0.         0.164199   0.2054654
  0.27555516 0.         0.26024149 0.         0.         0.2391133
  0.         0.         0.         0.         0.         0.
  0.16524586 0.         0.         0.         0.         0.
  0.         0.19803805 0.         0.         0.19803805 0.17635228
  0.         0.2054654  0.         0.         0.         0.22040051
  0.         0.         0.21294636 0.         0.         0.
  0.         0.         0.         0.19803805 0.         0.
  0.         0.         0.         0.         0.16524586 0.27555516
  0.23192342 0.         0.         0.         0.         0.
  0.         0.         0.19803805 0.         0.         0.19803805
  0.         0.         0.23804702 0.         0.         0.
  0.24096231 0.16524586 0.         0.19803805 0.         0.
  0.8        0.         0.24872671 0.         0.         0.22922377
  0.23873017 0.8        0.         0.         0.         0.
  0.         0.22687927 0.18237349 0.         0.         0.16524586
  0.         0.8        0.23251189 0.         0.16524586 0.16524586
  0.         0.         0.25462907 0.19803805 0.17635228 0.
  0.         0.23343399 0.2519991  0.         0.         0.
  0.21012683 0.16524586 0.         0.         0.         0.
  0.         0.17135444 0.         0.         0.218707   0.16524586
  0.19803805 0.         0.19933993 0.19803805 0.         0.53439056
  0.19803805 0.         0.19559979 0.23845935 0.19803805 0.
  0.         0.         0.         0.         0.         0.21552028
  0.13946573 0.         0.         0.         0.23804702 0.
  0.         0.         0.         0.27555516 0.         0.
  0.         0.         0.16524586 0.16524586 0.         0.
  0.23810984 0.19803805 0.16524586 0.         0.20616207 0.
  0.         0.         0.19803805 0.         0.         0.
  0.16875189 0.         0.         0.         0.         0.17635228
  0.         0.16524586 0.         0.164199   0.23343399 0.
  0.27555516 0.         0.         0.         0.         0.
  0.         0.         0.         0.         0.         0.17635228
  0.         0.19340247 0.16524586 0.18237349 0.         0.
  0.19803805 0.         0.         0.         0.         0.
  0.         0.27555516 0.         0.         0.         0.
  0.17635228 0.         0.16524586 0.         0.         0.
  0.         0.         0.18237349 0.16524586 0.         0.
  0.21012683 0.         0.19803805 0.         0.24732868 0.19803805
  0.27555516 0.23938186 0.         0.         0.23343399 0.
  0.         0.         0.         0.19803805 0.         0.
  0.         0.23501211 0.         0.1789225  0.         0.
  0.         0.22040051 0.         0.         0.         0.
  0.         0.         0.16524586 0.8        0.         0.16524586
  0.27555516 0.27105743 0.         1.         0.         0.
  0.19933993 0.         0.         0.         0.         0.23453714
  0.24229269 0.         0.         0.19803805 0.         0.
  0.         0.         0.         0.         0.         0.23343399
  0.         0.         0.         0.         0.         0.21377997
  0.         0.         0.         0.         0.24316197 0.
  0.         0.         0.         0.20489313 0.         0.
  0.         0.         0.         0.13946573 0.         0.
  0.         0.         0.         0.         0.         0.
  0.         0.         0.         0.19803805 0.         0.
  0.16524586 0.16524586 0.         0.         0.         0.
  0.         0.22133088 0.         0.         0.         0.
  0.         0.         0.         0.         0.         0.16524586
  0.         0.         0.         0.         0.         0.
  0.         0.         0.         0.         0.         0.
  0.32206533 0.         0.         0.         0.         0.
  0.8        0.         0.24797784 0.         0.         0.23567548
  0.18237349 0.         0.         0.         0.         0.
  0.         0.         0.         0.16524586 0.16875189 0.
  0.8        0.22040051 0.         0.         0.         0.
  0.19803805 0.         0.         0.         0.         0.
  0.18237349 0.         0.         0.27555516 0.         0.
  0.         0.         0.         0.         0.19803805 0.23679661
  0.         0.         0.         0.19803805 0.19803805 0.
  0.19803805 0.         0.16524586 0.         0.         0.
  0.         0.         0.         0.         0.         0.
  0.        ]]"
"[[0.         0.         0.         0.         0.         0.
  0.         0.         0.         0.         0.         0.
  0.         0.         0.         0.256      0.         0.09014012
  0.         0.         0.         0.         0.         0.
  0.         0.         0.256      0.256      0.         0.
  0.256      0.         0.         0.         0.         0.
  0.         0.         0.         0.256      0.         0.
  0.         0.256      0.         0.         0.         0.
  0.         0.         0.256      0.         0.         0.
  0.         0.64       0.         0.         0.         0.
  0.64       0.34253503 0.256      0.         0.         0.
  0.         0.         0.         0.         0.         0.8
  0.         0.         0.256      0.         0.         0.
  0.         0.         0.         0.         0.         0.
  0.         0.         0.         0.         0.         0.
  0.         0.64       0.         0.         0.         0.
  0.         0.         0.64       0.         0.         0.
  0.         0.09551002 0.         0.         0.8        0.
  0.         0.         0.         0.09551002 0.04868355 0.
  0.04868355 0.         0.         0.06248139 0.         0.06248139
  0.         0.         0.         0.         0.         0.64
  0.         0.256      0.         0.         0.         0.
  0.         0.         0.         0.         0.         0.8
  0.64       0.         0.         0.         0.         0.
  0.64       0.         0.         0.256      0.         0.
  0.         0.09014012 0.         0.         0.         0.09551002
  0.256      0.         0.         0.64       0.         0.
  0.         0.         0.04868355 0.         0.         0.
  0.256      0.         0.09014012 0.256      0.         0.
  0.         0.         0.         0.         0.         0.
  0.         0.64       0.         0.         0.         0.
  0.72       0.         0.256      0.         0.         0.
  0.         0.         0.256      0.         0.         0.
  0.64       0.         0.         0.         0.         0.8
  0.         0.         0.         0.         0.         0.
  0.         0.         0.         0.         0.         0.
  0.64       0.         0.         0.09551002 0.         0.
  0.         0.64       0.09551002 0.32       0.         0.
  0.64       0.         0.         0.         0.         0.
  0.         0.8        0.64       0.         0.         0.256
  0.         0.256      0.         0.64       0.09551002 0.
  0.         0.         0.         0.         0.         0.24338004
  0.         0.256      0.         0.         0.         0.34253503
  0.8        0.         0.         0.256      0.03183667 0.
  0.         0.         0.         0.256      0.256      0.
  0.         0.         0.         0.         0.         0.
  0.         0.         0.         0.         0.         0.
  0.         0.         0.8        0.         0.         0.64
  0.256      0.09551002 0.         0.         0.         0.8
  0.         0.         0.         0.         0.         0.
  0.256      0.         0.         0.         0.         0.02645056
  0.         0.03295268 0.         0.         0.         0.
  0.         0.         0.256      0.         1.         0.256
  0.         0.         0.256      0.05392717 0.256      0.
  0.         0.         0.256      0.         0.         0.
  0.         0.         0.64       0.         0.         0.
  0.64       0.         0.         0.09551002 0.64       0.
  0.         0.09551002 0.         0.         0.         0.
  0.04868355 0.         0.         0.         0.8        0.64
  0.256      0.         0.64       0.         0.64       0.256
  0.64       0.         0.         0.         0.         0.09551002
  0.64       0.         0.         0.         0.         0.8
  0.         0.         0.8        0.256      0.64       0.64
  0.         0.         0.64       0.09551002 0.         0.09551002
  0.         0.         0.8        0.         0.04408427 0.
  0.09551002 0.         0.03295268 0.03295268 0.         0.
  0.         0.         0.         0.256      0.         0.
  0.         0.         0.36507006 0.         0.09551002 0.
  0.         0.         0.         0.         0.         0.
  0.         0.256      0.         0.09551002 0.09551002 0.
  0.         0.256      0.         0.         0.         0.
  0.         0.         0.         0.         0.64       0.40788717
  0.         0.         0.         0.         0.         0.
  0.         0.256      0.256      0.         0.         0.
  0.         0.         0.         0.         0.         0.
  0.64       0.64       0.         0.         0.         0.
  0.         0.         0.         0.         0.         0.06102698
  0.256      0.         0.         0.         0.         0.
  0.        ]]"
"[[0.         0.         0.         0.         0.         0.
  0.         0.         0.         0.         0.         0.
  0.         0.         0.         0.8        0.         0.08533333
  0.         0.         0.         0.         0.         0.
  0.         0.         0.8        0.8        0.         0.
  0.64       0.         0.         0.         0.         0.
  0.         0.         0.         0.8        0.         0.
  0.         0.8        0.         0.         0.         0.
  0.         0.         0.64       0.         0.         0.
  0.         0.256      0.         0.         0.         0.
  0.256      0.128      0.8        0.         0.         0.
  0.         0.         0.         0.         0.         0.256
  0.         0.         0.8        0.         0.         0.
  0.         0.         0.         0.         0.         0.
  0.         0.         0.         0.         0.         0.
  0.         0.256      0.         0.         0.         0.
  0.         0.         0.256      0.         0.         0.
  0.         0.192      0.         0.         0.256      0.
  0.         0.         0.         0.21333333 0.07893333 0.
  0.07893333 0.         0.         0.128      0.         0.128
  0.         0.         0.         0.         0.         0.256
  0.         0.64       0.         0.         0.         0.
  0.         0.         0.         0.         0.         0.256
  0.256      0.         0.         0.         0.         0.
  0.256      0.         0.         0.8        0.         0.
  0.         0.08533333 0.         0.         0.         0.21333333
  0.64       0.         0.         0.256      0.         0.
  0.         0.         0.07893333 0.         0.         0.
  0.8        0.         0.08533333 0.8        0.         0.
  0.         0.         0.         0.         0.         0.
  0.         0.256      0.         0.         0.         0.
  0.256      0.         0.8        0.         0.         0.
  0.         0.         0.64       0.         0.         0.
  0.256      0.         0.         0.         0.         0.256
  0.         0.         0.         0.         0.         0.
  0.         0.         0.         0.         0.         0.
  0.256      0.         0.         0.21333333 0.         0.
  0.         0.256      0.17066667 0.128      0.         0.
  0.256      0.         0.         0.         0.         0.
  0.         0.256      0.256      0.         0.         0.64
  0.         0.8        0.         0.256      0.17066667 0.
  0.         0.         0.         0.         0.         0.11377778
  0.         0.8        0.         0.         0.         0.128
  0.256      0.         0.         0.8        0.05688889 0.
  0.         0.         0.         0.8        0.64       0.
  0.         0.         0.         0.         0.         0.
  0.         0.         0.         0.         0.         0.
  0.         0.         0.256      0.         0.         0.256
  0.64       0.18488889 0.         0.         0.         0.256
  0.         0.         0.         0.         0.         0.
  0.64       0.         0.         0.         0.         0.03754667
  0.         0.03413333 0.         0.         0.         0.
  0.         0.         0.8        0.         0.256      1.
  0.         0.         0.64       0.09386667 0.64       0.
  0.         0.         0.8        0.         0.         0.
  0.         0.         0.256      0.         0.         0.
  0.256      0.         0.         0.21333333 0.256      0.
  0.         0.21333333 0.         0.         0.         0.
  0.07893333 0.         0.         0.         0.256      0.256
  0.8        0.         0.256      0.         0.256      0.8
  0.256      0.         0.         0.         0.         0.21333333
  0.256      0.         0.         0.         0.         0.256
  0.         0.         0.256      0.8        0.256      0.256
  0.         0.         0.256      0.21333333 0.         0.192
  0.         0.         0.256      0.         0.06257778 0.
  0.21333333 0.         0.03413333 0.03413333 0.         0.
  0.         0.         0.         0.72       0.         0.
  0.         0.         0.17066667 0.         0.192      0.
  0.         0.         0.         0.         0.         0.
  0.         0.64       0.         0.21333333 0.17066667 0.
  0.         0.8        0.         0.         0.         0.
  0.         0.         0.         0.         0.256      0.15847619
  0.         0.         0.         0.         0.         0.
  0.         0.8        0.8        0.         0.         0.
  0.         0.         0.         0.         0.         0.
  0.256      0.256      0.         0.         0.         0.
  0.         0.         0.         0.         0.         0.1152
  0.64       0.         0.         0.         0.         0.
  0.        ]]"
"[[0.         0.         0.         0.         0.         0.
  0.         0.         0.         0.         0.         0.
  0.         0.         0.36440154 0.         0.3876344  0.
  0.         0.         0.         0.         0.         0.36085083
  0.         0.         0.         0.         0.         0.
  0.         0.         0.         0.         0.16621798 0.20050012
  0.32270512 0.         0.         0.         0.         0.
  0.         0.         0.         0.         0.30334598 0.36440154
  0.26160262 0.36440154 0.         0.         0.16621798 0.35846656
  0.20050012 0.         0.24347118 0.         0.         0.25771789
  0.         0.         0.         0.         0.         0.
  0.36440154 0.         0.         0.         0.         0.
  0.         0.32270512 0.         0.         0.32270512 0.34298738
  0.         0.35846656 0.         0.         0.         0.28245083
  0.         0.         0.29586893 0.         0.         0.
  0.         0.         0.         0.32270512 0.         0.
  0.         0.         0.         0.         0.36440154 0.20050012
  0.25151568 0.         0.         0.         0.         0.
  0.         0.         0.32270512 0.         0.         0.32270512
  0.         0.         0.30334598 0.         0.         0.
  0.25711247 0.36440154 0.         0.32270512 0.         0.
  0.19933993 0.         0.20918993 0.         0.         0.2928984
  0.22516572 0.19933993 0.         0.         0.         0.
  0.         0.30139496 0.27525887 0.         0.         0.36440154
  0.         0.19933993 0.24821661 0.         0.36440154 0.36440154
  0.         0.         0.22006256 0.32270512 0.34298738 0.
  0.         0.52120154 0.20621272 0.         0.         0.
  0.38558906 0.36440154 0.         0.         0.         0.
  0.         0.15749081 0.         0.         0.30257798 0.36440154
  0.32270512 0.         0.52120154 0.32270512 0.         0.24017431
  0.32270512 0.         0.37647265 0.22837942 0.32270512 0.
  0.         0.         0.         0.         0.         0.31778282
  0.25298047 0.         0.         0.         0.30334598 0.
  0.         0.         0.         0.20050012 0.         0.
  0.         0.         0.36440154 0.36440154 0.         0.
  0.2260759  0.32270512 0.36440154 0.         0.3698276  0.
  0.         0.         0.32270512 0.         0.         0.
  0.2878428  0.         0.         0.         0.         0.34298738
  0.         0.36440154 0.         0.16621798 0.52120154 0.
  0.20050012 0.         0.         0.         0.         0.
  0.         0.         0.         0.         0.         0.34298738
  0.         0.21594104 0.36440154 0.27525887 0.         0.
  0.32270512 0.         0.         0.         0.         0.
  0.         0.20050012 0.         0.         0.         0.
  0.34298738 0.         0.36440154 0.         0.         0.
  0.         0.         0.27525887 0.36440154 0.         0.
  0.38558906 0.         0.32270512 0.         0.25531626 0.32270512
  0.20050012 0.1735358  0.         0.         0.52120154 0.
  0.         0.         0.         0.32270512 0.         0.
  0.         0.23920591 0.         0.28003275 0.         0.
  0.         0.28245083 0.         0.         0.         0.
  0.         0.         0.36440154 0.19933993 0.         0.36440154
  0.20050012 0.18765085 0.         0.19933993 0.         0.
  1.         0.         0.         0.         0.         0.23435629
  0.23077148 0.         0.         0.32270512 0.         0.
  0.         0.         0.         0.         0.         0.52120154
  0.         0.         0.         0.         0.         0.32369783
  0.         0.         0.         0.         0.22397906 0.
  0.         0.         0.         0.43209446 0.         0.
  0.         0.         0.         0.25298047 0.         0.
  0.         0.         0.         0.         0.         0.
  0.         0.         0.         0.32270512 0.         0.
  0.36440154 0.36440154 0.         0.         0.         0.
  0.         0.27058647 0.         0.         0.         0.
  0.         0.         0.         0.         0.         0.36440154
  0.         0.         0.         0.         0.         0.
  0.         0.         0.         0.         0.         0.
  0.27613585 0.         0.         0.         0.         0.
  0.19933993 0.         0.24147548 0.         0.         0.2151772
  0.27525887 0.         0.         0.         0.         0.
  0.         0.         0.         0.36440154 0.2878428  0.
  0.19933993 0.32085083 0.         0.         0.         0.
  0.32270512 0.         0.         0.         0.         0.
  0.27525887 0.         0.         0.20050012 0.         0.
  0.         0.         0.         0.         0.32270512 0.26160262
  0.         0.         0.         0.32270512 0.32270512 0.
  0.32270512 0.         0.36440154 0.         0.         0.
  0.         0.         0.         0.         0.         0.
  0.        ]]"
"[[0.         0.         0.         0.         0.         0.
  0.         0.         0.         0.         0.         0.
  0.         0.         0.         0.         0.         0.
  0.         0.14697782 0.14697782 0.         0.16116047 0.
  0.         0.         0.         0.         0.         0.
  0.         0.         0.         0.28318114 0.         0.
  0.         0.         0.         0.         0.         0.27777277
  0.28210667 0.         0.         0.         0.         0.
  0.         0.         0.         0.         0.         0.
  0.         0.         0.         0.         0.         0.
  0.         0.         0.         0.         0.         0.
  0.         0.         0.15254712 0.         0.         0.
  0.         0.         0.         0.         0.         0.
  0.         0.         0.         0.         0.         0.
  0.         0.         0.         0.         0.         0.
  0.14289169 0.         0.29074394 0.         0.23927129 0.
  0.         0.         0.         0.         0.         0.
  0.         0.         0.         0.         0.         0.15254712
  0.         0.         0.         0.         0.         0.
  0.         0.         0.         0.         0.         0.
  0.         0.         0.         0.         0.         0.
  0.         0.         0.         0.         0.         0.
  0.         0.         0.         0.11392539 0.         0.
  0.         0.         0.         0.         0.         0.
  0.         0.         0.         0.         0.         0.
  0.31871713 0.         0.         0.         0.         0.
  0.         0.         0.         0.         0.         0.
  0.         0.         0.         0.14385306 0.         0.
  0.         0.         0.         0.         0.         0.
  0.         0.         0.         0.         0.         0.
  0.         0.         0.         0.         0.         0.
  0.         0.         0.         0.         0.         0.
  0.         0.         0.         0.         0.         0.
  0.         0.         0.         0.         0.3219406  0.
  0.         0.         0.         0.         0.         0.
  0.         0.         0.         0.         0.         0.
  0.         0.         0.         0.         0.         0.
  0.         0.         0.         0.         0.         0.
  0.         0.         0.         0.         0.         0.
  0.         0.         0.         0.         0.         0.
  0.         0.         0.         0.         0.         0.
  0.         0.         0.         0.         0.         0.
  0.         0.         0.         0.         0.         0.
  0.         0.         0.         0.         0.         0.
  0.         0.         0.         0.         0.         0.
  0.         0.20888574 0.         0.         0.         0.20784625
  0.         0.         0.         0.         0.         0.
  0.         0.         0.         0.         0.         0.
  0.         0.         0.         0.         0.         0.
  0.         0.         0.         0.         0.         0.
  0.         0.         0.         0.         0.         0.
  0.         0.         0.         0.         0.         0.
  0.         0.         0.         0.         0.         0.
  0.         1.         0.         0.         0.         0.
  0.         0.20566227 0.         0.         0.         0.33443192
  0.         0.         0.         0.         0.         0.
  0.         0.         0.         0.         0.         0.
  0.         0.         0.         0.         0.         0.
  0.         0.         0.         0.         0.         0.
  0.         0.         0.         0.         0.         0.
  0.         0.         0.         0.         0.         0.
  0.         0.20370841 0.         0.         0.         0.
  0.         0.         0.         0.         0.         0.
  0.         0.         0.         0.         0.         0.
  0.22159351 0.         0.         0.         0.         0.
  0.         0.         0.         0.         0.         0.
  0.         0.         0.         0.         0.         0.
  0.         0.         0.         0.         0.         0.
  0.         0.         0.         0.         0.         0.
  0.         0.         0.         0.         0.         0.
  0.11392539 0.         0.         0.         0.         0.
  0.         0.         0.         0.         0.         0.
  0.         0.         0.         0.         0.         0.21660605
  0.         0.         0.         0.         0.         0.
  0.         0.         0.         0.         0.         0.
  0.         0.         0.         0.         0.         0.
  0.         0.         0.         0.         0.         0.
  0.         0.         0.         0.         0.         0.
  0.        ]]"
"[[0.         0.         0.         0.         0.         0.
  0.         0.         0.         0.         0.         0.
  0.         0.         0.         0.64       0.         0.08533333
  0.         0.         0.         0.         0.         0.
  0.         0.         0.64       0.64       0.         0.
  0.8        0.         0.         0.         0.         0.
  0.         0.         0.         0.64       0.         0.
  0.         0.64       0.         0.         0.         0.
  0.         0.         0.8        0.         0.         0.
  0.         0.256      0.         0.         0.         0.
  0.256      0.128      0.64       0.         0.         0.
  0.         0.         0.         0.         0.         0.256
  0.         0.         0.64       0.         0.         0.
  0.         0.         0.         0.         0.         0.
  0.         0.         0.         0.         0.         0.
  0.         0.256      0.         0.         0.         0.
  0.         0.         0.256      0.         0.         0.
  0.         0.192      0.         0.         0.256      0.
  0.         0.         0.         0.21333333 0.07893333 0.
  0.07893333 0.         0.         0.128      0.         0.128
  0.         0.         0.         0.         0.         0.256
  0.         0.8        0.         0.         0.         0.
  0.         0.         0.         0.         0.         0.256
  0.256      0.         0.         0.         0.         0.
  0.256      0.         0.         0.64       0.         0.
  0.         0.08533333 0.         0.         0.         0.21333333
  0.8        0.         0.         0.256      0.         0.
  0.         0.         0.07893333 0.         0.         0.
  0.64       0.         0.08533333 0.64       0.         0.
  0.         0.         0.         0.         0.         0.
  0.         0.256      0.         0.         0.         0.
  0.256      0.         0.64       0.         0.         0.
  0.         0.         0.8        0.         0.         0.
  0.256      0.         0.         0.         0.         0.256
  0.         0.         0.         0.         0.         0.
  0.         0.         0.         0.         0.         0.
  0.256      0.         0.         0.21333333 0.         0.
  0.         0.256      0.17066667 0.128      0.         0.
  0.256      0.         0.         0.         0.         0.
  0.         0.256      0.256      0.         0.         0.8
  0.         0.64       0.         0.256      0.17066667 0.
  0.         0.         0.         0.         0.         0.11377778
  0.         0.64       0.         0.         0.         0.128
  0.256      0.         0.         0.64       0.05688889 0.
  0.         0.         0.         0.64       0.8        0.
  0.         0.         0.         0.         0.         0.
  0.         0.         0.         0.         0.         0.
  0.         0.         0.256      0.         0.         0.256
  0.8        0.18488889 0.         0.         0.         0.256
  0.         0.         0.         0.         0.         0.
  0.8        0.         0.         0.         0.         0.03754667
  0.         0.03413333 0.         0.         0.         0.
  0.         0.         0.64       0.         0.256      0.64
  0.         0.         1.         0.09386667 0.8        0.
  0.         0.         0.64       0.         0.         0.
  0.         0.         0.256      0.         0.         0.
  0.256      0.         0.         0.21333333 0.256      0.
  0.         0.21333333 0.         0.         0.         0.
  0.07893333 0.         0.         0.         0.256      0.256
  0.64       0.         0.256      0.         0.256      0.64
  0.256      0.         0.         0.         0.         0.21333333
  0.256      0.         0.         0.         0.         0.256
  0.         0.         0.256      0.64       0.256      0.256
  0.         0.         0.256      0.21333333 0.         0.192
  0.         0.         0.256      0.         0.06257778 0.
  0.21333333 0.         0.03413333 0.03413333 0.         0.
  0.         0.         0.         0.72       0.         0.
  0.         0.         0.17066667 0.         0.192      0.
  0.         0.         0.         0.         0.         0.
  0.         0.8        0.         0.21333333 0.17066667 0.
  0.         0.64       0.         0.         0.         0.
  0.         0.         0.         0.         0.256      0.15847619
  0.         0.         0.         0.         0.         0.
  0.         0.64       0.64       0.         0.         0.
  0.         0.         0.         0.         0.         0.
  0.256      0.256      0.         0.         0.         0.
  0.         0.         0.         0.         0.         0.1152
  0.8        0.         0.         0.         0.         0.
  0.        ]]"
"[[0.         0.         0.         0.         0.         0.
  0.         0.         0.         0.         0.         0.
  0.         0.         0.         0.09386667 0.         0.04068748
  0.         0.         0.         0.         0.         0.
  0.         0.         0.09386667 0.09386667 0.         0.04132786
  0.09386667 0.         0.         0.         0.         0.
  0.         0.         0.         0.09386667 0.         0.
  0.         0.09386667 0.         0.         0.         0.
  0.         0.         0.09386667 0.         0.         0.
  0.         0.05392717 0.         0.         0.         0.
  0.05392717 0.04513311 0.09386667 0.         0.         0.
  0.         0.         0.         0.         0.         0.05392717
  0.         0.         0.09386667 0.         0.         0.
  0.         0.         0.         0.         0.         0.
  0.         0.         0.         0.         0.         0.
  0.         0.05392717 0.         0.         0.         0.
  0.         0.         0.05392717 0.         0.         0.
  0.         0.06027779 0.04132786 0.         0.05392717 0.
  0.         0.         0.         0.05897572 0.3651083  0.
  0.3651083  0.         0.         0.34987801 0.         0.34987801
  0.         0.         0.         0.         0.         0.05392717
  0.         0.09386667 0.         0.         0.         0.
  0.         0.         0.         0.         0.         0.05392717
  0.05392717 0.         0.         0.         0.         0.
  0.05392717 0.         0.         0.09386667 0.         0.
  0.         0.04068748 0.         0.         0.         0.05897572
  0.09386667 0.         0.         0.05392717 0.         0.
  0.         0.         0.3651083  0.         0.02133333 0.
  0.09386667 0.         0.04068748 0.09386667 0.         0.
  0.         0.         0.         0.         0.         0.
  0.         0.05392717 0.         0.         0.         0.
  0.05392717 0.         0.09386667 0.         0.         0.
  0.         0.         0.09386667 0.         0.         0.04266667
  0.05392717 0.         0.         0.         0.         0.05392717
  0.         0.         0.         0.         0.         0.
  0.         0.         0.         0.         0.         0.
  0.05392717 0.         0.         0.05897572 0.04132786 0.
  0.         0.05392717 0.06157985 0.02696358 0.         0.
  0.05392717 0.         0.         0.         0.         0.
  0.         0.05392717 0.05392717 0.         0.         0.09386667
  0.         0.09386667 0.         0.05392717 0.06157985 0.
  0.         0.         0.         0.         0.         0.03153822
  0.         0.09386667 0.         0.         0.         0.04513311
  0.05392717 0.         0.         0.09386667 0.03474884 0.
  0.         0.         0.         0.09386667 0.09386667 0.
  0.         0.         0.         0.         0.         0.
  0.         0.         0.         0.         0.         0.
  0.         0.         0.05392717 0.         0.         0.05392717
  0.09386667 0.06071181 0.         0.         0.         0.05392717
  0.         0.         0.         0.         0.         0.
  0.09386667 0.         0.         0.         0.         0.23064437
  0.         0.25675315 0.         0.         0.         0.
  0.         0.         0.09386667 0.         0.05392717 0.09386667
  0.         0.         0.09386667 1.         0.09386667 0.
  0.         0.         0.09386667 0.         0.         0.
  0.         0.         0.05392717 0.         0.         0.
  0.05392717 0.         0.         0.05897572 0.05392717 0.
  0.         0.05897572 0.         0.         0.         0.
  0.3651083  0.         0.         0.         0.05392717 0.05392717
  0.09386667 0.         0.05392717 0.         0.05392717 0.09386667
  0.05392717 0.         0.         0.         0.         0.05897572
  0.05392717 0.         0.         0.         0.         0.05392717
  0.         0.         0.05392717 0.09386667 0.05392717 0.05392717
  0.         0.         0.05392717 0.05897572 0.         0.06027779
  0.         0.         0.05392717 0.         0.37018506 0.
  0.05897572 0.         0.25675315 0.25675315 0.04132786 0.
  0.         0.         0.         0.09386667 0.         0.
  0.         0.         0.04730733 0.         0.06027779 0.
  0.         0.         0.         0.         0.04266667 0.
  0.         0.09386667 0.         0.05897572 0.06157985 0.
  0.         0.09386667 0.         0.         0.         0.
  0.         0.         0.         0.         0.05392717 0.0477233
  0.         0.         0.         0.         0.         0.
  0.         0.09386667 0.09386667 0.         0.         0.
  0.         0.         0.         0.         0.         0.
  0.05392717 0.05392717 0.         0.         0.         0.
  0.         0.         0.         0.         0.         0.38256472
  0.09386667 0.         0.         0.         0.         0.
  0.        ]]"
"[[0.         0.         0.         0.         0.         0.
  0.         0.         0.         0.         0.         0.
  0.         0.         0.         0.64       0.         0.08533333
  0.         0.         0.         0.         0.         0.
  0.         0.         0.64       0.64       0.         0.
  0.8        0.         0.         0.         0.         0.
  0.         0.         0.         0.64       0.         0.
  0.         0.64       0.         0.         0.         0.
  0.         0.         0.8        0.         0.         0.
  0.         0.256      0.         0.         0.         0.
  0.256      0.128      0.64       0.         0.         0.
  0.         0.         0.         0.         0.         0.256
  0.         0.         0.64       0.         0.         0.
  0.         0.         0.         0.         0.         0.
  0.         0.         0.         0.         0.         0.
  0.         0.256      0.         0.         0.         0.
  0.         0.         0.256      0.         0.         0.
  0.         0.192      0.         0.         0.256      0.
  0.         0.         0.         0.21333333 0.07893333 0.
  0.07893333 0.         0.         0.128      0.         0.128
  0.         0.         0.         0.         0.         0.256
  0.         0.8        0.         0.         0.         0.
  0.         0.         0.         0.         0.         0.256
  0.256      0.         0.         0.         0.         0.
  0.256      0.         0.         0.64       0.         0.
  0.         0.08533333 0.         0.         0.         0.21333333
  0.8        0.         0.         0.256      0.         0.
  0.         0.         0.07893333 0.         0.         0.
  0.64       0.         0.08533333 0.64       0.         0.
  0.         0.         0.         0.         0.         0.
  0.         0.256      0.         0.         0.         0.
  0.256      0.         0.64       0.         0.         0.
  0.         0.         0.8        0.         0.         0.
  0.256      0.         0.         0.         0.         0.256
  0.         0.         0.         0.         0.         0.
  0.         0.         0.         0.         0.         0.
  0.256      0.         0.         0.21333333 0.         0.
  0.         0.256      0.17066667 0.128      0.         0.
  0.256      0.         0.         0.         0.         0.
  0.         0.256      0.256      0.         0.         0.8
  0.         0.64       0.         0.256      0.17066667 0.
  0.         0.         0.         0.         0.         0.11377778
  0.         0.64       0.         0.         0.         0.128
  0.256      0.         0.         0.64       0.05688889 0.
  0.         0.         0.         0.64       0.8        0.
  0.         0.         0.         0.         0.         0.
  0.         0.         0.         0.         0.         0.
  0.         0.         0.256      0.         0.         0.256
  0.8        0.18488889 0.         0.         0.         0.256
  0.         0.         0.         0.         0.         0.
  0.8        0.         0.         0.         0.         0.03754667
  0.         0.03413333 0.         0.         0.         0.
  0.         0.         0.64       0.         0.256      0.64
  0.         0.         0.8        0.09386667 1.         0.
  0.         0.         0.64       0.         0.         0.
  0.         0.         0.256      0.         0.         0.
  0.256      0.         0.         0.21333333 0.256      0.
  0.         0.21333333 0.         0.         0.         0.
  0.07893333 0.         0.         0.         0.256      0.256
  0.64       0.         0.256      0.         0.256      0.64
  0.256      0.         0.         0.         0.         0.21333333
  0.256      0.         0.         0.         0.         0.256
  0.         0.         0.256      0.64       0.256      0.256
  0.         0.         0.256      0.21333333 0.         0.192
  0.         0.         0.256      0.         0.06257778 0.
  0.21333333 0.         0.03413333 0.03413333 0.         0.
  0.         0.         0.         0.72       0.         0.
  0.         0.         0.17066667 0.         0.192      0.
  0.         0.         0.         0.         0.         0.
  0.         0.8        0.         0.21333333 0.17066667 0.
  0.         0.64       0.         0.         0.         0.
  0.         0.         0.         0.         0.256      0.15847619
  0.         0.         0.         0.         0.         0.
  0.         0.64       0.64       0.         0.         0.
  0.         0.         0.         0.         0.         0.
  0.256      0.256      0.         0.         0.         0.
  0.         0.         0.         0.         0.         0.1152
  0.8        0.         0.         0.         0.         0.
  0.        ]]"
"[[0.         0.         0.         0.         0.         0.
  0.         0.         0.         0.         0.         0.
  0.         0.         0.24508734 0.         0.2908776  0.
  0.         0.         0.         0.         0.         0.31461483
  0.         0.         0.         0.         0.         0.
  0.         0.         0.         0.         0.16820749 0.38582654
  0.26945262 0.         0.         0.         0.         0.
  0.         0.         0.         0.         0.24588425 0.24508734
  0.32763958 0.24508734 0.         0.         0.16820749 0.26440855
  0.38582654 0.         0.31069591 0.         0.         0.28635665
  0.         0.         0.         0.         0.         0.
  0.24508734 0.         0.         0.         0.         0.
  0.         0.26945262 0.         0.         0.26945262 0.21384464
  0.         0.26440855 0.         0.         0.         0.31545694
  0.         0.         0.30012217 0.         0.         0.
  0.         0.         0.         0.26945262 0.         0.
  0.         0.         0.         0.         0.24508734 0.38582654
  0.29510333 0.         0.         0.         0.         0.
  0.         0.         0.26945262 0.         0.         0.26945262
  0.         0.         0.24588425 0.         0.         0.
  0.28744654 0.24508734 0.         0.26945262 0.         0.
  0.23453714 0.         0.23428149 0.         0.         0.28067059
  0.31323725 0.23453714 0.         0.         0.         0.
  0.         0.24419066 0.22211133 0.         0.         0.24508734
  0.         0.23453714 0.27818568 0.         0.24508734 0.24508734
  0.         0.         0.36245978 0.26945262 0.21384464 0.
  0.         0.22530946 0.33012039 0.         0.         0.
  0.25789203 0.24508734 0.         0.         0.         0.
  0.         0.161914   0.         0.         0.28227241 0.24508734
  0.26945262 0.         0.23435629 0.26945262 0.         0.24381277
  0.26945262 0.         0.27161936 0.30682451 0.26945262 0.
  0.         0.         0.         0.         0.         0.2696599
  0.18929429 0.         0.         0.         0.24588425 0.
  0.         0.         0.         0.38582654 0.         0.
  0.         0.         0.24508734 0.24508734 0.         0.
  0.3112213  0.26945262 0.24508734 0.         0.2527805  0.
  0.         0.         0.26945262 0.         0.         0.
  0.22937346 0.         0.         0.         0.         0.21384464
  0.         0.24508734 0.         0.16820749 0.22530946 0.
  0.39424759 0.         0.         0.         0.         0.
  0.         0.         0.         0.         0.         0.21384464
  0.         0.1987987  0.24508734 0.22211133 0.         0.
  0.26945262 0.         0.         0.         0.         0.
  0.         0.38582654 0.         0.         0.         0.
  0.21384464 0.         0.24508734 0.         0.         0.
  0.         0.         0.22211133 0.24508734 0.         0.
  0.25789203 0.         0.26945262 0.         0.28452973 0.26945262
  0.38582654 0.29348307 0.         0.         0.22530946 0.
  0.         0.         0.         0.26945262 0.         0.
  0.         0.3198462  0.         0.25275388 0.         0.
  0.         0.31545694 0.         0.         0.         0.
  0.         0.         0.24508734 0.23453714 0.         0.24508734
  0.38582654 0.33994099 0.         0.23453714 0.         0.
  0.23435629 0.         0.         0.         0.         1.
  0.34242827 0.         0.         0.26945262 0.         0.
  0.         0.         0.         0.         0.         0.22530946
  0.         0.         0.         0.         0.         0.24561861
  0.         0.         0.         0.         0.32619079 0.
  0.         0.         0.         0.21957705 0.         0.
  0.         0.         0.         0.18929429 0.         0.
  0.         0.         0.         0.         0.         0.
  0.         0.         0.         0.26945262 0.         0.
  0.24508734 0.24508734 0.         0.         0.         0.
  0.         0.28670062 0.         0.         0.         0.
  0.         0.         0.         0.         0.         0.24508734
  0.         0.         0.         0.         0.         0.
  0.         0.         0.         0.         0.         0.
  0.26619948 0.         0.         0.         0.         0.
  0.23453714 0.         0.35684444 0.         0.         0.33413787
  0.22211133 0.         0.         0.         0.         0.
  0.         0.         0.         0.24508734 0.22937346 0.
  0.23453714 0.31461483 0.         0.         0.         0.
  0.26945262 0.         0.         0.         0.         0.
  0.22211133 0.         0.         0.38582654 0.         0.
  0.         0.         0.         0.         0.26945262 0.33185011
  0.         0.         0.         0.26945262 0.26945262 0.
  0.26945262 0.         0.24508734 0.         0.         0.
  0.         0.         0.         0.         0.         0.
  0.        ]]"
"[[0.         0.         0.         0.         0.         0.
  0.         0.         0.         0.         0.         0.
  0.         0.         0.22752403 0.         0.31007652 0.
  0.         0.         0.         0.         0.         0.35135276
  0.         0.         0.         0.         0.         0.
  0.         0.         0.         0.         0.16517052 0.47518149
  0.23880605 0.         0.         0.         0.         0.
  0.         0.         0.         0.         0.24316314 0.22752403
  0.35699377 0.22752403 0.         0.         0.16517052 0.27659845
  0.47518149 0.         0.36061407 0.         0.         0.30982549
  0.         0.         0.         0.         0.         0.
  0.22752403 0.         0.         0.         0.         0.
  0.         0.23880605 0.         0.         0.23880605 0.20671603
  0.         0.27659845 0.         0.         0.         0.35135276
  0.         0.         0.31383719 0.         0.         0.
  0.         0.         0.         0.23880605 0.         0.
  0.         0.         0.         0.         0.22752403 0.47518149
  0.31856395 0.         0.         0.         0.         0.
  0.         0.         0.23880605 0.         0.         0.23880605
  0.         0.         0.24316314 0.         0.         0.
  0.31219845 0.22752403 0.         0.23880605 0.         0.
  0.24229269 0.         0.21366407 0.         0.         0.29725795
  0.35544803 0.24229269 0.         0.         0.         0.
  0.         0.2408169  0.21454611 0.         0.         0.22752403
  0.         0.24229269 0.30389475 0.         0.22752403 0.22752403
  0.         0.         0.44524264 0.23880605 0.20671603 0.
  0.         0.23401893 0.38545221 0.         0.         0.
  0.26950186 0.22752403 0.         0.         0.         0.
  0.         0.16501367 0.         0.         0.29712051 0.22752403
  0.23880605 0.         0.23077148 0.23880605 0.         0.25027258
  0.23880605 0.         0.2842364  0.33047081 0.23880605 0.
  0.         0.         0.         0.         0.         0.28886705
  0.17665458 0.         0.         0.         0.24316314 0.
  0.         0.         0.         0.47518149 0.         0.
  0.         0.         0.22752403 0.22752403 0.         0.
  0.34156788 0.23880605 0.22752403 0.         0.26165104 0.
  0.         0.         0.23880605 0.         0.         0.
  0.20773031 0.         0.         0.         0.         0.20671603
  0.         0.22752403 0.         0.16517052 0.23401893 0.
  0.49803863 0.         0.         0.         0.         0.
  0.         0.         0.         0.         0.         0.20671603
  0.         0.19835203 0.22752403 0.21454611 0.         0.
  0.23880605 0.         0.         0.         0.         0.
  0.         0.47518149 0.         0.         0.         0.
  0.20671603 0.         0.22752403 0.         0.         0.
  0.         0.         0.21454611 0.22752403 0.         0.
  0.26950186 0.         0.23880605 0.         0.31412341 0.23880605
  0.47518149 0.35078316 0.         0.         0.23401893 0.
  0.         0.         0.         0.23880605 0.         0.
  0.         0.34106353 0.         0.23639865 0.         0.
  0.         0.35135276 0.         0.         0.         0.
  0.         0.         0.22752403 0.24229269 0.         0.22752403
  0.47518149 0.40409453 0.         0.24229269 0.         0.
  0.23077148 0.         0.         0.         0.         0.34242827
  1.         0.         0.         0.23880605 0.         0.
  0.         0.         0.         0.         0.         0.23401893
  0.         0.         0.         0.         0.         0.23795011
  0.         0.         0.         0.         0.36236995 0.
  0.         0.         0.         0.22036748 0.         0.
  0.         0.         0.         0.17665458 0.         0.
  0.         0.         0.         0.         0.         0.
  0.         0.         0.         0.23880605 0.         0.
  0.22752403 0.22752403 0.         0.         0.         0.
  0.         0.31003784 0.         0.         0.         0.
  0.         0.         0.         0.         0.         0.22752403
  0.         0.         0.         0.         0.         0.
  0.         0.         0.         0.         0.         0.
  0.27826135 0.         0.         0.         0.         0.
  0.24229269 0.         0.43498141 0.         0.         0.39948162
  0.21454611 0.         0.         0.         0.         0.
  0.         0.         0.         0.22752403 0.20773031 0.
  0.24229269 0.35135276 0.         0.         0.         0.
  0.23880605 0.         0.         0.         0.         0.
  0.21454611 0.         0.         0.47518149 0.         0.
  0.         0.         0.         0.         0.23880605 0.35699377
  0.         0.         0.         0.23880605 0.23880605 0.
  0.23880605 0.         0.22752403 0.         0.         0.
  0.         0.         0.         0.         0.         0.
  0.        ]]"
"[[0.         0.         0.         0.         0.         0.
  0.         0.         0.         0.         0.         0.
  0.         0.         0.         0.         0.         0.
  0.         0.15146519 0.15146519 0.         0.15962251 0.
  0.         0.         0.         0.         0.         0.
  0.         0.         0.         0.17196051 0.         0.
  0.         0.         0.         0.         0.         0.23280976
  0.27827568 0.         0.         0.         0.         0.
  0.         0.         0.         0.         0.         0.
  0.         0.         0.         0.         0.         0.
  0.         0.         0.         0.         0.         0.
  0.         0.         0.150781   0.         0.         0.
  0.         0.         0.         0.         0.         0.
  0.         0.         0.         0.         0.         0.
  0.         0.         0.         0.         0.         0.
  0.14240658 0.         0.27323784 0.         0.23646981 0.
  0.         0.         0.         0.         0.         0.
  0.         0.         0.         0.         0.         0.150781
  0.         0.         0.         0.         0.         0.
  0.         0.         0.         0.         0.         0.
  0.         0.         0.         0.         0.         0.
  0.         0.         0.         0.         0.         0.
  0.         0.         0.         0.11728332 0.         0.
  0.         0.         0.         0.         0.         0.
  0.         0.         0.         0.         0.         0.
  0.25906432 0.         0.         0.         0.         0.
  0.         0.         0.         0.         0.         0.
  0.         0.         0.         0.1395537  0.         0.
  0.         0.         0.         0.         0.         0.
  0.         0.         0.         0.         0.         0.
  0.         0.         0.         0.         0.         0.
  0.         0.         0.         0.         0.         0.
  0.         0.         0.         0.         0.         0.
  0.         0.         0.         0.         0.26131525 0.
  0.         0.         0.         0.         0.         0.
  0.         0.         0.         0.         0.         0.
  0.         0.         0.         0.         0.         0.
  0.         0.         0.         0.         0.         0.
  0.         0.         0.         0.         0.         0.
  0.         0.         0.         0.         0.         0.
  0.         0.         0.         0.         0.         0.
  0.         0.         0.         0.         0.         0.
  0.         0.         0.         0.         0.         0.
  0.         0.         0.         0.         0.         0.
  0.         0.         0.         0.         0.         0.
  0.         0.31669841 0.         0.         0.         0.29764926
  0.         0.         0.         0.         0.         0.
  0.         0.         0.         0.         0.         0.
  0.         0.         0.         0.         0.         0.
  0.         0.         0.         0.         0.         0.
  0.         0.         0.         0.         0.         0.
  0.         0.         0.         0.         0.         0.
  0.         0.         0.         0.         0.         0.
  0.         0.20566227 0.         0.         0.         0.
  0.         1.         0.         0.         0.         0.24817852
  0.         0.         0.         0.         0.         0.
  0.         0.         0.         0.         0.         0.
  0.         0.         0.         0.         0.         0.
  0.         0.         0.         0.         0.         0.
  0.         0.         0.         0.         0.         0.
  0.         0.         0.         0.         0.         0.
  0.         0.18409448 0.         0.         0.         0.
  0.         0.         0.         0.         0.         0.
  0.         0.         0.         0.         0.         0.
  0.29401206 0.         0.         0.         0.         0.
  0.         0.         0.         0.         0.         0.
  0.         0.         0.         0.         0.         0.
  0.         0.         0.         0.         0.         0.
  0.         0.         0.         0.         0.         0.
  0.         0.         0.         0.         0.         0.
  0.11728332 0.         0.         0.         0.         0.
  0.         0.         0.         0.         0.         0.
  0.         0.         0.         0.         0.         0.27710215
  0.         0.         0.         0.         0.         0.
  0.         0.         0.         0.         0.         0.
  0.         0.         0.         0.         0.         0.
  0.         0.         0.         0.         0.         0.
  0.         0.         0.         0.         0.         0.
  0.        ]]"
"[[0.         0.         0.         0.         0.         0.
  0.         0.         0.         0.         0.         0.
  0.         0.         0.         0.8        0.         0.08533333
  0.         0.         0.         0.         0.         0.
  0.         0.         0.8        0.8        0.         0.
  0.64       0.         0.         0.         0.         0.
  0.         0.         0.         0.8        0.         0.
  0.         0.8        0.         0.         0.         0.
  0.         0.         0.64       0.         0.         0.
  0.         0.256      0.         0.         0.         0.
  0.256      0.128      0.8        0.         0.         0.
  0.         0.         0.         0.         0.         0.256
  0.         0.         0.8        0.         0.         0.
  0.         0.         0.         0.         0.         0.
  0.         0.         0.         0.         0.         0.
  0.         0.256      0.         0.         0.         0.
  0.         0.         0.256      0.         0.         0.
  0.         0.192      0.         0.         0.256      0.
  0.         0.         0.         0.21333333 0.07893333 0.
  0.07893333 0.         0.         0.128      0.         0.128
  0.         0.         0.         0.         0.         0.256
  0.         0.64       0.         0.         0.         0.
  0.         0.         0.         0.         0.         0.256
  0.256      0.         0.         0.         0.         0.
  0.256      0.         0.         0.8        0.         0.
  0.         0.08533333 0.         0.         0.         0.21333333
  0.64       0.         0.         0.256      0.         0.
  0.         0.         0.07893333 0.         0.         0.
  0.8        0.         0.08533333 0.8        0.         0.
  0.         0.         0.         0.         0.         0.
  0.         0.256      0.         0.         0.         0.
  0.256      0.         0.8        0.         0.         0.
  0.         0.         0.64       0.         0.         0.
  0.256      0.         0.         0.         0.         0.256
  0.         0.         0.         0.         0.         0.
  0.         0.         0.         0.         0.         0.
  0.256      0.         0.         0.21333333 0.         0.
  0.         0.256      0.17066667 0.128      0.         0.
  0.256      0.         0.         0.         0.         0.
  0.         0.256      0.256      0.         0.         0.64
  0.         0.8        0.         0.256      0.17066667 0.
  0.         0.         0.         0.         0.         0.11377778
  0.         0.8        0.         0.         0.         0.128
  0.256      0.         0.         0.8        0.05688889 0.
  0.         0.         0.         0.8        0.64       0.
  0.         0.         0.         0.         0.         0.
  0.         0.         0.         0.         0.         0.
  0.         0.         0.256      0.         0.         0.256
  0.64       0.18488889 0.         0.         0.         0.256
  0.         0.         0.         0.         0.         0.
  0.64       0.         0.         0.         0.         0.03754667
  0.         0.03413333 0.         0.         0.         0.
  0.         0.         0.8        0.         0.256      0.8
  0.         0.         0.64       0.09386667 0.64       0.
  0.         0.         1.         0.         0.         0.
  0.         0.         0.256      0.         0.         0.
  0.256      0.         0.         0.21333333 0.256      0.
  0.         0.21333333 0.         0.         0.         0.
  0.07893333 0.         0.         0.         0.256      0.256
  0.8        0.         0.256      0.         0.256      0.8
  0.256      0.         0.         0.         0.         0.21333333
  0.256      0.         0.         0.         0.         0.256
  0.         0.         0.256      0.8        0.256      0.256
  0.         0.         0.256      0.21333333 0.         0.192
  0.         0.         0.256      0.         0.06257778 0.
  0.21333333 0.         0.03413333 0.03413333 0.         0.
  0.         0.         0.         0.72       0.         0.
  0.         0.         0.17066667 0.         0.192      0.
  0.         0.         0.         0.         0.         0.
  0.         0.64       0.         0.21333333 0.17066667 0.
  0.         0.8        0.         0.         0.         0.
  0.         0.         0.         0.         0.256      0.15847619
  0.         0.         0.         0.         0.         0.
  0.         0.8        0.8        0.         0.         0.
  0.         0.         0.         0.         0.         0.
  0.256      0.256      0.         0.         0.         0.
  0.         0.         0.         0.         0.         0.1152
  0.64       0.         0.         0.         0.         0.
  0.        ]]"
"[[0.         0.         0.         0.         0.         0.
  0.         0.         0.         0.         0.         0.
  0.         0.         0.44519629 0.         0.34109358 0.
  0.         0.         0.         0.         0.         0.30504223
  0.         0.         0.         0.         0.         0.
  0.         0.         0.         0.         0.16722223 0.19688817
  0.8        0.         0.         0.         0.         0.
  0.         0.         0.         0.         0.35217833 0.44519629
  0.49844408 0.44519629 0.         0.         0.16722223 0.31392908
  0.19688817 0.         0.21882826 0.         0.         0.27036244
  0.         0.         0.         0.         0.         0.
  0.44519629 0.         0.         0.         0.         0.
  0.         0.8        0.         0.         0.8        0.30559631
  0.         0.31392908 0.         0.         0.         0.32104223
  0.         0.         0.48069482 0.         0.         0.
  0.         0.         0.         0.8        0.         0.
  0.         0.         0.         0.         0.44519629 0.19688817
  0.27244033 0.         0.         0.         0.         0.
  0.         0.         0.8        0.         0.         0.8
  0.         0.         0.35217833 0.         0.         0.
  0.26934124 0.44519629 0.         0.8        0.         0.
  0.19803805 0.         0.21273726 0.         0.         0.33661028
  0.23367679 0.19803805 0.         0.         0.         0.
  0.         0.34800769 0.30330801 0.         0.         0.44519629
  0.         0.19803805 0.25181577 0.         0.44519629 0.44519629
  0.         0.         0.22385962 0.8        0.30559631 0.
  0.         0.23221395 0.2088635  0.         0.         0.
  0.30030989 0.44519629 0.         0.         0.         0.
  0.         0.15772201 0.         0.         0.35121833 0.44519629
  0.8        0.         0.32270512 0.8        0.         0.25781531
  0.8        0.         0.33221926 0.2599427  0.8        0.
  0.         0.         0.         0.         0.         0.28911228
  0.27976745 0.         0.         0.         0.35217833 0.
  0.         0.         0.         0.19688817 0.         0.
  0.         0.         0.44519629 0.44519629 0.         0.
  0.25335758 0.8        0.44519629 0.         0.3007382  0.
  0.         0.         0.8        0.         0.         0.
  0.53988372 0.         0.         0.         0.         0.30559631
  0.         0.44519629 0.         0.16722223 0.23221395 0.
  0.19688817 0.         0.         0.         0.         0.
  0.         0.         0.         0.         0.         0.30559631
  0.         0.22204062 0.44519629 0.30330801 0.         0.
  0.8        0.         0.         0.         0.         0.
  0.         0.19688817 0.         0.         0.         0.
  0.30559631 0.         0.44519629 0.         0.         0.
  0.         0.         0.30330801 0.44519629 0.         0.
  0.30030989 0.         0.8        0.         0.26506675 0.8
  0.19688817 0.16938025 0.         0.         0.23221395 0.
  0.         0.         0.         0.8        0.         0.
  0.         0.3976032  0.         0.4551134  0.         0.
  0.         0.32104223 0.         0.         0.         0.
  0.         0.         0.44519629 0.19803805 0.         0.44519629
  0.19688817 0.18448348 0.         0.19803805 0.         0.
  0.32270512 0.         0.         0.         0.         0.26945262
  0.23880605 0.         0.         1.         0.         0.
  0.         0.         0.         0.         0.         0.23221395
  0.         0.         0.         0.         0.         0.38318432
  0.         0.         0.         0.         0.23220332 0.
  0.         0.         0.         0.26890513 0.         0.
  0.         0.         0.         0.27976745 0.         0.
  0.         0.         0.         0.         0.         0.
  0.         0.         0.         0.8        0.         0.
  0.44519629 0.44519629 0.         0.         0.         0.
  0.         0.27067282 0.         0.         0.         0.
  0.         0.         0.         0.         0.         0.44519629
  0.         0.         0.         0.         0.         0.
  0.         0.         0.         0.         0.         0.
  0.31138062 0.         0.         0.         0.         0.
  0.19803805 0.         0.2509652  0.         0.         0.22037888
  0.30330801 0.         0.         0.         0.         0.
  0.         0.         0.         0.44519629 0.53988372 0.
  0.19803805 0.30504223 0.         0.         0.         0.
  0.8        0.         0.         0.         0.         0.
  0.30330801 0.         0.         0.19688817 0.         0.
  0.         0.         0.         0.         0.8        0.49844408
  0.         0.         0.         0.8        0.8        0.
  0.8        0.         0.44519629 0.         0.         0.
  0.         0.         0.         0.         0.         0.
  0.        ]]"
"[[0.         0.         0.         0.         0.         0.
  0.         0.         0.         0.         0.         0.
  0.         0.         0.         0.         0.         0.
  0.         0.         0.         0.         0.         0.
  0.21333333 0.256      0.         0.         0.         0.
  0.         0.         0.8        0.         0.         0.
  0.         0.         0.         0.         0.         0.
  0.         0.         0.         0.         0.         0.
  0.         0.         0.         0.29866667 0.         0.
  0.         0.         0.         0.29866667 0.         0.
  0.         0.         0.         0.12515556 0.29866667 0.
  0.         0.         0.         0.         0.8        0.
  0.29866667 0.         0.         0.29866667 0.         0.
  0.29866667 0.         0.         0.         0.         0.
  0.29866667 0.29866667 0.         0.         0.         0.
  0.         0.         0.         0.         0.         0.29866667
  0.         0.29866667 0.         0.         0.         0.
  0.         0.         0.         0.29866667 0.         0.
  0.         0.         0.         0.         0.         0.
  0.         0.29866667 0.         0.         0.         0.
  0.         0.         0.         0.         0.         0.
  0.         0.         0.         0.256      0.         0.
  0.         0.         0.         0.         0.         0.
  0.         0.         0.         0.         0.         0.
  0.         0.         0.         0.         0.         0.
  0.         0.         0.         0.         0.         0.
  0.         0.         0.         0.         0.         0.
  0.         0.         0.         0.         0.         0.
  0.         0.         0.         0.         0.         0.
  0.         0.         0.         0.         0.29866667 0.
  0.         0.         0.         0.         0.         0.
  0.         0.         0.         0.         0.         0.
  0.         0.29866667 0.         0.         0.         0.
  0.         0.256      0.         0.         0.         0.
  0.         0.12515556 0.         0.         0.         0.
  0.         0.         0.         0.29866667 0.         0.
  0.         0.15644444 0.         0.         0.         0.10666667
  0.         0.         0.         0.         0.         0.
  0.         0.         0.12515556 0.         0.         0.15644444
  0.         0.         0.         0.29866667 0.         0.
  0.         0.         0.         0.         0.         0.
  0.         0.         0.         0.         0.         0.
  0.         0.         0.         0.         0.         0.
  0.         0.         0.         0.         0.         0.
  0.         0.         0.         0.         0.         0.29866667
  0.         0.         0.         0.         0.12515556 0.
  0.         0.         0.         0.29866667 0.         0.
  0.         0.         0.         0.         0.         0.
  0.         0.         0.29866667 0.         0.         0.
  0.15644444 0.         0.         0.         0.         0.27022222
  0.         0.         0.         0.29866667 0.         0.
  0.         0.         0.         0.         0.29866667 0.
  0.         0.         0.         0.         0.         0.
  0.         0.         0.         0.         0.         0.
  0.         0.         0.         0.         1.         0.
  0.         0.         0.         0.         0.15644444 0.
  0.         0.         0.         0.         0.         0.
  0.         0.         0.         0.29866667 0.         0.
  0.         0.         0.         0.         0.         0.
  0.         0.         0.         0.         0.         0.
  0.         0.         0.29866667 0.         0.29866667 0.
  0.         0.         0.29866667 0.         0.         0.
  0.         0.         0.         0.         0.         0.
  0.         0.         0.         0.         0.         0.
  0.         0.29866667 0.         0.12515556 0.         0.
  0.         0.         0.         0.         0.         0.29866667
  0.         0.         0.         0.         0.         0.
  0.         0.         0.         0.12515556 0.         0.29866667
  0.         0.         0.         0.         0.         0.
  0.         0.         0.         0.         0.         0.
  0.         0.         0.         0.         0.         0.
  0.         0.         0.         0.29866667 0.         0.
  0.         0.         0.         0.29866667 0.         0.
  0.         0.         0.         0.         0.         0.
  0.29866667 0.29866667 0.21333333 0.         0.         0.
  0.         0.         0.         0.         0.         0.
  0.         0.         0.         0.         0.29866667 0.
  0.         0.29866667 0.12515556 0.29866667 0.         0.
  0.        ]]"
"[[0.         0.         0.         0.         0.         0.
  0.         0.         0.         0.         0.         0.
  0.         0.         0.         0.         0.         0.
  0.         0.15036135 0.15036135 0.         0.1606871  0.
  0.         0.         0.         0.         0.         0.
  0.         0.         0.         0.21595398 0.         0.
  0.         0.         0.         0.         0.         0.22649781
  0.27669221 0.         0.         0.         0.         0.
  0.         0.         0.         0.         0.         0.
  0.         0.         0.         0.         0.         0.
  0.         0.         0.         0.         0.         0.
  0.         0.         0.15208324 0.         0.         0.
  0.         0.         0.         0.         0.         0.
  0.         0.         0.         0.         0.         0.
  0.         0.         0.         0.         0.         0.
  0.14317475 0.         0.28393513 0.         0.23560991 0.
  0.         0.         0.         0.         0.         0.
  0.         0.         0.         0.         0.         0.15208324
  0.         0.         0.         0.         0.         0.
  0.         0.         0.         0.         0.         0.
  0.         0.         0.         0.         0.         0.
  0.         0.         0.         0.         0.         0.
  0.         0.         0.         0.11644928 0.         0.
  0.         0.         0.         0.         0.         0.
  0.         0.         0.         0.         0.         0.
  0.30636573 0.         0.         0.         0.         0.
  0.         0.         0.         0.         0.         0.
  0.         0.         0.         0.14152097 0.         0.
  0.         0.         0.         0.         0.         0.
  0.         0.         0.         0.         0.         0.
  0.         0.         0.         0.         0.         0.
  0.         0.         0.         0.         0.         0.
  0.         0.         0.         0.         0.         0.
  0.         0.         0.         0.         0.27553236 0.
  0.         0.         0.         0.         0.         0.
  0.         0.         0.         0.         0.         0.
  0.         0.         0.         0.         0.         0.
  0.         0.         0.         0.         0.         0.
  0.         0.         0.         0.         0.         0.
  0.         0.         0.         0.         0.         0.
  0.         0.         0.         0.         0.         0.
  0.         0.         0.         0.         0.         0.
  0.         0.         0.         0.         0.         0.
  0.         0.         0.         0.         0.         0.
  0.         0.         0.         0.         0.         0.
  0.         0.21734516 0.         0.         0.         0.26698763
  0.         0.         0.         0.         0.         0.
  0.         0.         0.         0.         0.         0.
  0.         0.         0.         0.         0.         0.
  0.         0.         0.         0.         0.         0.
  0.         0.         0.         0.         0.         0.
  0.         0.         0.         0.         0.         0.
  0.         0.         0.         0.         0.         0.
  0.         0.33443192 0.         0.         0.         0.
  0.         0.24817852 0.         0.         0.         1.
  0.         0.         0.         0.         0.         0.
  0.         0.         0.         0.         0.         0.
  0.         0.         0.         0.         0.         0.
  0.         0.         0.         0.         0.         0.
  0.         0.         0.         0.         0.         0.
  0.         0.         0.         0.         0.         0.
  0.         0.19166435 0.         0.         0.         0.
  0.         0.         0.         0.         0.         0.
  0.         0.         0.         0.         0.         0.
  0.24216474 0.         0.         0.         0.         0.
  0.         0.         0.         0.         0.         0.
  0.         0.         0.         0.         0.         0.
  0.         0.         0.         0.         0.         0.
  0.         0.         0.         0.         0.         0.
  0.         0.         0.         0.         0.         0.
  0.11644928 0.         0.         0.         0.         0.
  0.         0.         0.         0.         0.         0.
  0.         0.         0.         0.         0.         0.28408874
  0.         0.         0.         0.         0.         0.
  0.         0.         0.         0.         0.         0.
  0.         0.         0.         0.         0.         0.
  0.         0.         0.         0.         0.         0.
  0.         0.         0.         0.         0.         0.
  0.        ]]"
"[[0.         0.         0.         0.         0.         0.
  0.         0.         0.         0.         0.         0.
  0.         0.         0.         0.         0.         0.
  0.18027303 0.         0.         0.18027303 0.         0.
  0.         0.         0.         0.         0.8        0.
  0.         0.23224838 0.         0.         0.         0.
  0.         0.18027303 0.         0.         0.18027303 0.
  0.         0.         0.08956875 0.         0.         0.
  0.         0.         0.         0.         0.         0.
  0.         0.         0.         0.         0.1235114  0.
  0.         0.         0.         0.         0.         0.18027303
  0.         0.         0.         0.         0.         0.
  0.         0.         0.         0.         0.         0.
  0.         0.         0.18027303 0.18027303 0.13142448 0.
  0.         0.         0.         0.23975004 0.         0.18027303
  0.         0.         0.         0.         0.         0.
  0.18027303 0.         0.         0.18027303 0.         0.
  0.         0.         0.         0.         0.         0.
  0.18027303 0.18027303 0.         0.         0.         0.
  0.         0.         0.         0.         0.         0.
  0.         0.         0.06219112 0.         0.         0.
  0.         0.         0.         0.         0.18027303 0.
  0.         0.         0.         0.         0.         0.
  0.         0.         0.         0.12137743 0.18027303 0.
  0.         0.         0.         0.         0.         0.
  0.         0.         0.         0.         0.         0.
  0.         0.         0.         0.         0.         0.18027303
  0.         0.         0.         0.         0.         0.18027303
  0.         0.         0.         0.         0.         0.
  0.         0.18027303 0.         0.         0.         0.
  0.         0.         0.         0.         0.         0.08956875
  0.         0.         0.         0.06296782 0.         0.
  0.         0.         0.         0.         0.         0.
  0.         0.         0.         0.         0.         0.
  0.18027303 0.         0.         0.         0.18027303 0.18027303
  0.         0.         0.         0.         0.         0.
  0.         0.         0.         0.         0.         0.
  0.         0.         0.         0.         0.         0.
  0.         0.         0.         0.         0.         0.
  0.         0.         0.         0.         0.         0.
  0.         0.         0.06571224 0.         0.         0.
  0.18027303 0.         0.         0.         0.18027303 0.
  0.         0.         0.11977257 0.         0.07978008 0.
  0.         0.         0.         0.         0.         0.
  0.         0.         0.         0.         0.         0.
  0.         0.         0.         0.         0.         0.
  0.         0.         0.         0.         0.         0.
  0.         0.         0.         0.         0.         0.
  0.         0.         0.         0.         0.18027303 0.
  0.         0.         0.         0.         0.         0.
  0.         0.         0.18027303 0.         0.057479   0.
  0.18027303 0.         0.         0.         0.         0.
  0.         0.         0.         0.         0.         0.
  0.         0.         0.         0.         0.         0.
  0.         0.         0.         0.         0.         0.
  1.         0.18027303 0.         0.         0.         0.
  0.         0.18027303 0.18027303 0.         0.         0.
  0.         0.         0.         0.         0.         0.
  0.         0.         0.18027303 0.         0.         0.
  0.         0.18027303 0.         0.         0.         0.
  0.         0.         0.         0.18027303 0.         0.
  0.         0.         0.         0.         0.         0.
  0.         0.         0.         0.         0.         0.
  0.08075147 0.         0.         0.         0.         0.
  0.         0.         0.         0.         0.         0.
  0.         0.18027303 0.         0.         0.         0.
  0.07556139 0.         0.         0.         0.18027303 0.18027303
  0.         0.         0.         0.         0.         0.
  0.         0.         0.         0.         0.         0.
  0.         0.         0.18027303 0.         0.         0.
  0.         0.         0.23224838 0.         0.         0.18027303
  0.         0.         0.18027303 0.         0.         0.
  0.         0.         0.0927424  0.         0.18027303 0.
  0.         0.         0.         0.         0.0927424  0.
  0.         0.         0.         0.         0.         0.
  0.         0.         0.         0.         0.         0.
  0.         0.10449687 0.         0.18027303 0.         0.
  0.         0.         0.         0.         0.10599132 0.
  0.        ]]"
"[[0.         0.         0.         0.         0.         0.
  0.         0.         0.         0.         0.         0.
  0.         0.         0.         0.         0.         0.
  0.8        0.         0.         0.8        0.         0.
  0.         0.         0.         0.         0.18027303 0.
  0.         0.1714402  0.         0.         0.         0.
  0.         0.8        0.         0.         0.8        0.
  0.         0.         0.08535929 0.         0.         0.
  0.         0.         0.         0.         0.         0.
  0.         0.         0.         0.         0.12027214 0.
  0.         0.         0.         0.         0.         0.8
  0.         0.         0.         0.         0.         0.
  0.         0.         0.         0.         0.         0.
  0.         0.         0.8        0.8        0.12856171 0.
  0.         0.         0.         0.16985201 0.         0.8
  0.         0.         0.         0.         0.         0.
  0.8        0.         0.         0.8        0.         0.
  0.         0.         0.         0.         0.         0.
  0.8        0.8        0.         0.         0.         0.
  0.         0.         0.         0.         0.         0.
  0.         0.         0.08526979 0.         0.         0.
  0.         0.         0.         0.         0.8        0.
  0.         0.         0.         0.         0.         0.
  0.         0.         0.         0.11346386 0.8        0.
  0.         0.         0.         0.         0.         0.
  0.         0.         0.         0.         0.         0.
  0.         0.         0.         0.         0.         0.8
  0.         0.         0.         0.         0.         0.8
  0.         0.         0.         0.         0.         0.
  0.         0.8        0.         0.         0.         0.
  0.         0.         0.         0.         0.         0.08535929
  0.         0.         0.         0.07191812 0.         0.
  0.         0.         0.         0.         0.         0.
  0.         0.         0.         0.         0.         0.
  0.8        0.         0.         0.         0.8        0.8
  0.         0.         0.         0.         0.         0.
  0.         0.         0.         0.         0.         0.
  0.         0.         0.         0.         0.         0.
  0.         0.         0.         0.         0.         0.
  0.         0.         0.         0.         0.         0.
  0.         0.         0.06428085 0.         0.         0.
  0.8        0.         0.         0.         0.8        0.
  0.         0.         0.12869422 0.         0.11497495 0.
  0.         0.         0.         0.         0.         0.
  0.         0.         0.         0.         0.         0.
  0.         0.         0.         0.         0.         0.
  0.         0.         0.         0.         0.         0.
  0.         0.         0.         0.         0.         0.
  0.         0.         0.         0.         0.8        0.
  0.         0.         0.         0.         0.         0.
  0.         0.         0.8        0.         0.08719264 0.
  0.8        0.         0.         0.         0.         0.
  0.         0.         0.         0.         0.         0.
  0.         0.         0.         0.         0.         0.
  0.         0.         0.         0.         0.         0.
  0.18027303 1.         0.         0.         0.         0.
  0.         0.8        0.8        0.         0.         0.
  0.         0.         0.         0.         0.         0.
  0.         0.         0.8        0.         0.         0.
  0.         0.8        0.         0.         0.         0.
  0.         0.         0.         0.8        0.         0.
  0.         0.         0.         0.         0.         0.
  0.         0.         0.         0.         0.         0.
  0.08297931 0.         0.         0.         0.         0.
  0.         0.         0.         0.         0.         0.
  0.         0.8        0.         0.         0.         0.
  0.08630174 0.         0.         0.         0.8        0.8
  0.         0.         0.         0.         0.         0.
  0.         0.         0.         0.         0.         0.
  0.         0.         0.8        0.         0.         0.
  0.         0.         0.1714402  0.         0.         0.8
  0.         0.         0.8        0.         0.         0.
  0.         0.         0.09648754 0.         0.8        0.
  0.         0.         0.         0.         0.09648754 0.
  0.         0.         0.         0.         0.         0.
  0.         0.         0.         0.         0.         0.
  0.         0.09958583 0.         0.8        0.         0.
  0.         0.         0.         0.         0.11027147 0.
  0.        ]]"
"[[0.         0.         0.         0.         0.         0.
  0.         0.         0.         0.         0.         0.
  0.         0.         0.         0.256      0.         0.09014012
  0.         0.         0.         0.         0.         0.
  0.         0.         0.256      0.256      0.         0.
  0.256      0.         0.         0.         0.         0.
  0.         0.         0.         0.256      0.         0.
  0.         0.256      0.         0.         0.         0.
  0.         0.         0.256      0.         0.         0.
  0.         0.64       0.         0.         0.         0.
  0.64       0.34253503 0.256      0.         0.         0.
  0.         0.         0.         0.         0.         0.64
  0.         0.         0.256      0.         0.         0.
  0.         0.         0.         0.         0.         0.
  0.         0.         0.         0.         0.         0.
  0.         0.64       0.         0.         0.         0.
  0.         0.         0.64       0.         0.         0.
  0.         0.09551002 0.         0.         0.64       0.
  0.         0.         0.         0.09551002 0.04868355 0.
  0.04868355 0.         0.         0.06248139 0.         0.06248139
  0.         0.         0.         0.         0.         0.64
  0.         0.256      0.         0.         0.         0.
  0.         0.         0.         0.         0.         0.64
  0.8        0.         0.         0.         0.         0.
  0.64       0.         0.         0.256      0.         0.
  0.         0.09014012 0.         0.         0.         0.09551002
  0.256      0.         0.         0.64       0.         0.
  0.         0.         0.04868355 0.         0.         0.
  0.256      0.         0.09014012 0.256      0.         0.
  0.         0.         0.         0.         0.         0.
  0.         0.8        0.         0.         0.         0.
  0.72       0.         0.256      0.         0.         0.
  0.         0.         0.256      0.         0.         0.
  0.64       0.         0.         0.         0.         0.64
  0.         0.         0.         0.         0.         0.
  0.         0.         0.         0.         0.         0.
  0.64       0.         0.         0.09551002 0.         0.
  0.         0.8        0.09551002 0.32       0.         0.
  0.64       0.         0.         0.         0.         0.
  0.         0.64       0.8        0.         0.         0.256
  0.         0.256      0.         0.8        0.09551002 0.
  0.         0.         0.         0.         0.         0.24338004
  0.         0.256      0.         0.         0.         0.34253503
  0.64       0.         0.         0.256      0.03183667 0.
  0.         0.         0.         0.256      0.256      0.
  0.         0.         0.         0.         0.         0.
  0.         0.         0.         0.         0.         0.
  0.         0.         0.64       0.         0.         0.64
  0.256      0.09551002 0.         0.         0.         0.64
  0.         0.         0.         0.         0.         0.
  0.256      0.         0.         0.         0.         0.02645056
  0.         0.03295268 0.         0.         0.         0.
  0.         0.         0.256      0.         0.64       0.256
  0.         0.         0.256      0.05392717 0.256      0.
  0.         0.         0.256      0.         0.         0.
  0.         0.         1.         0.         0.         0.
  0.8        0.         0.         0.09551002 0.8        0.
  0.         0.09551002 0.         0.         0.         0.
  0.04868355 0.         0.         0.         0.64       0.64
  0.256      0.         0.8        0.         0.8        0.256
  0.64       0.         0.         0.         0.         0.09551002
  0.8        0.         0.         0.         0.         0.64
  0.         0.         0.64       0.256      0.64       0.8
  0.         0.         0.8        0.09551002 0.         0.09551002
  0.         0.         0.64       0.         0.04408427 0.
  0.09551002 0.         0.03295268 0.03295268 0.         0.
  0.         0.         0.         0.256      0.         0.
  0.         0.         0.36507006 0.         0.09551002 0.
  0.         0.         0.         0.         0.         0.
  0.         0.256      0.         0.09551002 0.09551002 0.
  0.         0.256      0.         0.         0.         0.
  0.         0.         0.         0.         0.8        0.40788717
  0.         0.         0.         0.         0.         0.
  0.         0.256      0.256      0.         0.         0.
  0.         0.         0.         0.         0.         0.
  0.64       0.8        0.         0.         0.         0.
  0.         0.         0.         0.         0.         0.06102698
  0.256      0.         0.         0.         0.         0.
  0.        ]]"
"[[0.  0.  0.  0.  0.  0.  0.  0.  0.  0.  0.  0.  0.  0.  0.  0.  0.  0.
  0.  0.  0.  0.  0.  0.  0.  0.  0.  0.  0.  0.  0.  0.  0.  0.  0.  0.
  0.  0.  0.  0.  0.  0.  0.  0.  0.  0.  0.  0.  0.  0.  0.  0.  0.  0.
  0.  0.  0.  0.  0.  0.  0.  0.  0.  0.  0.  0.  0.  0.8 0.  0.  0.  0.
  0.  0.  0.  0.  0.  0.  0.  0.  0.  0.  0.  0.  0.  0.  0.  0.  0.  0.
  0.  0.  0.  0.  0.  0.  0.  0.  0.  0.  0.  0.  0.  0.  0.  0.  0.  0.
  0.  0.  0.  0.  0.  0.  0.  0.  0.  0.  0.8 0.  0.  0.  0.  0.  0.  0.
  0.  0.  0.  0.  0.  0.  0.  0.  0.  0.  0.8 0.  0.  0.  0.  0.  0.  0.
  0.  0.  0.  0.  0.  0.  0.  0.  0.  0.  0.  0.  0.  0.  0.  0.  0.  0.
  0.  0.  0.  0.  0.  0.  0.  0.  0.  0.  0.  0.  0.  0.  0.  0.  0.  0.
  0.  0.  0.  0.  0.  0.  0.  0.  0.  0.  0.  0.  0.  0.  0.  0.8 0.  0.
  0.  0.  0.  0.  0.  0.  0.  0.  0.  0.  0.  0.  0.  0.  0.  0.  0.  0.
  0.  0.  0.  0.  0.  0.  0.  0.  0.  0.  0.8 0.  0.  0.  0.  0.  0.  0.
  0.  0.  0.  0.  0.8 0.  0.8 0.  0.  0.  0.  0.  0.  0.  0.  0.  0.  0.
  0.  0.  0.  0.8 0.  0.  0.  0.  0.8 0.  0.  0.  0.  0.  0.  0.  0.  0.
  0.8 0.  0.  0.  0.  0.  0.  0.  0.  0.  0.  0.  0.  0.  0.  0.  0.  0.
  0.  0.  0.  0.  0.  0.  0.  0.  0.8 0.  0.  0.  0.  0.  0.  0.  0.  0.
  0.  0.  0.  0.  0.  0.  0.  0.  0.  0.  0.  0.  0.  0.  0.  0.  0.  0.
  0.  0.  0.  0.  0.  0.  0.  0.  0.  1.  0.  0.  0.  0.  0.  0.  0.  0.
  0.  0.  0.8 0.  0.  0.  0.  0.  0.  0.  0.  0.  0.  0.  0.  0.  0.  0.
  0.  0.  0.  0.  0.  0.  0.  0.  0.  0.  0.  0.  0.  0.  0.  0.  0.  0.
  0.  0.  0.  0.  0.8 0.  0.  0.  0.  0.  0.  0.  0.  0.  0.  0.  0.  0.
  0.  0.  0.8 0.  0.  0.  0.  0.8 0.  0.  0.  0.  0.  0.  0.  0.  0.  0.
  0.  0.  0.  0.  0.  0.  0.  0.  0.  0.  0.  0.  0.  0.  0.  0.  0.  0.
  0.  0.  0.  0.  0.  0.  0.  0.  0.  0.  0.  0.  0.  0.  0.  0.  0.  0.
  0.  0.  0.  0.  0.  0.  0.  0.  0.  0.  0.  0.  0.  0.  0.  0.  0.  0.
  0. ]]"
"[[0.         0.         0.         0.         0.26666667 0.
  0.         0.         0.         0.         0.         0.
  0.         0.         0.         0.         0.         0.
  0.         0.         0.         0.         0.         0.
  0.37333333 0.37333333 0.         0.         0.         0.
  0.         0.         0.15644444 0.         0.         0.
  0.         0.         0.         0.         0.         0.
  0.         0.         0.         0.         0.         0.
  0.         0.         0.         0.10666667 0.         0.
  0.         0.         0.         0.04266667 0.         0.
  0.         0.         0.         0.02844444 0.04266667 0.
  0.         0.         0.         0.         0.15644444 0.
  0.10666667 0.         0.         0.10666667 0.         0.
  0.04266667 0.         0.         0.         0.         0.
  0.04266667 0.04266667 0.         0.         0.         0.
  0.         0.         0.         0.         0.         0.04266667
  0.         0.10666667 0.         0.         0.         0.
  0.         0.         0.         0.04266667 0.         0.
  0.         0.         0.         0.         0.         0.
  0.         0.04266667 0.         0.         0.         0.
  0.         0.         0.         0.         0.         0.
  0.         0.         0.         0.37333333 0.         0.
  0.         0.         0.         0.         0.         0.
  0.         0.         0.         0.         0.         0.
  0.         0.         0.         0.         0.         0.
  0.         0.         0.         0.         0.         0.
  0.         0.         0.         0.         0.         0.
  0.         0.         0.         0.         0.         0.
  0.         0.         0.         0.         0.         0.
  0.         0.         0.         0.         0.04266667 0.
  0.         0.         0.         0.         0.         0.
  0.         0.         0.         0.         0.         0.
  0.         0.04266667 0.         0.         0.         0.
  0.         0.37333333 0.         0.         0.         0.
  0.         0.02844444 0.         0.         0.         0.
  0.         0.         0.         0.04266667 0.         0.
  0.         0.33777778 0.         0.         0.         0.32
  0.         0.         0.         0.         0.         0.
  0.         0.         0.02844444 0.         0.         0.33777778
  0.         0.         0.         0.04266667 0.         0.
  0.         0.         0.         0.         0.         0.
  0.         0.         0.         0.         0.         0.
  0.         0.         0.         0.         0.         0.
  0.         0.         0.         0.         0.         0.
  0.         0.         0.         0.         0.         0.04266667
  0.         0.         0.         0.         0.02844444 0.
  0.         0.         0.         0.04266667 0.         0.
  0.         0.         0.         0.         0.         0.
  0.         0.         0.04266667 0.         0.         0.
  0.33777778 0.         0.         0.         0.         0.15644444
  0.         0.         0.         0.04266667 0.         0.
  0.         0.         0.         0.         0.04266667 0.
  0.         0.         0.         0.         0.         0.
  0.         0.         0.         0.         0.         0.
  0.         0.         0.         0.         0.15644444 0.
  0.         0.         0.         0.         1.         0.
  0.         0.         0.         0.         0.         0.
  0.         0.         0.         0.10666667 0.         0.
  0.         0.         0.         0.         0.         0.
  0.         0.         0.         0.         0.         0.
  0.         0.         0.04266667 0.         0.10666667 0.
  0.         0.         0.04266667 0.         0.         0.
  0.         0.         0.         0.         0.         0.
  0.         0.         0.         0.         0.         0.
  0.         0.10666667 0.         0.02844444 0.         0.
  0.         0.         0.         0.         0.         0.04266667
  0.         0.         0.         0.         0.         0.
  0.         0.         0.         0.02844444 0.         0.04266667
  0.         0.         0.         0.         0.         0.
  0.         0.         0.         0.         0.         0.
  0.         0.         0.         0.         0.         0.
  0.         0.         0.         0.04266667 0.         0.
  0.         0.         0.         0.04266667 0.         0.
  0.         0.         0.         0.         0.         0.
  0.04266667 0.04266667 0.37333333 0.         0.         0.
  0.         0.         0.         0.         0.         0.
  0.         0.         0.         0.         0.04266667 0.
  0.         0.04266667 0.02844444 0.10666667 0.         0.
  0.        ]]"
"[[0.         0.         0.         0.         0.         0.
  0.         0.         0.         0.         0.         0.
  0.         0.         0.21680308 0.         0.24430801 0.
  0.         0.         0.         0.         0.         0.24526047
  0.         0.         0.         0.         0.         0.
  0.         0.         0.         0.         0.16199724 0.24811786
  0.23221395 0.         0.         0.         0.         0.
  0.         0.         0.         0.         0.23259321 0.21680308
  0.24016591 0.21680308 0.         0.         0.16199724 0.26339751
  0.24811786 0.         0.28489518 0.         0.         0.23982354
  0.         0.         0.         0.         0.         0.
  0.21680308 0.         0.         0.         0.         0.
  0.         0.23221395 0.         0.         0.23221395 0.26239101
  0.         0.26339751 0.         0.         0.         0.23246047
  0.         0.         0.2323783  0.         0.         0.
  0.         0.         0.         0.23221395 0.         0.
  0.         0.         0.         0.         0.21680308 0.24811786
  0.24683543 0.         0.         0.         0.         0.
  0.         0.         0.23221395 0.         0.         0.23221395
  0.         0.         0.23259321 0.         0.         0.
  0.24101164 0.21680308 0.         0.23221395 0.         0.
  0.23343399 0.         0.21532363 0.         0.         0.23252684
  0.22638944 0.23343399 0.         0.         0.         0.
  0.         0.23057086 0.20618598 0.         0.         0.21680308
  0.         0.23343399 0.23164734 0.         0.21680308 0.21680308
  0.         0.         0.23982839 0.23221395 0.26239101 0.
  0.         0.8        0.22693568 0.         0.         0.
  0.35283125 0.21680308 0.         0.         0.         0.
  0.         0.16624335 0.         0.         0.23233721 0.21680308
  0.23221395 0.         0.52120154 0.23221395 0.         0.24052941
  0.23221395 0.         0.24882876 0.2249411  0.23221395 0.
  0.         0.         0.         0.         0.         0.26864611
  0.16412844 0.         0.         0.         0.23259321 0.
  0.         0.         0.         0.24811786 0.         0.
  0.         0.         0.21680308 0.21680308 0.         0.
  0.22501569 0.23221395 0.21680308 0.         0.33188193 0.
  0.         0.         0.23221395 0.         0.         0.
  0.1981712  0.         0.         0.         0.         0.26239101
  0.         0.21680308 0.         0.16199724 0.8        0.
  0.24811786 0.         0.         0.         0.         0.
  0.         0.         0.         0.         0.         0.26239101
  0.         0.20108995 0.21680308 0.20618598 0.         0.
  0.23221395 0.         0.         0.         0.         0.
  0.         0.24811786 0.         0.         0.         0.
  0.26239101 0.         0.21680308 0.         0.         0.
  0.         0.         0.20618598 0.21680308 0.         0.
  0.35283125 0.         0.23221395 0.         0.23037372 0.23221395
  0.24811786 0.22140631 0.         0.         0.8        0.
  0.         0.         0.         0.23221395 0.         0.
  0.         0.23420424 0.         0.20267889 0.         0.
  0.         0.23246047 0.         0.         0.         0.
  0.         0.         0.21680308 0.23343399 0.         0.21680308
  0.24811786 0.23237837 0.         0.23343399 0.         0.
  0.52120154 0.         0.         0.         0.         0.22530946
  0.23401893 0.         0.         0.23221395 0.         0.
  0.         0.         0.         0.         0.         1.
  0.         0.         0.         0.         0.         0.22732984
  0.         0.         0.         0.         0.22828683 0.
  0.         0.         0.         0.53119551 0.         0.
  0.         0.         0.         0.16412844 0.         0.
  0.         0.         0.         0.         0.         0.
  0.         0.         0.         0.23221395 0.         0.
  0.21680308 0.21680308 0.         0.         0.         0.
  0.         0.22393477 0.         0.         0.         0.
  0.         0.         0.         0.         0.         0.21680308
  0.         0.         0.         0.         0.         0.
  0.         0.         0.         0.         0.         0.
  0.23697015 0.         0.         0.         0.         0.
  0.23343399 0.         0.24028917 0.         0.         0.22540619
  0.20618598 0.         0.         0.         0.         0.
  0.         0.         0.         0.21680308 0.1981712  0.
  0.23343399 0.24526047 0.         0.         0.         0.
  0.23221395 0.         0.         0.         0.         0.
  0.20618598 0.         0.         0.24811786 0.         0.
  0.         0.         0.         0.         0.23221395 0.24016591
  0.         0.         0.         0.23221395 0.23221395 0.
  0.23221395 0.         0.21680308 0.         0.         0.
  0.         0.         0.         0.         0.         0.
  0.        ]]"
"[[0.         0.         0.         0.         0.         0.
  0.         0.         0.         0.         0.         0.
  0.         0.         0.         0.256      0.         0.09014012
  0.         0.         0.         0.         0.         0.
  0.         0.         0.256      0.256      0.         0.
  0.256      0.         0.         0.         0.         0.
  0.         0.         0.         0.256      0.         0.
  0.         0.256      0.         0.         0.         0.
  0.         0.         0.256      0.         0.         0.
  0.         0.64       0.         0.         0.         0.
  0.64       0.34253503 0.256      0.         0.         0.
  0.         0.         0.         0.         0.         0.64
  0.         0.         0.256      0.         0.         0.
  0.         0.         0.         0.         0.         0.
  0.         0.         0.         0.         0.         0.
  0.         0.64       0.         0.         0.         0.
  0.         0.         0.64       0.         0.         0.
  0.         0.09551002 0.         0.         0.64       0.
  0.         0.         0.         0.09551002 0.04868355 0.
  0.04868355 0.         0.         0.06248139 0.         0.06248139
  0.         0.         0.         0.         0.         0.64
  0.         0.256      0.         0.         0.         0.
  0.         0.         0.         0.         0.         0.64
  0.8        0.         0.         0.         0.         0.
  0.64       0.         0.         0.256      0.         0.
  0.         0.09014012 0.         0.         0.         0.09551002
  0.256      0.         0.         0.64       0.         0.
  0.         0.         0.04868355 0.         0.         0.
  0.256      0.         0.09014012 0.256      0.         0.
  0.         0.         0.         0.         0.         0.
  0.         0.8        0.         0.         0.         0.
  0.72       0.         0.256      0.         0.         0.
  0.         0.         0.256      0.         0.         0.
  0.64       0.         0.         0.         0.         0.64
  0.         0.         0.         0.         0.         0.
  0.         0.         0.         0.         0.         0.
  0.64       0.         0.         0.09551002 0.         0.
  0.         0.8        0.09551002 0.32       0.         0.
  0.64       0.         0.         0.         0.         0.
  0.         0.64       0.8        0.         0.         0.256
  0.         0.256      0.         0.8        0.09551002 0.
  0.         0.         0.         0.         0.         0.24338004
  0.         0.256      0.         0.         0.         0.34253503
  0.64       0.         0.         0.256      0.03183667 0.
  0.         0.         0.         0.256      0.256      0.
  0.         0.         0.         0.         0.         0.
  0.         0.         0.         0.         0.         0.
  0.         0.         0.64       0.         0.         0.64
  0.256      0.09551002 0.         0.         0.         0.64
  0.         0.         0.         0.         0.         0.
  0.256      0.         0.         0.         0.         0.02645056
  0.         0.03295268 0.         0.         0.         0.
  0.         0.         0.256      0.         0.64       0.256
  0.         0.         0.256      0.05392717 0.256      0.
  0.         0.         0.256      0.         0.         0.
  0.         0.         0.8        0.         0.         0.
  1.         0.         0.         0.09551002 0.8        0.
  0.         0.09551002 0.         0.         0.         0.
  0.04868355 0.         0.         0.         0.64       0.64
  0.256      0.         0.8        0.         0.8        0.256
  0.64       0.         0.         0.         0.         0.09551002
  0.8        0.         0.         0.         0.         0.64
  0.         0.         0.64       0.256      0.64       0.8
  0.         0.         0.8        0.09551002 0.         0.09551002
  0.         0.         0.64       0.         0.04408427 0.
  0.09551002 0.         0.03295268 0.03295268 0.         0.
  0.         0.         0.         0.256      0.         0.
  0.         0.         0.36507006 0.         0.09551002 0.
  0.         0.         0.         0.         0.         0.
  0.         0.256      0.         0.09551002 0.09551002 0.
  0.         0.256      0.         0.         0.         0.
  0.         0.         0.         0.         0.8        0.40788717
  0.         0.         0.         0.         0.         0.
  0.         0.256      0.256      0.         0.         0.
  0.         0.         0.         0.         0.         0.
  0.64       0.8        0.         0.         0.         0.
  0.         0.         0.         0.         0.         0.06102698
  0.256      0.         0.         0.         0.         0.
  0.        ]]"
"[[0.         0.         0.         0.         0.         0.
  0.         0.         0.         0.         0.         0.
  0.         0.         0.         0.         0.         0.
  0.8        0.         0.         0.8        0.         0.
  0.         0.         0.         0.         0.18027303 0.
  0.         0.1714402  0.         0.         0.         0.
  0.         0.8        0.         0.         0.8        0.
  0.         0.         0.08535929 0.         0.         0.
  0.         0.         0.         0.         0.         0.
  0.         0.         0.         0.         0.12027214 0.
  0.         0.         0.         0.         0.         0.8
  0.         0.         0.         0.         0.         0.
  0.         0.         0.         0.         0.         0.
  0.         0.         0.8        0.8        0.12856171 0.
  0.         0.         0.         0.16985201 0.         0.8
  0.         0.         0.         0.         0.         0.
  0.8        0.         0.         0.8        0.         0.
  0.         0.         0.         0.         0.         0.
  0.8        0.8        0.         0.         0.         0.
  0.         0.         0.         0.         0.         0.
  0.         0.         0.08526979 0.         0.         0.
  0.         0.         0.         0.         0.8        0.
  0.         0.         0.         0.         0.         0.
  0.         0.         0.         0.11346386 0.8        0.
  0.         0.         0.         0.         0.         0.
  0.         0.         0.         0.         0.         0.
  0.         0.         0.         0.         0.         0.8
  0.         0.         0.         0.         0.         0.8
  0.         0.         0.         0.         0.         0.
  0.         0.8        0.         0.         0.         0.
  0.         0.         0.         0.         0.         0.08535929
  0.         0.         0.         0.07191812 0.         0.
  0.         0.         0.         0.         0.         0.
  0.         0.         0.         0.         0.         0.
  0.8        0.         0.         0.         0.8        0.8
  0.         0.         0.         0.         0.         0.
  0.         0.         0.         0.         0.         0.
  0.         0.         0.         0.         0.         0.
  0.         0.         0.         0.         0.         0.
  0.         0.         0.         0.         0.         0.
  0.         0.         0.06428085 0.         0.         0.
  0.8        0.         0.         0.         0.8        0.
  0.         0.         0.12869422 0.         0.11497495 0.
  0.         0.         0.         0.         0.         0.
  0.         0.         0.         0.         0.         0.
  0.         0.         0.         0.         0.         0.
  0.         0.         0.         0.         0.         0.
  0.         0.         0.         0.         0.         0.
  0.         0.         0.         0.         0.8        0.
  0.         0.         0.         0.         0.         0.
  0.         0.         0.8        0.         0.08719264 0.
  0.8        0.         0.         0.         0.         0.
  0.         0.         0.         0.         0.         0.
  0.         0.         0.         0.         0.         0.
  0.         0.         0.         0.         0.         0.
  0.18027303 0.8        0.         0.         0.         0.
  0.         1.         0.8        0.         0.         0.
  0.         0.         0.         0.         0.         0.
  0.         0.         0.8        0.         0.         0.
  0.         0.8        0.         0.         0.         0.
  0.         0.         0.         0.8        0.         0.
  0.         0.         0.         0.         0.         0.
  0.         0.         0.         0.         0.         0.
  0.08297931 0.         0.         0.         0.         0.
  0.         0.         0.         0.         0.         0.
  0.         0.8        0.         0.         0.         0.
  0.08630174 0.         0.         0.         0.8        0.8
  0.         0.         0.         0.         0.         0.
  0.         0.         0.         0.         0.         0.
  0.         0.         0.8        0.         0.         0.
  0.         0.         0.1714402  0.         0.         0.8
  0.         0.         0.8        0.         0.         0.
  0.         0.         0.09648754 0.         0.8        0.
  0.         0.         0.         0.         0.09648754 0.
  0.         0.         0.         0.         0.         0.
  0.         0.         0.         0.         0.         0.
  0.         0.09958583 0.         0.8        0.         0.
  0.         0.         0.         0.         0.11027147 0.
  0.        ]]"
"[[0.         0.         0.         0.         0.         0.
  0.         0.         0.         0.         0.         0.
  0.         0.         0.         0.         0.         0.
  0.8        0.         0.         0.8        0.         0.
  0.         0.         0.         0.         0.18027303 0.
  0.         0.1714402  0.         0.         0.         0.
  0.         0.8        0.         0.         0.8        0.
  0.         0.         0.08535929 0.         0.         0.
  0.         0.         0.         0.         0.         0.
  0.         0.         0.         0.         0.12027214 0.
  0.         0.         0.         0.         0.         0.8
  0.         0.         0.         0.         0.         0.
  0.         0.         0.         0.         0.         0.
  0.         0.         0.8        0.8        0.12856171 0.
  0.         0.         0.         0.16985201 0.         0.8
  0.         0.         0.         0.         0.         0.
  0.8        0.         0.         0.8        0.         0.
  0.         0.         0.         0.         0.         0.
  0.8        0.8        0.         0.         0.         0.
  0.         0.         0.         0.         0.         0.
  0.         0.         0.08526979 0.         0.         0.
  0.         0.         0.         0.         0.8        0.
  0.         0.         0.         0.         0.         0.
  0.         0.         0.         0.11346386 0.8        0.
  0.         0.         0.         0.         0.         0.
  0.         0.         0.         0.         0.         0.
  0.         0.         0.         0.         0.         0.8
  0.         0.         0.         0.         0.         0.8
  0.         0.         0.         0.         0.         0.
  0.         0.8        0.         0.         0.         0.
  0.         0.         0.         0.         0.         0.08535929
  0.         0.         0.         0.07191812 0.         0.
  0.         0.         0.         0.         0.         0.
  0.         0.         0.         0.         0.         0.
  0.8        0.         0.         0.         0.8        0.8
  0.         0.         0.         0.         0.         0.
  0.         0.         0.         0.         0.         0.
  0.         0.         0.         0.         0.         0.
  0.         0.         0.         0.         0.         0.
  0.         0.         0.         0.         0.         0.
  0.         0.         0.06428085 0.         0.         0.
  0.8        0.         0.         0.         0.8        0.
  0.         0.         0.12869422 0.         0.11497495 0.
  0.         0.         0.         0.         0.         0.
  0.         0.         0.         0.         0.         0.
  0.         0.         0.         0.         0.         0.
  0.         0.         0.         0.         0.         0.
  0.         0.         0.         0.         0.         0.
  0.         0.         0.         0.         0.8        0.
  0.         0.         0.         0.         0.         0.
  0.         0.         0.8        0.         0.08719264 0.
  0.8        0.         0.         0.         0.         0.
  0.         0.         0.         0.         0.         0.
  0.         0.         0.         0.         0.         0.
  0.         0.         0.         0.         0.         0.
  0.18027303 0.8        0.         0.         0.         0.
  0.         0.8        1.         0.         0.         0.
  0.         0.         0.         0.         0.         0.
  0.         0.         0.8        0.         0.         0.
  0.         0.8        0.         0.         0.         0.
  0.         0.         0.         0.8        0.         0.
  0.         0.         0.         0.         0.         0.
  0.         0.         0.         0.         0.         0.
  0.08297931 0.         0.         0.         0.         0.
  0.         0.         0.         0.         0.         0.
  0.         0.8        0.         0.         0.         0.
  0.08630174 0.         0.         0.         0.8        0.8
  0.         0.         0.         0.         0.         0.
  0.         0.         0.         0.         0.         0.
  0.         0.         0.8        0.         0.         0.
  0.         0.         0.1714402  0.         0.         0.8
  0.         0.         0.8        0.         0.         0.
  0.         0.         0.09648754 0.         0.8        0.
  0.         0.         0.         0.         0.09648754 0.
  0.         0.         0.         0.         0.         0.
  0.         0.         0.         0.         0.         0.
  0.         0.09958583 0.         0.8        0.         0.
  0.         0.         0.         0.         0.11027147 0.
  0.        ]]"
"[[0.         0.         0.         0.         0.         0.
  0.         0.         0.         0.         0.         0.
  0.         0.         0.         0.21333333 0.         0.04621189
  0.         0.         0.         0.         0.         0.
  0.         0.         0.21333333 0.21333333 0.         0.11940134
  0.21333333 0.         0.         0.         0.         0.
  0.         0.         0.         0.21333333 0.         0.
  0.         0.21333333 0.         0.         0.         0.
  0.         0.         0.21333333 0.         0.         0.
  0.         0.09551002 0.         0.         0.         0.
  0.09551002 0.09078023 0.21333333 0.         0.         0.
  0.         0.         0.         0.         0.         0.09551002
  0.         0.         0.21333333 0.         0.         0.
  0.         0.         0.         0.         0.         0.
  0.         0.         0.         0.         0.         0.
  0.         0.09551002 0.         0.         0.         0.
  0.         0.         0.09551002 0.         0.         0.
  0.         0.43878689 0.11940134 0.         0.09551002 0.
  0.         0.         0.         0.8        0.05117994 0.
  0.05117994 0.         0.         0.09494043 0.         0.09494043
  0.         0.         0.         0.         0.         0.09551002
  0.         0.21333333 0.         0.         0.         0.
  0.         0.         0.         0.         0.         0.09551002
  0.09551002 0.         0.         0.         0.         0.
  0.09551002 0.         0.         0.21333333 0.         0.
  0.         0.04621189 0.         0.         0.         0.8
  0.21333333 0.         0.         0.09551002 0.         0.
  0.         0.         0.05117994 0.         0.10666667 0.
  0.21333333 0.         0.04621189 0.21333333 0.         0.
  0.         0.         0.         0.         0.         0.
  0.         0.09551002 0.         0.         0.         0.
  0.09551002 0.         0.21333333 0.         0.         0.
  0.         0.         0.21333333 0.         0.         0.21333333
  0.09551002 0.         0.         0.         0.         0.09551002
  0.         0.         0.         0.         0.         0.
  0.         0.         0.         0.         0.         0.
  0.09551002 0.         0.         0.8        0.11940134 0.
  0.         0.09551002 0.07757377 0.04775501 0.         0.
  0.09551002 0.         0.         0.         0.         0.
  0.         0.09551002 0.09551002 0.         0.         0.21333333
  0.         0.21333333 0.         0.09551002 0.07757377 0.
  0.         0.         0.         0.         0.         0.04724064
  0.         0.21333333 0.         0.         0.         0.09078023
  0.09551002 0.         0.         0.21333333 0.09696904 0.
  0.         0.         0.         0.21333333 0.21333333 0.
  0.         0.         0.         0.         0.         0.
  0.         0.         0.         0.         0.         0.
  0.         0.         0.09551002 0.         0.         0.09551002
  0.21333333 0.31838252 0.         0.         0.         0.09551002
  0.         0.         0.         0.         0.         0.
  0.21333333 0.         0.         0.         0.         0.06462253
  0.         0.0277926  0.         0.         0.         0.
  0.         0.         0.21333333 0.         0.09551002 0.21333333
  0.         0.         0.21333333 0.05897572 0.21333333 0.
  0.         0.         0.21333333 0.         0.         0.
  0.         0.         0.09551002 0.         0.         0.
  0.09551002 0.         0.         1.         0.09551002 0.
  0.         0.8        0.         0.         0.         0.
  0.05117994 0.         0.         0.         0.09551002 0.09551002
  0.21333333 0.         0.09551002 0.         0.09551002 0.21333333
  0.09551002 0.         0.         0.         0.         0.8
  0.09551002 0.         0.         0.         0.         0.09551002
  0.         0.         0.09551002 0.21333333 0.09551002 0.09551002
  0.         0.         0.09551002 0.8        0.         0.43878689
  0.         0.         0.09551002 0.         0.03659311 0.
  0.8        0.         0.0277926  0.0277926  0.11940134 0.
  0.         0.         0.         0.21333333 0.         0.
  0.         0.         0.07086095 0.         0.43878689 0.
  0.         0.         0.         0.         0.21333333 0.
  0.         0.21333333 0.         0.8        0.07757377 0.
  0.         0.21333333 0.         0.         0.         0.
  0.         0.         0.         0.         0.09551002 0.09052911
  0.         0.         0.         0.         0.         0.
  0.         0.21333333 0.21333333 0.         0.         0.
  0.         0.         0.         0.         0.         0.
  0.09551002 0.09551002 0.         0.         0.         0.
  0.         0.         0.         0.         0.         0.07142535
  0.21333333 0.         0.         0.         0.         0.
  0.        ]]"
"[[0.         0.         0.         0.         0.         0.
  0.         0.         0.         0.         0.         0.
  0.         0.         0.         0.256      0.         0.09014012
  0.         0.         0.         0.         0.         0.
  0.         0.         0.256      0.256      0.         0.
  0.256      0.         0.         0.         0.         0.
  0.         0.         0.         0.256      0.         0.
  0.         0.256      0.         0.         0.         0.
  0.         0.         0.256      0.         0.         0.
  0.         0.64       0.         0.         0.         0.
  0.64       0.34253503 0.256      0.         0.         0.
  0.         0.         0.         0.         0.         0.64
  0.         0.         0.256      0.         0.         0.
  0.         0.         0.         0.         0.         0.
  0.         0.         0.         0.         0.         0.
  0.         0.64       0.         0.         0.         0.
  0.         0.         0.64       0.         0.         0.
  0.         0.09551002 0.         0.         0.64       0.
  0.         0.         0.         0.09551002 0.04868355 0.
  0.04868355 0.         0.         0.06248139 0.         0.06248139
  0.         0.         0.         0.         0.         0.64
  0.         0.256      0.         0.         0.         0.
  0.         0.         0.         0.         0.         0.64
  0.8        0.         0.         0.         0.         0.
  0.64       0.         0.         0.256      0.         0.
  0.         0.09014012 0.         0.         0.         0.09551002
  0.256      0.         0.         0.64       0.         0.
  0.         0.         0.04868355 0.         0.         0.
  0.256      0.         0.09014012 0.256      0.         0.
  0.         0.         0.         0.         0.         0.
  0.         0.8        0.         0.         0.         0.
  0.72       0.         0.256      0.         0.         0.
  0.         0.         0.256      0.         0.         0.
  0.64       0.         0.         0.         0.         0.64
  0.         0.         0.         0.         0.         0.
  0.         0.         0.         0.         0.         0.
  0.64       0.         0.         0.09551002 0.         0.
  0.         0.8        0.09551002 0.32       0.         0.
  0.64       0.         0.         0.         0.         0.
  0.         0.64       0.8        0.         0.         0.256
  0.         0.256      0.         0.8        0.09551002 0.
  0.         0.         0.         0.         0.         0.24338004
  0.         0.256      0.         0.         0.         0.34253503
  0.64       0.         0.         0.256      0.03183667 0.
  0.         0.         0.         0.256      0.256      0.
  0.         0.         0.         0.         0.         0.
  0.         0.         0.         0.         0.         0.
  0.         0.         0.64       0.         0.         0.64
  0.256      0.09551002 0.         0.         0.         0.64
  0.         0.         0.         0.         0.         0.
  0.256      0.         0.         0.         0.         0.02645056
  0.         0.03295268 0.         0.         0.         0.
  0.         0.         0.256      0.         0.64       0.256
  0.         0.         0.256      0.05392717 0.256      0.
  0.         0.         0.256      0.         0.         0.
  0.         0.         0.8        0.         0.         0.
  0.8        0.         0.         0.09551002 1.         0.
  0.         0.09551002 0.         0.         0.         0.
  0.04868355 0.         0.         0.         0.64       0.64
  0.256      0.         0.8        0.         0.8        0.256
  0.64       0.         0.         0.         0.         0.09551002
  0.8        0.         0.         0.         0.         0.64
  0.         0.         0.64       0.256      0.64       0.8
  0.         0.         0.8        0.09551002 0.         0.09551002
  0.         0.         0.64       0.         0.04408427 0.
  0.09551002 0.         0.03295268 0.03295268 0.         0.
  0.         0.         0.         0.256      0.         0.
  0.         0.         0.36507006 0.         0.09551002 0.
  0.         0.         0.         0.         0.         0.
  0.         0.256      0.         0.09551002 0.09551002 0.
  0.         0.256      0.         0.         0.         0.
  0.         0.         0.         0.         0.8        0.40788717
  0.         0.         0.         0.         0.         0.
  0.         0.256      0.256      0.         0.         0.
  0.         0.         0.         0.         0.         0.
  0.64       0.8        0.         0.         0.         0.
  0.         0.         0.         0.         0.         0.06102698
  0.256      0.         0.         0.         0.         0.
  0.        ]]"
"[[0.         0.         0.         0.         0.         0.
  0.         0.         0.         0.         0.         0.
  0.         0.         0.51606583 0.         0.34492509 0.
  0.         0.         0.         0.         0.         0.30735473
  0.         0.         0.         0.         0.         0.
  0.         0.         0.         0.         0.16843339 0.19464363
  0.38318432 0.         0.         0.         0.         0.
  0.         0.         0.         0.         0.50743207 0.51606583
  0.28891397 0.51606583 0.         0.         0.16843339 0.3158431
  0.19464363 0.         0.21428045 0.         0.         0.27342677
  0.         0.         0.         0.         0.         0.
  0.56939916 0.         0.         0.         0.         0.
  0.         0.38318432 0.         0.         0.38318432 0.31052297
  0.         0.3158431  0.         0.         0.         0.38202139
  0.         0.         0.36463126 0.         0.         0.
  0.         0.         0.         0.38318432 0.         0.
  0.         0.         0.         0.         0.51606583 0.19464363
  0.26939782 0.         0.         0.         0.         0.
  0.         0.         0.38318432 0.         0.         0.38318432
  0.         0.         0.50743207 0.         0.         0.
  0.27233936 0.51606583 0.         0.38318432 0.         0.
  0.21377997 0.         0.20973587 0.         0.         0.44472673
  0.23222585 0.21377997 0.         0.         0.         0.
  0.         0.43532429 0.30307684 0.         0.         0.56939916
  0.         0.21377997 0.25579817 0.         0.51606583 0.51606583
  0.         0.         0.22247125 0.38318432 0.31052297 0.
  0.         0.22732984 0.20667046 0.         0.         0.
  0.30109089 0.51606583 0.         0.         0.         0.
  0.         0.15572813 0.         0.         0.42393619 0.51606583
  0.38318432 0.         0.32369783 0.38318432 0.         0.28804139
  0.38318432 0.         0.33632456 0.23759683 0.38318432 0.
  0.         0.         0.         0.         0.         0.28978742
  0.28619175 0.         0.         0.         0.50743207 0.
  0.         0.         0.         0.19464363 0.         0.
  0.         0.         0.51606583 0.56939916 0.         0.
  0.23443762 0.38318432 0.51606583 0.         0.3013746  0.
  0.         0.         0.38318432 0.         0.         0.
  0.33468803 0.         0.         0.         0.         0.31052297
  0.         0.51606583 0.         0.16843339 0.22732984 0.
  0.19464363 0.         0.         0.         0.         0.
  0.         0.         0.         0.         0.         0.31052297
  0.         0.22334433 0.51606583 0.30307684 0.         0.
  0.38318432 0.         0.         0.         0.         0.
  0.         0.19464363 0.         0.         0.         0.
  0.31052297 0.         0.56939916 0.         0.         0.
  0.         0.         0.30307684 0.51606583 0.         0.
  0.30109089 0.         0.38318432 0.         0.27406452 0.38318432
  0.19464363 0.1640148  0.         0.         0.22732984 0.
  0.         0.         0.         0.38318432 0.         0.
  0.         0.2562781  0.         0.31931107 0.         0.
  0.         0.38202139 0.         0.         0.         0.
  0.         0.         0.51606583 0.21377997 0.         0.51606583
  0.19464363 0.18021097 0.         0.21377997 0.         0.
  0.32369783 0.         0.         0.         0.         0.24561861
  0.23795011 0.         0.         0.38318432 0.         0.
  0.         0.         0.         0.         0.         0.22732984
  0.         0.         0.         0.         0.         1.
  0.         0.         0.         0.         0.22999268 0.
  0.         0.         0.         0.2689264  0.         0.
  0.         0.         0.         0.28619175 0.         0.
  0.         0.         0.         0.         0.         0.
  0.         0.         0.         0.38318432 0.         0.
  0.51606583 0.51606583 0.         0.         0.         0.
  0.         0.28584675 0.         0.         0.         0.
  0.         0.         0.         0.         0.         0.51606583
  0.         0.         0.         0.         0.         0.
  0.         0.         0.         0.         0.         0.
  0.38818464 0.         0.         0.         0.         0.
  0.21377997 0.         0.25099918 0.         0.         0.21945932
  0.30307684 0.         0.         0.         0.         0.
  0.         0.         0.         0.56939916 0.33468803 0.
  0.21377997 0.30735473 0.         0.         0.         0.
  0.38318432 0.         0.         0.         0.         0.
  0.30307684 0.         0.         0.19464363 0.         0.
  0.         0.         0.         0.         0.38318432 0.28891397
  0.         0.         0.         0.38318432 0.38318432 0.
  0.38318432 0.         0.51606583 0.         0.         0.
  0.         0.         0.         0.         0.         0.
  0.        ]]"
"[[0.         0.         0.         0.         0.         0.
  0.         0.         0.         0.         0.         0.
  0.         0.         0.         0.         0.         0.
  0.         0.         0.         0.         0.         0.
  0.         0.         0.         0.         0.         0.
  0.         0.         0.         0.         0.         0.
  0.         0.         0.13952609 0.         0.         0.
  0.         0.         0.         0.         0.         0.
  0.         0.         0.         0.         0.         0.
  0.         0.         0.         0.         0.         0.
  0.         0.         0.         0.         0.         0.
  0.         0.         0.         0.06723239 0.         0.
  0.         0.         0.         0.         0.         0.
  0.         0.         0.         0.         0.         0.
  0.         0.         0.         0.         0.         0.
  0.         0.         0.         0.         0.         0.
  0.         0.         0.         0.         0.         0.
  0.         0.         0.         0.         0.         0.
  0.         0.         0.         0.         0.         0.
  0.         0.         0.         0.         0.         0.
  0.         0.         0.         0.         0.         0.
  0.         0.         0.         0.         0.         0.
  0.         0.         0.2820771  0.         0.         0.
  0.         0.         0.         0.         0.         0.
  0.         0.         0.         0.         0.         0.
  0.         0.         0.         0.         0.         0.
  0.         0.         0.         0.         0.         0.
  0.         0.         0.         0.         0.         0.
  0.         0.         0.         0.         0.         0.
  0.         0.         0.         0.         0.         0.
  0.         0.         0.         0.         0.         0.
  0.         0.         0.         0.         0.         0.
  0.         0.         0.         0.         0.         0.
  0.         0.         0.         0.         0.         0.
  0.         0.         0.         0.         0.         0.
  0.         0.         0.         0.         0.         0.4
  0.         0.         0.         0.         0.         0.
  0.         0.         0.         0.         0.         0.
  0.         0.         0.         0.         0.         0.
  0.         0.         0.         0.         0.         0.
  0.         0.         0.         0.         0.         0.
  0.         0.         0.         0.         0.         0.
  0.         0.         0.         0.         0.         0.
  0.         0.         0.         0.         0.         0.15886662
  0.         0.         0.         0.         0.         0.
  0.         0.         0.         0.         0.         0.
  0.         0.06348911 0.         0.         0.         0.
  0.         0.         0.         0.13952609 0.         0.
  0.         0.         0.         0.         0.         0.
  0.         0.         0.         0.         0.19972053 0.
  0.         0.         0.         0.         0.         0.
  0.         0.         0.         0.         0.         0.
  0.         0.         0.         0.         0.         0.
  0.         0.         0.         0.         0.         0.
  0.         0.         0.         0.         0.         0.
  0.         0.         0.         0.         0.         0.
  0.         0.         0.         0.         0.         0.
  1.         0.         0.         0.         0.         0.
  0.         0.4        0.         0.         0.         0.
  0.         0.         0.         0.         0.         0.
  0.         0.11564337 0.         0.         0.         0.
  0.         0.         0.         0.         0.         0.
  0.         0.         0.         0.         0.         0.
  0.         0.         0.         0.         0.         0.
  0.         0.         0.         0.         0.         0.
  0.         0.         0.         0.         0.         0.
  0.         0.         0.         0.         0.         0.
  0.         0.         0.         0.         0.         0.
  0.         0.06348911 0.         0.06312187 0.         0.
  0.         0.         0.         0.         0.         0.06723239
  0.         0.         0.         0.         0.         0.
  0.         0.         0.         0.         0.         0.
  0.         0.06348911 0.         0.         0.         0.
  0.         0.         0.         0.         0.         0.
  0.         0.         0.         0.         0.         0.
  0.         0.         0.14831019 0.         0.         0.17754459
  0.         0.         0.         0.         0.         0.
  0.         0.         0.         0.         0.         0.
  0.        ]]"
"[[0.         0.         0.         0.         0.         0.
  0.         0.         0.         0.         0.         0.
  0.         0.         0.         0.21333333 0.         0.04621189
  0.         0.         0.         0.         0.         0.
  0.         0.         0.21333333 0.21333333 0.         0.11940134
  0.21333333 0.         0.         0.         0.         0.
  0.         0.         0.         0.21333333 0.         0.
  0.         0.21333333 0.         0.         0.         0.
  0.         0.         0.21333333 0.         0.         0.
  0.         0.09551002 0.         0.         0.         0.
  0.09551002 0.09078023 0.21333333 0.         0.         0.
  0.         0.         0.         0.         0.         0.09551002
  0.         0.         0.21333333 0.         0.         0.
  0.         0.         0.         0.         0.         0.
  0.         0.         0.         0.         0.         0.
  0.         0.09551002 0.         0.         0.         0.
  0.         0.         0.09551002 0.         0.         0.
  0.         0.43878689 0.11940134 0.         0.09551002 0.
  0.         0.         0.         0.8        0.05117994 0.
  0.05117994 0.         0.         0.09494043 0.         0.09494043
  0.         0.         0.         0.         0.         0.09551002
  0.         0.21333333 0.         0.         0.         0.
  0.         0.         0.         0.         0.         0.09551002
  0.09551002 0.         0.         0.         0.         0.
  0.09551002 0.         0.         0.21333333 0.         0.
  0.         0.04621189 0.         0.         0.         0.8
  0.21333333 0.         0.         0.09551002 0.         0.
  0.         0.         0.05117994 0.         0.10666667 0.
  0.21333333 0.         0.04621189 0.21333333 0.         0.
  0.         0.         0.         0.         0.         0.
  0.         0.09551002 0.         0.         0.         0.
  0.09551002 0.         0.21333333 0.         0.         0.
  0.         0.         0.21333333 0.         0.         0.21333333
  0.09551002 0.         0.         0.         0.         0.09551002
  0.         0.         0.         0.         0.         0.
  0.         0.         0.         0.         0.         0.
  0.09551002 0.         0.         0.8        0.11940134 0.
  0.         0.09551002 0.07757377 0.04775501 0.         0.
  0.09551002 0.         0.         0.         0.         0.
  0.         0.09551002 0.09551002 0.         0.         0.21333333
  0.         0.21333333 0.         0.09551002 0.07757377 0.
  0.         0.         0.         0.         0.         0.04724064
  0.         0.21333333 0.         0.         0.         0.09078023
  0.09551002 0.         0.         0.21333333 0.09696904 0.
  0.         0.         0.         0.21333333 0.21333333 0.
  0.         0.         0.         0.         0.         0.
  0.         0.         0.         0.         0.         0.
  0.         0.         0.09551002 0.         0.         0.09551002
  0.21333333 0.31838252 0.         0.         0.         0.09551002
  0.         0.         0.         0.         0.         0.
  0.21333333 0.         0.         0.         0.         0.06462253
  0.         0.0277926  0.         0.         0.         0.
  0.         0.         0.21333333 0.         0.09551002 0.21333333
  0.         0.         0.21333333 0.05897572 0.21333333 0.
  0.         0.         0.21333333 0.         0.         0.
  0.         0.         0.09551002 0.         0.         0.
  0.09551002 0.         0.         0.8        0.09551002 0.
  0.         1.         0.         0.         0.         0.
  0.05117994 0.         0.         0.         0.09551002 0.09551002
  0.21333333 0.         0.09551002 0.         0.09551002 0.21333333
  0.09551002 0.         0.         0.         0.         0.8
  0.09551002 0.         0.         0.         0.         0.09551002
  0.         0.         0.09551002 0.21333333 0.09551002 0.09551002
  0.         0.         0.09551002 0.8        0.         0.43878689
  0.         0.         0.09551002 0.         0.03659311 0.
  0.8        0.         0.0277926  0.0277926  0.11940134 0.
  0.         0.         0.         0.21333333 0.         0.
  0.         0.         0.07086095 0.         0.43878689 0.
  0.         0.         0.         0.         0.21333333 0.
  0.         0.21333333 0.         0.8        0.07757377 0.
  0.         0.21333333 0.         0.         0.         0.
  0.         0.         0.         0.         0.09551002 0.09052911
  0.         0.         0.         0.         0.         0.
  0.         0.21333333 0.21333333 0.         0.         0.
  0.         0.         0.         0.         0.         0.
  0.09551002 0.09551002 0.         0.         0.         0.
  0.         0.         0.         0.         0.         0.07142535
  0.21333333 0.         0.         0.         0.         0.
  0.        ]]"
"[[0.  0.  0.  0.  0.  0.  0.  0.  0.  0.  0.  0.  0.  0.  0.  0.  0.  0.
  0.  0.  0.  0.  0.  0.  0.  0.  0.  0.  0.  0.  0.  0.  0.  0.  0.  0.
  0.  0.  0.  0.  0.  0.  0.  0.  0.  0.  0.  0.  0.  0.  0.  0.  0.  0.
  0.  0.  0.  0.  0.  0.  0.  0.  0.  0.  0.  0.  0.  0.8 0.  0.  0.  0.
  0.  0.  0.  0.  0.  0.  0.  0.  0.  0.  0.  0.  0.  0.  0.  0.  0.  0.
  0.  0.  0.  0.  0.  0.  0.  0.  0.  0.  0.  0.  0.  0.  0.  0.  0.  0.
  0.  0.  0.  0.  0.  0.  0.  0.  0.  0.  0.8 0.  0.  0.  0.  0.  0.  0.
  0.  0.  0.  0.  0.  0.  0.  0.  0.  0.  0.8 0.  0.  0.  0.  0.  0.  0.
  0.  0.  0.  0.  0.  0.  0.  0.  0.  0.  0.  0.  0.  0.  0.  0.  0.  0.
  0.  0.  0.  0.  0.  0.  0.  0.  0.  0.  0.  0.  0.  0.  0.  0.  0.  0.
  0.  0.  0.  0.  0.  0.  0.  0.  0.  0.  0.  0.  0.  0.  0.  0.8 0.  0.
  0.  0.  0.  0.  0.  0.  0.  0.  0.  0.  0.  0.  0.  0.  0.  0.  0.  0.
  0.  0.  0.  0.  0.  0.  0.  0.  0.  0.  0.8 0.  0.  0.  0.  0.  0.  0.
  0.  0.  0.  0.  0.8 0.  0.8 0.  0.  0.  0.  0.  0.  0.  0.  0.  0.  0.
  0.  0.  0.  0.8 0.  0.  0.  0.  0.8 0.  0.  0.  0.  0.  0.  0.  0.  0.
  0.8 0.  0.  0.  0.  0.  0.  0.  0.  0.  0.  0.  0.  0.  0.  0.  0.  0.
  0.  0.  0.  0.  0.  0.  0.  0.  0.8 0.  0.  0.  0.  0.  0.  0.  0.  0.
  0.  0.  0.  0.  0.  0.  0.  0.  0.  0.  0.  0.  0.  0.  0.  0.  0.  0.
  0.  0.  0.  0.  0.  0.  0.  0.  0.  0.8 0.  0.  0.  0.  0.  0.  0.  0.
  0.  0.  1.  0.  0.  0.  0.  0.  0.  0.  0.  0.  0.  0.  0.  0.  0.  0.
  0.  0.  0.  0.  0.  0.  0.  0.  0.  0.  0.  0.  0.  0.  0.  0.  0.  0.
  0.  0.  0.  0.  0.8 0.  0.  0.  0.  0.  0.  0.  0.  0.  0.  0.  0.  0.
  0.  0.  0.8 0.  0.  0.  0.  0.8 0.  0.  0.  0.  0.  0.  0.  0.  0.  0.
  0.  0.  0.  0.  0.  0.  0.  0.  0.  0.  0.  0.  0.  0.  0.  0.  0.  0.
  0.  0.  0.  0.  0.  0.  0.  0.  0.  0.  0.  0.  0.  0.  0.  0.  0.  0.
  0.  0.  0.  0.  0.  0.  0.  0.  0.  0.  0.  0.  0.  0.  0.  0.  0.  0.
  0. ]]"
"[[0.         0.         0.         0.         0.         0.
  0.         0.         0.         0.         0.         0.
  0.         0.         0.         0.         0.         0.
  0.         0.         0.         0.         0.         0.
  0.         0.32       0.         0.         0.         0.
  0.         0.         0.29866667 0.         0.         0.
  0.         0.         0.         0.         0.         0.
  0.         0.         0.         0.         0.         0.
  0.         0.         0.         0.8        0.         0.
  0.         0.         0.         0.256      0.         0.
  0.         0.         0.         0.17066667 0.256      0.
  0.         0.         0.         0.         0.29866667 0.
  0.8        0.         0.         0.8        0.         0.
  0.256      0.         0.         0.         0.         0.
  0.256      0.256      0.         0.         0.         0.
  0.         0.         0.         0.         0.         0.256
  0.         0.8        0.         0.         0.         0.
  0.         0.         0.         0.256      0.         0.
  0.         0.         0.         0.         0.         0.
  0.         0.256      0.         0.         0.         0.
  0.         0.         0.         0.         0.         0.
  0.         0.         0.         0.32       0.         0.
  0.         0.         0.         0.         0.         0.
  0.         0.         0.         0.         0.         0.
  0.         0.         0.         0.         0.         0.
  0.         0.         0.         0.         0.         0.
  0.         0.         0.         0.         0.         0.
  0.         0.         0.         0.         0.         0.
  0.         0.         0.         0.         0.         0.
  0.         0.         0.         0.         0.256      0.
  0.         0.         0.         0.         0.         0.
  0.         0.         0.         0.         0.         0.
  0.         0.256      0.         0.         0.         0.
  0.         0.32       0.         0.         0.         0.
  0.         0.17066667 0.         0.         0.         0.
  0.         0.         0.         0.256      0.         0.
  0.         0.10666667 0.         0.         0.         0.
  0.         0.         0.         0.         0.         0.
  0.         0.         0.17066667 0.         0.         0.10666667
  0.         0.         0.         0.256      0.         0.
  0.         0.         0.         0.         0.         0.
  0.         0.         0.         0.         0.         0.
  0.         0.         0.         0.         0.         0.
  0.         0.         0.         0.         0.         0.
  0.         0.         0.         0.         0.         0.256
  0.         0.         0.         0.         0.17066667 0.
  0.         0.         0.         0.256      0.         0.
  0.         0.         0.         0.         0.         0.
  0.         0.         0.256      0.         0.         0.
  0.10666667 0.         0.         0.         0.         0.29866667
  0.         0.         0.         0.256      0.         0.
  0.         0.         0.         0.         0.256      0.
  0.         0.         0.         0.         0.         0.
  0.         0.         0.         0.         0.         0.
  0.         0.         0.         0.         0.29866667 0.
  0.         0.         0.         0.         0.10666667 0.
  0.         0.         0.         0.         0.         0.
  0.         0.         0.         1.         0.         0.
  0.         0.         0.         0.         0.         0.
  0.         0.         0.         0.         0.         0.
  0.         0.         0.256      0.         0.8        0.
  0.         0.         0.256      0.         0.         0.
  0.         0.         0.         0.         0.         0.
  0.         0.         0.         0.         0.         0.
  0.         0.8        0.         0.17066667 0.         0.
  0.         0.         0.         0.         0.         0.256
  0.         0.         0.         0.         0.         0.
  0.         0.         0.         0.17066667 0.         0.256
  0.         0.         0.         0.         0.         0.
  0.         0.         0.         0.         0.         0.
  0.         0.         0.         0.         0.         0.
  0.         0.         0.         0.256      0.         0.
  0.         0.         0.         0.256      0.         0.
  0.         0.         0.         0.         0.         0.
  0.256      0.256      0.         0.         0.         0.
  0.         0.         0.         0.         0.         0.
  0.         0.         0.         0.         0.256      0.
  0.         0.256      0.17066667 0.8        0.         0.
  0.        ]]"
"[[0.         0.         0.         0.         0.         0.
  0.         0.         0.         0.         0.         0.
  0.         0.         0.21967129 0.         0.29085176 0.
  0.         0.         0.         0.         0.         0.326442
  0.         0.         0.         0.         0.         0.
  0.         0.         0.         0.         0.16763207 0.4332127
  0.23220332 0.         0.         0.         0.         0.
  0.         0.         0.         0.         0.23515338 0.21967129
  0.33691853 0.21967129 0.         0.         0.16763207 0.26274641
  0.4332127  0.         0.33629434 0.         0.         0.29553671
  0.         0.         0.         0.         0.         0.
  0.21967129 0.         0.         0.         0.         0.
  0.         0.23220332 0.         0.         0.23220332 0.20180077
  0.         0.26274641 0.         0.         0.         0.326442
  0.         0.         0.2950291  0.         0.         0.
  0.         0.         0.         0.23220332 0.         0.
  0.         0.         0.         0.         0.21967129 0.4332127
  0.30501318 0.         0.         0.         0.         0.
  0.         0.         0.23220332 0.         0.         0.23220332
  0.         0.         0.23515338 0.         0.         0.
  0.29721007 0.21967129 0.         0.23220332 0.         0.
  0.24316197 0.         0.23485656 0.         0.         0.28079769
  0.33756207 0.24316197 0.         0.         0.         0.
  0.         0.2332865  0.21085975 0.         0.         0.21967129
  0.         0.24316197 0.28897339 0.         0.21967129 0.21967129
  0.         0.         0.39342126 0.23220332 0.20180077 0.
  0.         0.22828683 0.3576064  0.         0.         0.
  0.25700314 0.21967129 0.         0.         0.         0.
  0.         0.16387329 0.         0.         0.28049897 0.21967129
  0.23220332 0.         0.22397906 0.23220332 0.         0.24630129
  0.23220332 0.         0.26858901 0.32400637 0.23220332 0.
  0.         0.         0.         0.         0.         0.27351518
  0.17378396 0.         0.         0.         0.23515338 0.
  0.         0.         0.         0.4332127  0.         0.
  0.         0.         0.21967129 0.21967129 0.         0.
  0.32985338 0.23220332 0.21967129 0.         0.25041123 0.
  0.         0.         0.23220332 0.         0.         0.
  0.20299364 0.         0.         0.         0.         0.20180077
  0.         0.21967129 0.         0.16763207 0.22828683 0.
  0.44163375 0.         0.         0.         0.         0.
  0.         0.         0.         0.         0.         0.20180077
  0.         0.19607625 0.21967129 0.21085975 0.         0.
  0.23220332 0.         0.         0.         0.         0.
  0.         0.4332127  0.         0.         0.         0.
  0.20180077 0.         0.21967129 0.         0.         0.
  0.         0.         0.21085975 0.21967129 0.         0.
  0.25700314 0.         0.23220332 0.         0.29402058 0.23220332
  0.4332127  0.32059339 0.         0.         0.22828683 0.
  0.         0.         0.         0.23220332 0.         0.
  0.         0.32913662 0.         0.23675086 0.         0.
  0.         0.326442   0.         0.         0.         0.
  0.         0.         0.21967129 0.24316197 0.         0.21967129
  0.4332127  0.371779   0.         0.24316197 0.         0.
  0.22397906 0.         0.         0.         0.         0.32619079
  0.36236995 0.         0.         0.23220332 0.         0.
  0.         0.         0.         0.         0.         0.22828683
  0.         0.         0.         0.         0.         0.22999268
  0.         0.         0.         0.         1.         0.
  0.         0.         0.         0.2150438  0.         0.
  0.         0.         0.         0.17378396 0.         0.
  0.         0.         0.         0.         0.         0.
  0.         0.         0.         0.23220332 0.         0.
  0.21967129 0.21967129 0.         0.         0.         0.
  0.         0.29365584 0.         0.         0.         0.
  0.         0.         0.         0.         0.         0.21967129
  0.         0.         0.         0.         0.         0.
  0.         0.         0.         0.         0.         0.
  0.26646199 0.         0.         0.         0.         0.
  0.24316197 0.         0.38266163 0.         0.         0.36004775
  0.21085975 0.         0.         0.         0.         0.
  0.         0.         0.         0.21967129 0.20299364 0.
  0.24316197 0.326442   0.         0.         0.         0.
  0.23220332 0.         0.         0.         0.         0.
  0.21085975 0.         0.         0.4332127  0.         0.
  0.         0.         0.         0.         0.23220332 0.33691853
  0.         0.         0.         0.23220332 0.23220332 0.
  0.23220332 0.         0.21967129 0.         0.         0.
  0.         0.         0.         0.         0.         0.
  0.        ]]"
"[[0.         0.         0.         0.         0.         0.
  0.         0.         0.         0.         0.         0.
  0.         0.         0.         0.         0.         0.
  0.         0.         0.         0.         0.         0.
  0.         0.         0.         0.         0.         0.
  0.         0.         0.         0.         0.         0.
  0.         0.         0.         0.         0.         0.
  0.         0.         0.         0.59238025 0.         0.
  0.         0.         0.         0.         0.         0.
  0.         0.         0.         0.         0.         0.
  0.         0.         0.         0.         0.         0.
  0.         0.         0.         0.         0.         0.
  0.         0.         0.         0.         0.         0.
  0.         0.         0.         0.         0.         0.
  0.         0.         0.         0.         0.8        0.
  0.         0.         0.         0.         0.         0.
  0.         0.         0.         0.         0.         0.
  0.         0.         0.         0.         0.         0.
  0.         0.         0.         0.         0.         0.
  0.         0.         0.         0.         0.         0.
  0.         0.         0.         0.         0.28099632 0.
  0.         0.         0.         0.         0.         0.
  0.         0.         0.         0.         0.         0.
  0.         0.         0.         0.         0.         0.
  0.         0.         0.         0.         0.         0.
  0.         0.         0.         0.         0.         0.
  0.         0.         0.         0.         0.         0.
  0.         0.         0.         0.         0.         0.
  0.         0.         0.         0.         0.         0.
  0.         0.         0.         0.         0.         0.
  0.         0.         0.         0.         0.         0.
  0.         0.45399755 0.         0.         0.17723216 0.
  0.         0.         0.         0.         0.         0.
  0.         0.         0.38482144 0.         0.         0.
  0.         0.         0.         0.         0.         0.
  0.         0.         0.         0.         0.         0.
  0.         0.         0.         0.         0.         0.
  0.         0.         0.         0.         0.         0.
  0.         0.         0.         0.         0.         0.
  0.         0.         0.         0.         0.         0.
  0.         0.         0.         0.         0.         0.
  0.         0.         0.         0.         0.         0.
  0.         0.         0.         0.         0.         0.
  0.         0.         0.         0.         0.         0.
  0.         0.17723216 0.         0.         0.         0.
  0.         0.         0.         0.         0.         0.
  0.         0.         0.         0.         0.         0.
  0.         0.         0.         0.         0.         0.
  0.         0.         0.         0.         0.         0.
  0.         0.         0.         0.         0.         0.
  0.         0.         0.         0.         0.         0.
  0.         0.         0.         0.         0.         0.
  0.         0.         0.         0.         0.         0.
  0.         0.         0.         0.         0.         0.
  0.         0.         0.         0.         0.         0.
  0.         0.         0.         0.         0.         0.
  0.         0.         0.         0.         0.         0.
  0.         0.         0.         0.         0.         1.
  0.         0.         0.         0.         0.         0.
  0.         0.         0.         0.         0.         0.
  0.         0.         0.         0.         0.         0.
  0.         0.         0.         0.         0.3848062  0.
  0.         0.         0.         0.         0.         0.
  0.         0.         0.         0.         0.         0.
  0.         0.         0.         0.         0.         0.
  0.         0.         0.         0.         0.         0.
  0.         0.59238025 0.         0.         0.         0.
  0.         0.         0.         0.         0.         0.
  0.         0.         0.         0.         0.         0.
  0.         0.         0.         0.         0.         0.
  0.         0.         0.         0.         0.         0.
  0.         0.         0.         0.         0.         0.
  0.         0.         0.         0.         0.         0.
  0.         0.         0.         0.         0.         0.38476049
  0.         0.         0.         0.         0.         0.
  0.         0.         0.         0.         0.         0.
  0.         0.         0.         0.         0.         0.
  0.         0.         0.         0.         0.         0.
  0.        ]]"
"[[0.         0.         0.         0.         0.         0.
  0.         0.         0.         0.         0.         0.
  0.         0.         0.         0.07893333 0.         0.03952859
  0.         0.         0.         0.         0.         0.
  0.         0.         0.07893333 0.07893333 0.         0.03638861
  0.07893333 0.         0.         0.         0.         0.
  0.         0.         0.         0.07893333 0.         0.
  0.         0.07893333 0.         0.         0.         0.
  0.         0.         0.07893333 0.         0.         0.
  0.         0.04868355 0.         0.         0.         0.
  0.04868355 0.04111598 0.07893333 0.         0.         0.
  0.         0.         0.         0.         0.         0.04868355
  0.         0.         0.07893333 0.         0.         0.
  0.         0.         0.         0.         0.         0.
  0.         0.         0.         0.         0.         0.
  0.         0.04868355 0.         0.         0.         0.
  0.         0.         0.04868355 0.         0.         0.
  0.         0.05457738 0.03638861 0.         0.04868355 0.
  0.         0.         0.         0.05117994 0.37197244 0.
  0.37197244 0.         0.         0.30852338 0.         0.30852338
  0.         0.         0.         0.         0.         0.04868355
  0.         0.07893333 0.         0.         0.         0.
  0.         0.         0.         0.         0.         0.04868355
  0.04868355 0.         0.         0.         0.         0.
  0.04868355 0.         0.         0.07893333 0.         0.
  0.         0.03952859 0.         0.         0.         0.05117994
  0.07893333 0.         0.         0.04868355 0.         0.
  0.         0.         0.37197244 0.         0.016      0.
  0.07893333 0.         0.03952859 0.07893333 0.         0.
  0.         0.         0.         0.         0.         0.
  0.         0.04868355 0.         0.         0.         0.
  0.04868355 0.         0.07893333 0.         0.         0.
  0.         0.         0.07893333 0.         0.         0.032
  0.04868355 0.         0.         0.         0.         0.04868355
  0.         0.         0.         0.         0.         0.
  0.         0.         0.         0.         0.         0.
  0.04868355 0.         0.         0.05117994 0.03638861 0.
  0.         0.04868355 0.05797481 0.02434177 0.         0.
  0.04868355 0.         0.         0.         0.         0.
  0.         0.04868355 0.04868355 0.         0.         0.07893333
  0.         0.07893333 0.         0.04868355 0.05797481 0.
  0.         0.         0.         0.         0.         0.02940405
  0.         0.07893333 0.         0.         0.         0.04111598
  0.04868355 0.         0.         0.07893333 0.0299916  0.
  0.         0.         0.         0.07893333 0.07893333 0.
  0.         0.         0.         0.         0.         0.
  0.         0.         0.         0.         0.         0.
  0.         0.         0.04868355 0.         0.         0.04868355
  0.07893333 0.05570985 0.         0.         0.         0.04868355
  0.         0.         0.         0.         0.         0.
  0.07893333 0.         0.         0.         0.         0.24227328
  0.         0.39256486 0.         0.         0.         0.
  0.         0.         0.07893333 0.         0.04868355 0.07893333
  0.         0.         0.07893333 0.3651083  0.07893333 0.
  0.         0.         0.07893333 0.         0.         0.
  0.         0.         0.04868355 0.         0.         0.
  0.04868355 0.         0.         0.05117994 0.04868355 0.
  0.         0.05117994 0.         0.         0.         0.
  1.         0.         0.         0.         0.04868355 0.04868355
  0.07893333 0.         0.04868355 0.         0.04868355 0.07893333
  0.04868355 0.         0.         0.         0.         0.05117994
  0.04868355 0.         0.         0.         0.         0.04868355
  0.         0.         0.04868355 0.07893333 0.04868355 0.04868355
  0.         0.         0.04868355 0.05117994 0.         0.05457738
  0.         0.         0.04868355 0.         0.39312213 0.
  0.05117994 0.         0.39256486 0.39256486 0.03638861 0.
  0.         0.         0.         0.07893333 0.         0.
  0.         0.         0.04410607 0.         0.05457738 0.
  0.         0.         0.         0.         0.032      0.
  0.         0.07893333 0.         0.05117994 0.05797481 0.
  0.         0.07893333 0.         0.         0.         0.
  0.         0.         0.         0.         0.04868355 0.04345711
  0.         0.         0.         0.         0.         0.
  0.         0.07893333 0.07893333 0.         0.         0.
  0.         0.         0.         0.         0.         0.
  0.04868355 0.04868355 0.         0.         0.         0.
  0.         0.         0.         0.         0.         0.34495918
  0.07893333 0.         0.         0.         0.         0.
  0.        ]]"
"[[0.         0.         0.         0.         0.         0.
  0.         0.         0.         0.         0.         0.
  0.         0.         0.         0.         0.         0.
  0.         0.         0.         0.         0.         0.
  0.         0.         0.         0.         0.         0.
  0.         0.         0.         0.         0.         0.
  0.         0.         0.13952609 0.         0.         0.
  0.         0.         0.         0.         0.         0.
  0.         0.         0.         0.         0.         0.
  0.         0.         0.         0.         0.         0.
  0.         0.         0.         0.         0.         0.
  0.         0.         0.         0.06723239 0.         0.
  0.         0.         0.         0.         0.         0.
  0.         0.         0.         0.         0.         0.
  0.         0.         0.         0.         0.         0.
  0.         0.         0.         0.         0.         0.
  0.         0.         0.         0.         0.         0.
  0.         0.         0.         0.         0.         0.
  0.         0.         0.         0.         0.         0.
  0.         0.         0.         0.         0.         0.
  0.         0.         0.         0.         0.         0.
  0.         0.         0.         0.         0.         0.
  0.         0.         0.2820771  0.         0.         0.
  0.         0.         0.         0.         0.         0.
  0.         0.         0.         0.         0.         0.
  0.         0.         0.         0.         0.         0.
  0.         0.         0.         0.         0.         0.
  0.         0.         0.         0.         0.         0.
  0.         0.         0.         0.         0.         0.
  0.         0.         0.         0.         0.         0.
  0.         0.         0.         0.         0.         0.
  0.         0.         0.         0.         0.         0.
  0.         0.         0.         0.         0.         0.
  0.         0.         0.         0.         0.         0.
  0.         0.         0.         0.         0.         0.
  0.         0.         0.         0.         0.         0.4
  0.         0.         0.         0.         0.         0.
  0.         0.         0.         0.         0.         0.
  0.         0.         0.         0.         0.         0.
  0.         0.         0.         0.         0.         0.
  0.         0.         0.         0.         0.         0.
  0.         0.         0.         0.         0.         0.
  0.         0.         0.         0.         0.         0.
  0.         0.         0.         0.         0.         0.15886662
  0.         0.         0.         0.         0.         0.
  0.         0.         0.         0.         0.         0.
  0.         0.06348911 0.         0.         0.         0.
  0.         0.         0.         0.13952609 0.         0.
  0.         0.         0.         0.         0.         0.
  0.         0.         0.         0.         0.19972053 0.
  0.         0.         0.         0.         0.         0.
  0.         0.         0.         0.         0.         0.
  0.         0.         0.         0.         0.         0.
  0.         0.         0.         0.         0.         0.
  0.         0.         0.         0.         0.         0.
  0.         0.         0.         0.         0.         0.
  0.         0.         0.         0.         0.         0.
  0.4        0.         0.         0.         0.         0.
  0.         1.         0.         0.         0.         0.
  0.         0.         0.         0.         0.         0.
  0.         0.11564337 0.         0.         0.         0.
  0.         0.         0.         0.         0.         0.
  0.         0.         0.         0.         0.         0.
  0.         0.         0.         0.         0.         0.
  0.         0.         0.         0.         0.         0.
  0.         0.         0.         0.         0.         0.
  0.         0.         0.         0.         0.         0.
  0.         0.         0.         0.         0.         0.
  0.         0.06348911 0.         0.06312187 0.         0.
  0.         0.         0.         0.         0.         0.06723239
  0.         0.         0.         0.         0.         0.
  0.         0.         0.         0.         0.         0.
  0.         0.06348911 0.         0.         0.         0.
  0.         0.         0.         0.         0.         0.
  0.         0.         0.         0.         0.         0.
  0.         0.         0.14831019 0.         0.         0.17754459
  0.         0.         0.         0.         0.         0.
  0.         0.         0.         0.         0.         0.
  0.        ]]"
"[[0.         0.         0.         0.         0.         0.
  0.         0.         0.         0.         0.         0.
  0.         0.         0.         0.         0.         0.
  0.8        0.         0.         0.8        0.         0.
  0.         0.         0.         0.         0.18027303 0.
  0.         0.1714402  0.         0.         0.         0.
  0.         0.8        0.         0.         0.8        0.
  0.         0.         0.08535929 0.         0.         0.
  0.         0.         0.         0.         0.         0.
  0.         0.         0.         0.         0.12027214 0.
  0.         0.         0.         0.         0.         0.8
  0.         0.         0.         0.         0.         0.
  0.         0.         0.         0.         0.         0.
  0.         0.         0.8        0.8        0.12856171 0.
  0.         0.         0.         0.16985201 0.         0.8
  0.         0.         0.         0.         0.         0.
  0.8        0.         0.         0.8        0.         0.
  0.         0.         0.         0.         0.         0.
  0.8        0.8        0.         0.         0.         0.
  0.         0.         0.         0.         0.         0.
  0.         0.         0.08526979 0.         0.         0.
  0.         0.         0.         0.         0.8        0.
  0.         0.         0.         0.         0.         0.
  0.         0.         0.         0.11346386 0.8        0.
  0.         0.         0.         0.         0.         0.
  0.         0.         0.         0.         0.         0.
  0.         0.         0.         0.         0.         0.8
  0.         0.         0.         0.         0.         0.8
  0.         0.         0.         0.         0.         0.
  0.         0.8        0.         0.         0.         0.
  0.         0.         0.         0.         0.         0.08535929
  0.         0.         0.         0.07191812 0.         0.
  0.         0.         0.         0.         0.         0.
  0.         0.         0.         0.         0.         0.
  0.8        0.         0.         0.         0.8        0.8
  0.         0.         0.         0.         0.         0.
  0.         0.         0.         0.         0.         0.
  0.         0.         0.         0.         0.         0.
  0.         0.         0.         0.         0.         0.
  0.         0.         0.         0.         0.         0.
  0.         0.         0.06428085 0.         0.         0.
  0.8        0.         0.         0.         0.8        0.
  0.         0.         0.12869422 0.         0.11497495 0.
  0.         0.         0.         0.         0.         0.
  0.         0.         0.         0.         0.         0.
  0.         0.         0.         0.         0.         0.
  0.         0.         0.         0.         0.         0.
  0.         0.         0.         0.         0.         0.
  0.         0.         0.         0.         0.8        0.
  0.         0.         0.         0.         0.         0.
  0.         0.         0.8        0.         0.08719264 0.
  0.8        0.         0.         0.         0.         0.
  0.         0.         0.         0.         0.         0.
  0.         0.         0.         0.         0.         0.
  0.         0.         0.         0.         0.         0.
  0.18027303 0.8        0.         0.         0.         0.
  0.         0.8        0.8        0.         0.         0.
  0.         0.         0.         0.         0.         0.
  0.         0.         1.         0.         0.         0.
  0.         0.8        0.         0.         0.         0.
  0.         0.         0.         0.8        0.         0.
  0.         0.         0.         0.         0.         0.
  0.         0.         0.         0.         0.         0.
  0.08297931 0.         0.         0.         0.         0.
  0.         0.         0.         0.         0.         0.
  0.         0.8        0.         0.         0.         0.
  0.08630174 0.         0.         0.         0.8        0.8
  0.         0.         0.         0.         0.         0.
  0.         0.         0.         0.         0.         0.
  0.         0.         0.8        0.         0.         0.
  0.         0.         0.1714402  0.         0.         0.8
  0.         0.         0.8        0.         0.         0.
  0.         0.         0.09648754 0.         0.8        0.
  0.         0.         0.         0.         0.09648754 0.
  0.         0.         0.         0.         0.         0.
  0.         0.         0.         0.         0.         0.
  0.         0.09958583 0.         0.8        0.         0.
  0.         0.         0.         0.         0.11027147 0.
  0.        ]]"
"[[0.         0.         0.         0.         0.         0.
  0.         0.         0.         0.         0.         0.
  0.         0.         0.28819341 0.         0.29178757 0.
  0.         0.         0.         0.         0.         0.27118466
  0.         0.         0.         0.         0.         0.
  0.         0.         0.         0.         0.16704153 0.2093759
  0.26890513 0.         0.         0.         0.         0.
  0.         0.         0.         0.         0.25929289 0.28819341
  0.23914052 0.28819341 0.         0.         0.16704153 0.33568818
  0.2093759  0.         0.24062928 0.         0.         0.2404196
  0.         0.         0.         0.         0.         0.
  0.28819341 0.         0.         0.         0.         0.
  0.         0.26890513 0.         0.         0.26890513 0.53119551
  0.         0.33568818 0.         0.         0.         0.24878466
  0.         0.         0.25549148 0.         0.         0.
  0.         0.         0.         0.26890513 0.         0.
  0.         0.         0.         0.         0.28819341 0.2093759
  0.2352688  0.         0.         0.         0.         0.
  0.         0.         0.26890513 0.         0.         0.26890513
  0.         0.         0.25929289 0.         0.         0.
  0.24048082 0.28819341 0.         0.26890513 0.         0.
  0.20489313 0.         0.20493768 0.         0.         0.25403878
  0.21531787 0.20489313 0.         0.         0.         0.
  0.         0.25701351 0.23606812 0.         0.         0.28819341
  0.         0.20489313 0.24175731 0.         0.28819341 0.28819341
  0.         0.         0.21656712 0.26890513 0.53119551 0.
  0.         0.53119551 0.2047602  0.         0.         0.
  0.36827273 0.28819341 0.         0.         0.         0.
  0.         0.15998318 0.         0.         0.25884489 0.28819341
  0.26890513 0.         0.43209446 0.26890513 0.         0.22725499
  0.26890513 0.         0.35163956 0.21623661 0.26890513 0.
  0.         0.         0.         0.         0.         0.33636187
  0.21404348 0.         0.         0.         0.25929289 0.
  0.         0.         0.         0.2093759  0.         0.
  0.         0.         0.28819341 0.28819341 0.         0.
  0.21502955 0.26890513 0.28819341 0.         0.34938636 0.
  0.         0.         0.26890513 0.         0.         0.
  0.24147431 0.         0.         0.         0.         0.53119551
  0.         0.28819341 0.         0.16704153 0.53119551 0.
  0.2093759  0.         0.         0.         0.         0.
  0.         0.         0.         0.         0.         0.53119551
  0.         0.20521453 0.28819341 0.23606812 0.         0.
  0.26890513 0.         0.         0.         0.         0.
  0.         0.2093759  0.         0.         0.         0.
  0.53119551 0.         0.28819341 0.         0.         0.
  0.         0.         0.23606812 0.28819341 0.         0.
  0.36827273 0.         0.26890513 0.         0.24210622 0.26890513
  0.2093759  0.18089695 0.         0.         0.53119551 0.
  0.         0.         0.         0.26890513 0.         0.
  0.         0.22365183 0.         0.23884911 0.         0.
  0.         0.24878466 0.         0.         0.         0.
  0.         0.         0.28819341 0.20489313 0.         0.28819341
  0.2093759  0.19541073 0.         0.20489313 0.         0.
  0.43209446 0.         0.         0.         0.         0.21957705
  0.22036748 0.         0.         0.26890513 0.         0.
  0.         0.         0.         0.         0.         0.53119551
  0.         0.         0.         0.         0.         0.2689264
  0.         0.         0.         0.         0.2150438  0.
  0.         0.         0.         1.         0.         0.
  0.         0.         0.         0.21404348 0.         0.
  0.         0.         0.         0.         0.         0.
  0.         0.         0.         0.26890513 0.         0.
  0.28819341 0.28819341 0.         0.         0.         0.
  0.         0.23353167 0.         0.         0.         0.
  0.         0.         0.         0.         0.         0.28819341
  0.         0.         0.         0.         0.         0.
  0.         0.         0.         0.         0.         0.
  0.24575456 0.         0.         0.         0.         0.
  0.20489313 0.         0.22908028 0.         0.         0.20929778
  0.23606812 0.         0.         0.         0.         0.
  0.         0.         0.         0.28819341 0.24147431 0.
  0.20489313 0.27118466 0.         0.         0.         0.
  0.26890513 0.         0.         0.         0.         0.
  0.23606812 0.         0.         0.2093759  0.         0.
  0.         0.         0.         0.         0.26890513 0.23914052
  0.         0.         0.         0.26890513 0.26890513 0.
  0.26890513 0.         0.28819341 0.         0.         0.
  0.         0.         0.         0.         0.         0.
  0.        ]]"
"[[0.         0.         0.         0.         0.         0.
  0.         0.         0.         0.         0.         0.
  0.         0.         0.         0.256      0.         0.09014012
  0.         0.         0.         0.         0.         0.
  0.         0.         0.256      0.256      0.         0.
  0.256      0.         0.         0.         0.         0.
  0.         0.         0.         0.256      0.         0.
  0.         0.256      0.         0.         0.         0.
  0.         0.         0.256      0.         0.         0.
  0.         0.64       0.         0.         0.         0.
  0.64       0.34253503 0.256      0.         0.         0.
  0.         0.         0.         0.         0.         0.8
  0.         0.         0.256      0.         0.         0.
  0.         0.         0.         0.         0.         0.
  0.         0.         0.         0.         0.         0.
  0.         0.64       0.         0.         0.         0.
  0.         0.         0.64       0.         0.         0.
  0.         0.09551002 0.         0.         0.8        0.
  0.         0.         0.         0.09551002 0.04868355 0.
  0.04868355 0.         0.         0.06248139 0.         0.06248139
  0.         0.         0.         0.         0.         0.64
  0.         0.256      0.         0.         0.         0.
  0.         0.         0.         0.         0.         0.8
  0.64       0.         0.         0.         0.         0.
  0.64       0.         0.         0.256      0.         0.
  0.         0.09014012 0.         0.         0.         0.09551002
  0.256      0.         0.         0.64       0.         0.
  0.         0.         0.04868355 0.         0.         0.
  0.256      0.         0.09014012 0.256      0.         0.
  0.         0.         0.         0.         0.         0.
  0.         0.64       0.         0.         0.         0.
  0.72       0.         0.256      0.         0.         0.
  0.         0.         0.256      0.         0.         0.
  0.64       0.         0.         0.         0.         0.8
  0.         0.         0.         0.         0.         0.
  0.         0.         0.         0.         0.         0.
  0.64       0.         0.         0.09551002 0.         0.
  0.         0.64       0.09551002 0.32       0.         0.
  0.64       0.         0.         0.         0.         0.
  0.         0.8        0.64       0.         0.         0.256
  0.         0.256      0.         0.64       0.09551002 0.
  0.         0.         0.         0.         0.         0.24338004
  0.         0.256      0.         0.         0.         0.34253503
  0.8        0.         0.         0.256      0.03183667 0.
  0.         0.         0.         0.256      0.256      0.
  0.         0.         0.         0.         0.         0.
  0.         0.         0.         0.         0.         0.
  0.         0.         0.8        0.         0.         0.64
  0.256      0.09551002 0.         0.         0.         0.8
  0.         0.         0.         0.         0.         0.
  0.256      0.         0.         0.         0.         0.02645056
  0.         0.03295268 0.         0.         0.         0.
  0.         0.         0.256      0.         0.8        0.256
  0.         0.         0.256      0.05392717 0.256      0.
  0.         0.         0.256      0.         0.         0.
  0.         0.         0.64       0.         0.         0.
  0.64       0.         0.         0.09551002 0.64       0.
  0.         0.09551002 0.         0.         0.         0.
  0.04868355 0.         0.         0.         1.         0.64
  0.256      0.         0.64       0.         0.64       0.256
  0.64       0.         0.         0.         0.         0.09551002
  0.64       0.         0.         0.         0.         0.8
  0.         0.         0.8        0.256      0.64       0.64
  0.         0.         0.64       0.09551002 0.         0.09551002
  0.         0.         0.8        0.         0.04408427 0.
  0.09551002 0.         0.03295268 0.03295268 0.         0.
  0.         0.         0.         0.256      0.         0.
  0.         0.         0.36507006 0.         0.09551002 0.
  0.         0.         0.         0.         0.         0.
  0.         0.256      0.         0.09551002 0.09551002 0.
  0.         0.256      0.         0.         0.         0.
  0.         0.         0.         0.         0.64       0.40788717
  0.         0.         0.         0.         0.         0.
  0.         0.256      0.256      0.         0.         0.
  0.         0.         0.         0.         0.         0.
  0.64       0.64       0.         0.         0.         0.
  0.         0.         0.         0.         0.         0.06102698
  0.256      0.         0.         0.         0.         0.
  0.        ]]"
"[[0.         0.         0.         0.         0.         0.
  0.         0.         0.         0.         0.         0.
  0.         0.         0.         0.256      0.         0.09014012
  0.         0.         0.         0.         0.         0.
  0.         0.         0.256      0.256      0.         0.
  0.256      0.         0.         0.         0.         0.
  0.         0.         0.         0.256      0.         0.
  0.         0.256      0.         0.         0.         0.
  0.         0.         0.256      0.         0.         0.
  0.         0.8        0.         0.         0.         0.
  0.8        0.34253503 0.256      0.         0.         0.
  0.         0.         0.         0.         0.         0.64
  0.         0.         0.256      0.         0.         0.
  0.         0.         0.         0.         0.         0.
  0.         0.         0.         0.         0.         0.
  0.         0.8        0.         0.         0.         0.
  0.         0.         0.8        0.         0.         0.
  0.         0.09551002 0.         0.         0.64       0.
  0.         0.         0.         0.09551002 0.04868355 0.
  0.04868355 0.         0.         0.06248139 0.         0.06248139
  0.         0.         0.         0.         0.         0.8
  0.         0.256      0.         0.         0.         0.
  0.         0.         0.         0.         0.         0.64
  0.64       0.         0.         0.         0.         0.
  0.8        0.         0.         0.256      0.         0.
  0.         0.09014012 0.         0.         0.         0.09551002
  0.256      0.         0.         0.8        0.         0.
  0.         0.         0.04868355 0.         0.         0.
  0.256      0.         0.09014012 0.256      0.         0.
  0.         0.         0.         0.         0.         0.
  0.         0.64       0.         0.         0.         0.
  0.64       0.         0.256      0.         0.         0.
  0.         0.         0.256      0.         0.         0.
  0.64       0.         0.         0.         0.         0.64
  0.         0.         0.         0.         0.         0.
  0.         0.         0.         0.         0.         0.
  0.8        0.         0.         0.09551002 0.         0.
  0.         0.64       0.09551002 0.32       0.         0.
  0.8        0.         0.         0.         0.         0.
  0.         0.64       0.64       0.         0.         0.256
  0.         0.256      0.         0.64       0.09551002 0.
  0.         0.         0.         0.         0.         0.24338004
  0.         0.256      0.         0.         0.         0.34253503
  0.64       0.         0.         0.256      0.03183667 0.
  0.         0.         0.         0.256      0.256      0.
  0.         0.         0.         0.         0.         0.
  0.         0.         0.         0.         0.         0.
  0.         0.         0.64       0.         0.         0.8
  0.256      0.09551002 0.         0.         0.         0.64
  0.         0.         0.         0.         0.         0.
  0.256      0.         0.         0.         0.         0.02645056
  0.         0.03295268 0.         0.         0.         0.
  0.         0.         0.256      0.         0.64       0.256
  0.         0.         0.256      0.05392717 0.256      0.
  0.         0.         0.256      0.         0.         0.
  0.         0.         0.64       0.         0.         0.
  0.64       0.         0.         0.09551002 0.64       0.
  0.         0.09551002 0.         0.         0.         0.
  0.04868355 0.         0.         0.         0.64       1.
  0.256      0.         0.64       0.         0.64       0.256
  0.8        0.         0.         0.         0.         0.09551002
  0.64       0.         0.         0.         0.         0.64
  0.         0.         0.64       0.256      0.8        0.64
  0.         0.         0.64       0.09551002 0.         0.09551002
  0.         0.         0.64       0.         0.04408427 0.
  0.09551002 0.         0.03295268 0.03295268 0.         0.
  0.         0.         0.         0.256      0.         0.
  0.         0.         0.44507006 0.         0.09551002 0.
  0.         0.         0.         0.         0.         0.
  0.         0.256      0.         0.09551002 0.09551002 0.
  0.         0.256      0.         0.         0.         0.
  0.         0.         0.         0.         0.64       0.40788717
  0.         0.         0.         0.         0.         0.
  0.         0.256      0.256      0.         0.         0.
  0.         0.         0.         0.         0.         0.
  0.8        0.64       0.         0.         0.         0.
  0.         0.         0.         0.         0.         0.06102698
  0.256      0.         0.         0.         0.         0.
  0.        ]]"
"[[0.         0.         0.         0.         0.         0.
  0.         0.         0.         0.         0.         0.
  0.         0.         0.         0.8        0.         0.08533333
  0.         0.         0.         0.         0.         0.
  0.         0.         0.8        0.8        0.         0.
  0.64       0.         0.         0.         0.         0.
  0.         0.         0.         0.8        0.         0.
  0.         0.8        0.         0.         0.         0.
  0.         0.         0.64       0.         0.         0.
  0.         0.256      0.         0.         0.         0.
  0.256      0.128      0.8        0.         0.         0.
  0.         0.         0.         0.         0.         0.256
  0.         0.         0.8        0.         0.         0.
  0.         0.         0.         0.         0.         0.
  0.         0.         0.         0.         0.         0.
  0.         0.256      0.         0.         0.         0.
  0.         0.         0.256      0.         0.         0.
  0.         0.192      0.         0.         0.256      0.
  0.         0.         0.         0.21333333 0.07893333 0.
  0.07893333 0.         0.         0.128      0.         0.128
  0.         0.         0.         0.         0.         0.256
  0.         0.64       0.         0.         0.         0.
  0.         0.         0.         0.         0.         0.256
  0.256      0.         0.         0.         0.         0.
  0.256      0.         0.         0.8        0.         0.
  0.         0.08533333 0.         0.         0.         0.21333333
  0.64       0.         0.         0.256      0.         0.
  0.         0.         0.07893333 0.         0.         0.
  0.8        0.         0.08533333 0.8        0.         0.
  0.         0.         0.         0.         0.         0.
  0.         0.256      0.         0.         0.         0.
  0.256      0.         0.8        0.         0.         0.
  0.         0.         0.64       0.         0.         0.
  0.256      0.         0.         0.         0.         0.256
  0.         0.         0.         0.         0.         0.
  0.         0.         0.         0.         0.         0.
  0.256      0.         0.         0.21333333 0.         0.
  0.         0.256      0.17066667 0.128      0.         0.
  0.256      0.         0.         0.         0.         0.
  0.         0.256      0.256      0.         0.         0.64
  0.         0.8        0.         0.256      0.17066667 0.
  0.         0.         0.         0.         0.         0.11377778
  0.         0.8        0.         0.         0.         0.128
  0.256      0.         0.         0.8        0.05688889 0.
  0.         0.         0.         0.8        0.64       0.
  0.         0.         0.         0.         0.         0.
  0.         0.         0.         0.         0.         0.
  0.         0.         0.256      0.         0.         0.256
  0.64       0.18488889 0.         0.         0.         0.256
  0.         0.         0.         0.         0.         0.
  0.64       0.         0.         0.         0.         0.03754667
  0.         0.03413333 0.         0.         0.         0.
  0.         0.         0.8        0.         0.256      0.8
  0.         0.         0.64       0.09386667 0.64       0.
  0.         0.         0.8        0.         0.         0.
  0.         0.         0.256      0.         0.         0.
  0.256      0.         0.         0.21333333 0.256      0.
  0.         0.21333333 0.         0.         0.         0.
  0.07893333 0.         0.         0.         0.256      0.256
  1.         0.         0.256      0.         0.256      0.8
  0.256      0.         0.         0.         0.         0.21333333
  0.256      0.         0.         0.         0.         0.256
  0.         0.         0.256      0.8        0.256      0.256
  0.         0.         0.256      0.21333333 0.         0.192
  0.         0.         0.256      0.         0.06257778 0.
  0.21333333 0.         0.03413333 0.03413333 0.         0.
  0.         0.         0.         0.72       0.         0.
  0.         0.         0.17066667 0.         0.192      0.
  0.         0.         0.         0.         0.         0.
  0.         0.64       0.         0.21333333 0.17066667 0.
  0.         0.8        0.         0.         0.         0.
  0.         0.         0.         0.         0.256      0.15847619
  0.         0.         0.         0.         0.         0.
  0.         0.8        0.8        0.         0.         0.
  0.         0.         0.         0.         0.         0.
  0.256      0.256      0.         0.         0.         0.
  0.         0.         0.         0.         0.         0.1152
  0.64       0.         0.         0.         0.         0.
  0.        ]]"
"[[0.         0.         0.         0.         0.         0.
  0.         0.         0.         0.         0.         0.
  0.         0.         0.         0.         0.         0.
  0.8        0.         0.         0.8        0.         0.
  0.         0.         0.         0.         0.18027303 0.
  0.         0.1714402  0.         0.         0.         0.
  0.         0.8        0.         0.         0.8        0.
  0.         0.         0.08535929 0.         0.         0.
  0.         0.         0.         0.         0.         0.
  0.         0.         0.         0.         0.12027214 0.
  0.         0.         0.         0.         0.         0.8
  0.         0.         0.         0.         0.         0.
  0.         0.         0.         0.         0.         0.
  0.         0.         0.8        0.8        0.12856171 0.
  0.         0.         0.         0.16985201 0.         0.8
  0.         0.         0.         0.         0.         0.
  0.8        0.         0.         0.8        0.         0.
  0.         0.         0.         0.         0.         0.
  0.8        0.8        0.         0.         0.         0.
  0.         0.         0.         0.         0.         0.
  0.         0.         0.08526979 0.         0.         0.
  0.         0.         0.         0.         0.8        0.
  0.         0.         0.         0.         0.         0.
  0.         0.         0.         0.11346386 0.8        0.
  0.         0.         0.         0.         0.         0.
  0.         0.         0.         0.         0.         0.
  0.         0.         0.         0.         0.         0.8
  0.         0.         0.         0.         0.         0.8
  0.         0.         0.         0.         0.         0.
  0.         0.8        0.         0.         0.         0.
  0.         0.         0.         0.         0.         0.08535929
  0.         0.         0.         0.07191812 0.         0.
  0.         0.         0.         0.         0.         0.
  0.         0.         0.         0.         0.         0.
  0.8        0.         0.         0.         0.8        0.8
  0.         0.         0.         0.         0.         0.
  0.         0.         0.         0.         0.         0.
  0.         0.         0.         0.         0.         0.
  0.         0.         0.         0.         0.         0.
  0.         0.         0.         0.         0.         0.
  0.         0.         0.06428085 0.         0.         0.
  0.8        0.         0.         0.         0.8        0.
  0.         0.         0.12869422 0.         0.11497495 0.
  0.         0.         0.         0.         0.         0.
  0.         0.         0.         0.         0.         0.
  0.         0.         0.         0.         0.         0.
  0.         0.         0.         0.         0.         0.
  0.         0.         0.         0.         0.         0.
  0.         0.         0.         0.         0.8        0.
  0.         0.         0.         0.         0.         0.
  0.         0.         0.8        0.         0.08719264 0.
  0.8        0.         0.         0.         0.         0.
  0.         0.         0.         0.         0.         0.
  0.         0.         0.         0.         0.         0.
  0.         0.         0.         0.         0.         0.
  0.18027303 0.8        0.         0.         0.         0.
  0.         0.8        0.8        0.         0.         0.
  0.         0.         0.         0.         0.         0.
  0.         0.         0.8        0.         0.         0.
  0.         1.         0.         0.         0.         0.
  0.         0.         0.         0.8        0.         0.
  0.         0.         0.         0.         0.         0.
  0.         0.         0.         0.         0.         0.
  0.08297931 0.         0.         0.         0.         0.
  0.         0.         0.         0.         0.         0.
  0.         0.8        0.         0.         0.         0.
  0.08630174 0.         0.         0.         0.8        0.8
  0.         0.         0.         0.         0.         0.
  0.         0.         0.         0.         0.         0.
  0.         0.         0.8        0.         0.         0.
  0.         0.         0.1714402  0.         0.         0.8
  0.         0.         0.8        0.         0.         0.
  0.         0.         0.09648754 0.         0.8        0.
  0.         0.         0.         0.         0.09648754 0.
  0.         0.         0.         0.         0.         0.
  0.         0.         0.         0.         0.         0.
  0.         0.09958583 0.         0.8        0.         0.
  0.         0.         0.         0.         0.11027147 0.
  0.        ]]"
"[[0.         0.         0.         0.         0.         0.
  0.         0.         0.         0.         0.         0.
  0.         0.         0.         0.256      0.         0.09014012
  0.         0.         0.         0.         0.         0.
  0.         0.         0.256      0.256      0.         0.
  0.256      0.         0.         0.         0.         0.
  0.         0.         0.         0.256      0.         0.
  0.         0.256      0.         0.         0.         0.
  0.         0.         0.256      0.         0.         0.
  0.         0.64       0.         0.         0.         0.
  0.64       0.34253503 0.256      0.         0.         0.
  0.         0.         0.         0.         0.         0.64
  0.         0.         0.256      0.         0.         0.
  0.         0.         0.         0.         0.         0.
  0.         0.         0.         0.         0.         0.
  0.         0.64       0.         0.         0.         0.
  0.         0.         0.64       0.         0.         0.
  0.         0.09551002 0.         0.         0.64       0.
  0.         0.         0.         0.09551002 0.04868355 0.
  0.04868355 0.         0.         0.06248139 0.         0.06248139
  0.         0.         0.         0.         0.         0.64
  0.         0.256      0.         0.         0.         0.
  0.         0.         0.         0.         0.         0.64
  0.8        0.         0.         0.         0.         0.
  0.64       0.         0.         0.256      0.         0.
  0.         0.09014012 0.         0.         0.         0.09551002
  0.256      0.         0.         0.64       0.         0.
  0.         0.         0.04868355 0.         0.         0.
  0.256      0.         0.09014012 0.256      0.         0.
  0.         0.         0.         0.         0.         0.
  0.         0.8        0.         0.         0.         0.
  0.72       0.         0.256      0.         0.         0.
  0.         0.         0.256      0.         0.         0.
  0.64       0.         0.         0.         0.         0.64
  0.         0.         0.         0.         0.         0.
  0.         0.         0.         0.         0.         0.
  0.64       0.         0.         0.09551002 0.         0.
  0.         0.8        0.09551002 0.32       0.         0.
  0.64       0.         0.         0.         0.         0.
  0.         0.64       0.8        0.         0.         0.256
  0.         0.256      0.         0.8        0.09551002 0.
  0.         0.         0.         0.         0.         0.24338004
  0.         0.256      0.         0.         0.         0.34253503
  0.64       0.         0.         0.256      0.03183667 0.
  0.         0.         0.         0.256      0.256      0.
  0.         0.         0.         0.         0.         0.
  0.         0.         0.         0.         0.         0.
  0.         0.         0.64       0.         0.         0.64
  0.256      0.09551002 0.         0.         0.         0.64
  0.         0.         0.         0.         0.         0.
  0.256      0.         0.         0.         0.         0.02645056
  0.         0.03295268 0.         0.         0.         0.
  0.         0.         0.256      0.         0.64       0.256
  0.         0.         0.256      0.05392717 0.256      0.
  0.         0.         0.256      0.         0.         0.
  0.         0.         0.8        0.         0.         0.
  0.8        0.         0.         0.09551002 0.8        0.
  0.         0.09551002 0.         0.         0.         0.
  0.04868355 0.         0.         0.         0.64       0.64
  0.256      0.         1.         0.         0.8        0.256
  0.64       0.         0.         0.         0.         0.09551002
  0.8        0.         0.         0.         0.         0.64
  0.         0.         0.64       0.256      0.64       0.8
  0.         0.         0.8        0.09551002 0.         0.09551002
  0.         0.         0.64       0.         0.04408427 0.
  0.09551002 0.         0.03295268 0.03295268 0.         0.
  0.         0.         0.         0.256      0.         0.
  0.         0.         0.36507006 0.         0.09551002 0.
  0.         0.         0.         0.         0.         0.
  0.         0.256      0.         0.09551002 0.09551002 0.
  0.         0.256      0.         0.         0.         0.
  0.         0.         0.         0.         0.8        0.40788717
  0.         0.         0.         0.         0.         0.
  0.         0.256      0.256      0.         0.         0.
  0.         0.         0.         0.         0.         0.
  0.64       0.8        0.         0.         0.         0.
  0.         0.         0.         0.         0.         0.06102698
  0.256      0.         0.         0.         0.         0.
  0.        ]]"
"[[0.         0.         0.         0.         0.         0.
  0.         0.         0.         0.         0.         0.
  0.         0.         0.3418325  0.         0.27107437 0.
  0.         0.         0.         0.         0.         0.23569531
  0.         0.         0.         0.         0.         0.
  0.         0.         0.         0.         0.15640472 0.12955812
  0.27976745 0.         0.         0.         0.         0.
  0.         0.         0.         0.         0.25837138 0.3418325
  0.20466278 0.3418325  0.         0.         0.15640472 0.24716421
  0.12955812 0.         0.14409876 0.         0.         0.21060897
  0.         0.         0.         0.         0.         0.
  0.3418325  0.         0.         0.         0.         0.
  0.         0.27976745 0.         0.         0.27976745 0.26395853
  0.         0.24716421 0.         0.         0.         0.23569531
  0.         0.         0.25038602 0.         0.         0.
  0.         0.         0.         0.27976745 0.         0.
  0.         0.         0.         0.         0.3418325  0.12955812
  0.19579505 0.         0.         0.         0.         0.
  0.         0.         0.27976745 0.         0.         0.27976745
  0.         0.         0.25837138 0.         0.         0.
  0.20872795 0.3418325  0.         0.27976745 0.         0.
  0.13946573 0.         0.1707623  0.         0.         0.24703334
  0.21873291 0.13946573 0.         0.         0.         0.
  0.         0.25773812 0.25244863 0.         0.         0.3418325
  0.         0.13946573 0.22057966 0.         0.3418325  0.3418325
  0.         0.         0.1560136  0.27976745 0.26395853 0.
  0.         0.16412844 0.15174015 0.         0.         0.
  0.23332492 0.3418325  0.         0.         0.         0.
  0.         0.1334881  0.         0.         0.25773138 0.3418325
  0.27976745 0.         0.25298047 0.27976745 0.         0.17858407
  0.27976745 0.         0.26929541 0.20526186 0.27976745 0.
  0.         0.         0.         0.         0.         0.22349714
  0.8        0.         0.         0.         0.25837138 0.
  0.         0.         0.         0.12955812 0.         0.
  0.         0.         0.3418325  0.3418325  0.         0.
  0.19863092 0.27976745 0.3418325  0.         0.23605688 0.
  0.         0.         0.27976745 0.         0.         0.
  0.53988372 0.         0.         0.         0.         0.26395853
  0.         0.3418325  0.         0.15640472 0.16412844 0.
  0.12955812 0.         0.         0.         0.         0.
  0.         0.         0.         0.         0.         0.26395853
  0.         0.19304279 0.3418325  0.25244863 0.         0.
  0.27976745 0.         0.         0.         0.         0.
  0.         0.12955812 0.         0.         0.         0.
  0.26395853 0.         0.3418325  0.         0.         0.
  0.         0.         0.25244863 0.3418325  0.         0.
  0.23332492 0.         0.27976745 0.         0.22453709 0.27976745
  0.12955812 0.10247209 0.         0.         0.16412844 0.
  0.         0.         0.         0.27976745 0.         0.
  0.         0.17876333 0.         0.44370652 0.         0.
  0.         0.23569531 0.         0.         0.         0.
  0.         0.         0.3418325  0.13946573 0.         0.3418325
  0.12955812 0.12046644 0.         0.13946573 0.         0.
  0.25298047 0.         0.         0.         0.         0.18929429
  0.17665458 0.         0.         0.27976745 0.         0.
  0.         0.         0.         0.         0.         0.16412844
  0.         0.         0.         0.         0.         0.28619175
  0.         0.         0.         0.         0.17378396 0.
  0.         0.         0.         0.21404348 0.         0.
  0.         0.         0.         1.         0.         0.
  0.         0.         0.         0.         0.         0.
  0.         0.         0.         0.27976745 0.         0.
  0.3418325  0.3418325  0.         0.         0.         0.
  0.         0.21072437 0.         0.         0.         0.
  0.         0.         0.         0.         0.         0.3418325
  0.         0.         0.         0.         0.         0.
  0.         0.         0.         0.         0.         0.
  0.22328627 0.         0.         0.         0.         0.
  0.13946573 0.         0.18262671 0.         0.         0.16515133
  0.25244863 0.         0.         0.         0.         0.
  0.         0.         0.         0.3418325  0.53988372 0.
  0.13946573 0.23569531 0.         0.         0.         0.
  0.27976745 0.         0.         0.         0.         0.
  0.25244863 0.         0.         0.12955812 0.         0.
  0.         0.         0.         0.         0.27976745 0.20466278
  0.         0.         0.         0.27976745 0.27976745 0.
  0.27976745 0.         0.3418325  0.         0.         0.
  0.         0.         0.         0.         0.         0.
  0.        ]]"
"[[0.         0.         0.         0.         0.         0.
  0.         0.         0.         0.         0.         0.
  0.         0.         0.         0.256      0.         0.09014012
  0.         0.         0.         0.         0.         0.
  0.         0.         0.256      0.256      0.         0.
  0.256      0.         0.         0.         0.         0.
  0.         0.         0.         0.256      0.         0.
  0.         0.256      0.         0.         0.         0.
  0.         0.         0.256      0.         0.         0.
  0.         0.64       0.         0.         0.         0.
  0.64       0.34253503 0.256      0.         0.         0.
  0.         0.         0.         0.         0.         0.64
  0.         0.         0.256      0.         0.         0.
  0.         0.         0.         0.         0.         0.
  0.         0.         0.         0.         0.         0.
  0.         0.64       0.         0.         0.         0.
  0.         0.         0.64       0.         0.         0.
  0.         0.09551002 0.         0.         0.64       0.
  0.         0.         0.         0.09551002 0.04868355 0.
  0.04868355 0.         0.         0.06248139 0.         0.06248139
  0.         0.         0.         0.         0.         0.64
  0.         0.256      0.         0.         0.         0.
  0.         0.         0.         0.         0.         0.64
  0.8        0.         0.         0.         0.         0.
  0.64       0.         0.         0.256      0.         0.
  0.         0.09014012 0.         0.         0.         0.09551002
  0.256      0.         0.         0.64       0.         0.
  0.         0.         0.04868355 0.         0.         0.
  0.256      0.         0.09014012 0.256      0.         0.
  0.         0.         0.         0.         0.         0.
  0.         0.8        0.         0.         0.         0.
  0.72       0.         0.256      0.         0.         0.
  0.         0.         0.256      0.         0.         0.
  0.64       0.         0.         0.         0.         0.64
  0.         0.         0.         0.         0.         0.
  0.         0.         0.         0.         0.         0.
  0.64       0.         0.         0.09551002 0.         0.
  0.         0.8        0.09551002 0.32       0.         0.
  0.64       0.         0.         0.         0.         0.
  0.         0.64       0.8        0.         0.         0.256
  0.         0.256      0.         0.8        0.09551002 0.
  0.         0.         0.         0.         0.         0.24338004
  0.         0.256      0.         0.         0.         0.34253503
  0.64       0.         0.         0.256      0.03183667 0.
  0.         0.         0.         0.256      0.256      0.
  0.         0.         0.         0.         0.         0.
  0.         0.         0.         0.         0.         0.
  0.         0.         0.64       0.         0.         0.64
  0.256      0.09551002 0.         0.         0.         0.64
  0.         0.         0.         0.         0.         0.
  0.256      0.         0.         0.         0.         0.02645056
  0.         0.03295268 0.         0.         0.         0.
  0.         0.         0.256      0.         0.64       0.256
  0.         0.         0.256      0.05392717 0.256      0.
  0.         0.         0.256      0.         0.         0.
  0.         0.         0.8        0.         0.         0.
  0.8        0.         0.         0.09551002 0.8        0.
  0.         0.09551002 0.         0.         0.         0.
  0.04868355 0.         0.         0.         0.64       0.64
  0.256      0.         0.8        0.         1.         0.256
  0.64       0.         0.         0.         0.         0.09551002
  0.8        0.         0.         0.         0.         0.64
  0.         0.         0.64       0.256      0.64       0.8
  0.         0.         0.8        0.09551002 0.         0.09551002
  0.         0.         0.64       0.         0.04408427 0.
  0.09551002 0.         0.03295268 0.03295268 0.         0.
  0.         0.         0.         0.256      0.         0.
  0.         0.         0.36507006 0.         0.09551002 0.
  0.         0.         0.         0.         0.         0.
  0.         0.256      0.         0.09551002 0.09551002 0.
  0.         0.256      0.         0.         0.         0.
  0.         0.         0.         0.         0.8        0.40788717
  0.         0.         0.         0.         0.         0.
  0.         0.256      0.256      0.         0.         0.
  0.         0.         0.         0.         0.         0.
  0.64       0.8        0.         0.         0.         0.
  0.         0.         0.         0.         0.         0.06102698
  0.256      0.         0.         0.         0.         0.
  0.        ]]"
"[[0.         0.         0.         0.         0.         0.
  0.         0.         0.         0.         0.         0.
  0.         0.         0.         0.8        0.         0.08533333
  0.         0.         0.         0.         0.         0.
  0.         0.         0.8        0.8        0.         0.
  0.64       0.         0.         0.         0.         0.
  0.         0.         0.         0.8        0.         0.
  0.         0.8        0.         0.         0.         0.
  0.         0.         0.64       0.         0.         0.
  0.         0.256      0.         0.         0.         0.
  0.256      0.128      0.8        0.         0.         0.
  0.         0.         0.         0.         0.         0.256
  0.         0.         0.8        0.         0.         0.
  0.         0.         0.         0.         0.         0.
  0.         0.         0.         0.         0.         0.
  0.         0.256      0.         0.         0.         0.
  0.         0.         0.256      0.         0.         0.
  0.         0.192      0.         0.         0.256      0.
  0.         0.         0.         0.21333333 0.07893333 0.
  0.07893333 0.         0.         0.128      0.         0.128
  0.         0.         0.         0.         0.         0.256
  0.         0.64       0.         0.         0.         0.
  0.         0.         0.         0.         0.         0.256
  0.256      0.         0.         0.         0.         0.
  0.256      0.         0.         0.8        0.         0.
  0.         0.08533333 0.         0.         0.         0.21333333
  0.64       0.         0.         0.256      0.         0.
  0.         0.         0.07893333 0.         0.         0.
  0.8        0.         0.08533333 0.8        0.         0.
  0.         0.         0.         0.         0.         0.
  0.         0.256      0.         0.         0.         0.
  0.256      0.         0.8        0.         0.         0.
  0.         0.         0.64       0.         0.         0.
  0.256      0.         0.         0.         0.         0.256
  0.         0.         0.         0.         0.         0.
  0.         0.         0.         0.         0.         0.
  0.256      0.         0.         0.21333333 0.         0.
  0.         0.256      0.17066667 0.128      0.         0.
  0.256      0.         0.         0.         0.         0.
  0.         0.256      0.256      0.         0.         0.64
  0.         0.8        0.         0.256      0.17066667 0.
  0.         0.         0.         0.         0.         0.11377778
  0.         0.8        0.         0.         0.         0.128
  0.256      0.         0.         0.8        0.05688889 0.
  0.         0.         0.         0.8        0.64       0.
  0.         0.         0.         0.         0.         0.
  0.         0.         0.         0.         0.         0.
  0.         0.         0.256      0.         0.         0.256
  0.64       0.18488889 0.         0.         0.         0.256
  0.         0.         0.         0.         0.         0.
  0.64       0.         0.         0.         0.         0.03754667
  0.         0.03413333 0.         0.         0.         0.
  0.         0.         0.8        0.         0.256      0.8
  0.         0.         0.64       0.09386667 0.64       0.
  0.         0.         0.8        0.         0.         0.
  0.         0.         0.256      0.         0.         0.
  0.256      0.         0.         0.21333333 0.256      0.
  0.         0.21333333 0.         0.         0.         0.
  0.07893333 0.         0.         0.         0.256      0.256
  0.8        0.         0.256      0.         0.256      1.
  0.256      0.         0.         0.         0.         0.21333333
  0.256      0.         0.         0.         0.         0.256
  0.         0.         0.256      0.8        0.256      0.256
  0.         0.         0.256      0.21333333 0.         0.192
  0.         0.         0.256      0.         0.06257778 0.
  0.21333333 0.         0.03413333 0.03413333 0.         0.
  0.         0.         0.         0.72       0.         0.
  0.         0.         0.17066667 0.         0.192      0.
  0.         0.         0.         0.         0.         0.
  0.         0.64       0.         0.21333333 0.17066667 0.
  0.         0.8        0.         0.         0.         0.
  0.         0.         0.         0.         0.256      0.15847619
  0.         0.         0.         0.         0.         0.
  0.         0.8        0.8        0.         0.         0.
  0.         0.         0.         0.         0.         0.
  0.256      0.256      0.         0.         0.         0.
  0.         0.         0.         0.         0.         0.1152
  0.64       0.         0.         0.         0.         0.
  0.        ]]"
"[[0.         0.         0.         0.         0.         0.
  0.         0.         0.         0.         0.         0.
  0.         0.         0.         0.256      0.         0.09014012
  0.         0.         0.         0.         0.         0.
  0.         0.         0.256      0.256      0.         0.
  0.256      0.         0.         0.         0.         0.
  0.         0.         0.         0.256      0.         0.
  0.         0.256      0.         0.         0.         0.
  0.         0.         0.256      0.         0.         0.
  0.         0.8        0.         0.         0.         0.
  0.8        0.34253503 0.256      0.         0.         0.
  0.         0.         0.         0.         0.         0.64
  0.         0.         0.256      0.         0.         0.
  0.         0.         0.         0.         0.         0.
  0.         0.         0.         0.         0.         0.
  0.         0.8        0.         0.         0.         0.
  0.         0.         0.8        0.         0.         0.
  0.         0.09551002 0.         0.         0.64       0.
  0.         0.         0.         0.09551002 0.04868355 0.
  0.04868355 0.         0.         0.06248139 0.         0.06248139
  0.         0.         0.         0.         0.         0.8
  0.         0.256      0.         0.         0.         0.
  0.         0.         0.         0.         0.         0.64
  0.64       0.         0.         0.         0.         0.
  0.8        0.         0.         0.256      0.         0.
  0.         0.09014012 0.         0.         0.         0.09551002
  0.256      0.         0.         0.8        0.         0.
  0.         0.         0.04868355 0.         0.         0.
  0.256      0.         0.09014012 0.256      0.         0.
  0.         0.         0.         0.         0.         0.
  0.         0.64       0.         0.         0.         0.
  0.64       0.         0.256      0.         0.         0.
  0.         0.         0.256      0.         0.         0.
  0.64       0.         0.         0.         0.         0.64
  0.         0.         0.         0.         0.         0.
  0.         0.         0.         0.         0.         0.
  0.8        0.         0.         0.09551002 0.         0.
  0.         0.64       0.09551002 0.32       0.         0.
  0.8        0.         0.         0.         0.         0.
  0.         0.64       0.64       0.         0.         0.256
  0.         0.256      0.         0.64       0.09551002 0.
  0.         0.         0.         0.         0.         0.24338004
  0.         0.256      0.         0.         0.         0.34253503
  0.64       0.         0.         0.256      0.03183667 0.
  0.         0.         0.         0.256      0.256      0.
  0.         0.         0.         0.         0.         0.
  0.         0.         0.         0.         0.         0.
  0.         0.         0.64       0.         0.         0.8
  0.256      0.09551002 0.         0.         0.         0.64
  0.         0.         0.         0.         0.         0.
  0.256      0.         0.         0.         0.         0.02645056
  0.         0.03295268 0.         0.         0.         0.
  0.         0.         0.256      0.         0.64       0.256
  0.         0.         0.256      0.05392717 0.256      0.
  0.         0.         0.256      0.         0.         0.
  0.         0.         0.64       0.         0.         0.
  0.64       0.         0.         0.09551002 0.64       0.
  0.         0.09551002 0.         0.         0.         0.
  0.04868355 0.         0.         0.         0.64       0.8
  0.256      0.         0.64       0.         0.64       0.256
  1.         0.         0.         0.         0.         0.09551002
  0.64       0.         0.         0.         0.         0.64
  0.         0.         0.64       0.256      0.8        0.64
  0.         0.         0.64       0.09551002 0.         0.09551002
  0.         0.         0.64       0.         0.04408427 0.
  0.09551002 0.         0.03295268 0.03295268 0.         0.
  0.         0.         0.         0.256      0.         0.
  0.         0.         0.44507006 0.         0.09551002 0.
  0.         0.         0.         0.         0.         0.
  0.         0.256      0.         0.09551002 0.09551002 0.
  0.         0.256      0.         0.         0.         0.
  0.         0.         0.         0.         0.64       0.40788717
  0.         0.         0.         0.         0.         0.
  0.         0.256      0.256      0.         0.         0.
  0.         0.         0.         0.         0.         0.
  0.8        0.64       0.         0.         0.         0.
  0.         0.         0.         0.         0.         0.06102698
  0.256      0.         0.         0.         0.         0.
  0.        ]]"
"[[0.         0.         0.         0.         0.         0.
  0.         0.         0.         0.         0.         0.
  0.         0.         0.         0.         0.         0.
  0.         0.         0.         0.         0.         0.
  0.         0.         0.         0.         0.         0.
  0.         0.         0.         0.         0.         0.
  0.         0.         0.17773479 0.         0.         0.
  0.         0.         0.         0.         0.         0.
  0.         0.         0.         0.         0.         0.
  0.         0.         0.         0.         0.         0.
  0.         0.         0.         0.         0.         0.
  0.         0.         0.         0.20789674 0.         0.
  0.         0.         0.         0.         0.         0.
  0.         0.         0.         0.         0.         0.
  0.         0.         0.         0.         0.         0.
  0.         0.         0.         0.         0.         0.
  0.         0.         0.         0.         0.         0.
  0.         0.         0.         0.         0.         0.
  0.         0.         0.         0.         0.         0.
  0.         0.         0.         0.         0.         0.
  0.         0.         0.         0.         0.         0.
  0.         0.         0.         0.         0.         0.
  0.         0.         0.11659864 0.         0.         0.
  0.         0.         0.         0.         0.         0.
  0.         0.         0.         0.         0.         0.
  0.         0.         0.         0.         0.         0.
  0.         0.         0.         0.         0.         0.
  0.         0.         0.         0.         0.         0.
  0.         0.         0.         0.         0.         0.
  0.         0.         0.         0.         0.         0.
  0.         0.         0.         0.         0.         0.
  0.         0.         0.         0.         0.         0.
  0.         0.         0.         0.         0.         0.
  0.         0.         0.         0.         0.         0.
  0.         0.         0.         0.         0.         0.
  0.         0.         0.         0.         0.         0.11564337
  0.         0.         0.         0.         0.         0.
  0.         0.         0.         0.         0.         0.
  0.         0.         0.         0.         0.         0.
  0.         0.         0.         0.         0.         0.
  0.         0.         0.         0.         0.         0.
  0.         0.         0.         0.         0.         0.
  0.         0.         0.         0.         0.         0.
  0.         0.         0.         0.         0.         0.16674858
  0.         0.         0.         0.         0.         0.
  0.         0.         0.         0.         0.         0.
  0.         0.17970198 0.         0.         0.         0.
  0.         0.         0.         0.17773479 0.         0.
  0.         0.         0.         0.         0.         0.
  0.         0.         0.         0.         0.16816683 0.
  0.         0.         0.         0.         0.         0.
  0.         0.         0.         0.         0.         0.
  0.         0.         0.         0.         0.         0.
  0.         0.         0.         0.         0.         0.
  0.         0.         0.         0.         0.         0.
  0.         0.         0.         0.         0.         0.
  0.         0.         0.         0.         0.         0.
  0.11564337 0.         0.         0.         0.         0.
  0.         0.11564337 0.         0.         0.         0.
  0.         0.         0.         0.         0.         0.
  0.         1.         0.         0.         0.         0.
  0.         0.         0.         0.         0.         0.
  0.         0.         0.         0.         0.         0.
  0.         0.         0.         0.         0.         0.
  0.         0.         0.         0.         0.         0.
  0.         0.         0.         0.         0.         0.
  0.         0.         0.         0.         0.         0.
  0.         0.         0.         0.         0.         0.
  0.         0.17970198 0.         0.1926044  0.         0.
  0.         0.         0.         0.         0.         0.20789674
  0.         0.         0.         0.         0.         0.
  0.         0.         0.         0.         0.         0.
  0.         0.17970198 0.         0.         0.         0.
  0.         0.         0.         0.         0.         0.
  0.         0.         0.         0.         0.         0.
  0.         0.         0.17322203 0.         0.         0.17675119
  0.         0.         0.         0.         0.         0.
  0.         0.         0.         0.         0.         0.
  0.        ]]"
"[[0.         0.         0.         0.         0.         0.
  0.         0.         0.         0.         0.         0.
  0.         0.         0.         0.         0.         0.
  0.         0.         0.         0.         0.         0.
  0.         0.128      0.         0.         0.         0.
  0.         0.         0.29866667 0.         0.         0.
  0.         0.         0.         0.         0.         0.
  0.         0.         0.         0.         0.         0.
  0.         0.         0.         0.256      0.         0.
  0.         0.         0.         0.8        0.         0.
  0.         0.         0.         0.2048     0.64       0.
  0.         0.         0.         0.         0.29866667 0.
  0.256      0.         0.         0.256      0.         0.
  0.64       0.         0.         0.         0.         0.
  0.8        0.64       0.         0.         0.         0.
  0.         0.         0.         0.         0.         0.64
  0.         0.256      0.         0.         0.         0.
  0.         0.         0.         0.8        0.         0.
  0.         0.         0.         0.         0.         0.
  0.         0.64       0.         0.         0.         0.
  0.         0.         0.         0.         0.         0.
  0.         0.         0.         0.128      0.         0.
  0.         0.         0.         0.         0.         0.
  0.         0.         0.         0.         0.         0.
  0.         0.         0.         0.         0.         0.
  0.         0.         0.         0.         0.         0.
  0.         0.         0.         0.         0.         0.
  0.         0.         0.         0.         0.         0.
  0.         0.         0.         0.         0.         0.
  0.         0.         0.         0.         0.8        0.
  0.         0.         0.         0.         0.         0.
  0.         0.         0.         0.         0.         0.
  0.         0.8        0.         0.         0.         0.
  0.         0.128      0.         0.         0.         0.
  0.         0.2048     0.         0.         0.         0.
  0.         0.         0.         0.64       0.         0.
  0.         0.04266667 0.         0.         0.         0.
  0.         0.         0.         0.         0.         0.
  0.         0.         0.2048     0.         0.         0.04266667
  0.         0.         0.         0.8        0.         0.
  0.         0.         0.         0.         0.         0.
  0.         0.         0.         0.         0.         0.
  0.         0.         0.         0.         0.         0.
  0.         0.         0.         0.         0.         0.
  0.         0.         0.         0.         0.         0.8
  0.         0.         0.         0.         0.2048     0.
  0.         0.         0.         0.64       0.         0.
  0.         0.         0.         0.         0.         0.
  0.         0.         0.8        0.         0.         0.
  0.04266667 0.         0.         0.         0.         0.29866667
  0.         0.         0.         0.8        0.         0.
  0.         0.         0.         0.         0.8        0.
  0.         0.         0.         0.         0.         0.
  0.         0.         0.         0.         0.         0.
  0.         0.         0.         0.         0.29866667 0.
  0.         0.         0.         0.         0.04266667 0.
  0.         0.         0.         0.         0.         0.
  0.         0.         0.         0.256      0.         0.
  0.         0.         0.         0.         0.         0.
  0.         0.         0.         0.         0.         0.
  0.         0.         1.         0.         0.256      0.
  0.         0.         0.8        0.         0.         0.
  0.         0.         0.         0.         0.         0.
  0.         0.         0.         0.         0.         0.
  0.         0.256      0.         0.2048     0.         0.
  0.         0.         0.         0.         0.         0.8
  0.         0.         0.         0.         0.         0.
  0.         0.         0.         0.2048     0.         0.8
  0.         0.         0.         0.         0.         0.
  0.         0.         0.         0.         0.         0.
  0.         0.         0.         0.         0.         0.
  0.         0.         0.         0.64       0.         0.
  0.         0.         0.         0.8        0.         0.
  0.         0.         0.         0.         0.         0.
  0.8        0.8        0.         0.         0.         0.
  0.         0.         0.         0.         0.         0.
  0.         0.         0.         0.         0.8        0.
  0.         0.8        0.2048     0.256      0.         0.
  0.        ]]"
"[[0.         0.         0.         0.         0.         0.
  0.         0.         0.         0.         0.         0.
  0.         0.         0.         0.         0.         0.
  0.8        0.         0.         0.8        0.         0.
  0.         0.         0.         0.         0.18027303 0.
  0.         0.1714402  0.         0.         0.         0.
  0.         0.8        0.         0.         0.8        0.
  0.         0.         0.08535929 0.         0.         0.
  0.         0.         0.         0.         0.         0.
  0.         0.         0.         0.         0.12027214 0.
  0.         0.         0.         0.         0.         0.8
  0.         0.         0.         0.         0.         0.
  0.         0.         0.         0.         0.         0.
  0.         0.         0.8        0.8        0.12856171 0.
  0.         0.         0.         0.16985201 0.         0.8
  0.         0.         0.         0.         0.         0.
  0.8        0.         0.         0.8        0.         0.
  0.         0.         0.         0.         0.         0.
  0.8        0.8        0.         0.         0.         0.
  0.         0.         0.         0.         0.         0.
  0.         0.         0.08526979 0.         0.         0.
  0.         0.         0.         0.         0.8        0.
  0.         0.         0.         0.         0.         0.
  0.         0.         0.         0.11346386 0.8        0.
  0.         0.         0.         0.         0.         0.
  0.         0.         0.         0.         0.         0.
  0.         0.         0.         0.         0.         0.8
  0.         0.         0.         0.         0.         0.8
  0.         0.         0.         0.         0.         0.
  0.         0.8        0.         0.         0.         0.
  0.         0.         0.         0.         0.         0.08535929
  0.         0.         0.         0.07191812 0.         0.
  0.         0.         0.         0.         0.         0.
  0.         0.         0.         0.         0.         0.
  0.8        0.         0.         0.         0.8        0.8
  0.         0.         0.         0.         0.         0.
  0.         0.         0.         0.         0.         0.
  0.         0.         0.         0.         0.         0.
  0.         0.         0.         0.         0.         0.
  0.         0.         0.         0.         0.         0.
  0.         0.         0.06428085 0.         0.         0.
  0.8        0.         0.         0.         0.8        0.
  0.         0.         0.12869422 0.         0.11497495 0.
  0.         0.         0.         0.         0.         0.
  0.         0.         0.         0.         0.         0.
  0.         0.         0.         0.         0.         0.
  0.         0.         0.         0.         0.         0.
  0.         0.         0.         0.         0.         0.
  0.         0.         0.         0.         0.8        0.
  0.         0.         0.         0.         0.         0.
  0.         0.         0.8        0.         0.08719264 0.
  0.8        0.         0.         0.         0.         0.
  0.         0.         0.         0.         0.         0.
  0.         0.         0.         0.         0.         0.
  0.         0.         0.         0.         0.         0.
  0.18027303 0.8        0.         0.         0.         0.
  0.         0.8        0.8        0.         0.         0.
  0.         0.         0.         0.         0.         0.
  0.         0.         0.8        0.         0.         0.
  0.         0.8        0.         0.         0.         0.
  0.         0.         0.         1.         0.         0.
  0.         0.         0.         0.         0.         0.
  0.         0.         0.         0.         0.         0.
  0.08297931 0.         0.         0.         0.         0.
  0.         0.         0.         0.         0.         0.
  0.         0.8        0.         0.         0.         0.
  0.08630174 0.         0.         0.         0.8        0.8
  0.         0.         0.         0.         0.         0.
  0.         0.         0.         0.         0.         0.
  0.         0.         0.8        0.         0.         0.
  0.         0.         0.1714402  0.         0.         0.8
  0.         0.         0.8        0.         0.         0.
  0.         0.         0.09648754 0.         0.8        0.
  0.         0.         0.         0.         0.09648754 0.
  0.         0.         0.         0.         0.         0.
  0.         0.         0.         0.         0.         0.
  0.         0.09958583 0.         0.8        0.         0.
  0.         0.         0.         0.         0.11027147 0.
  0.        ]]"
"[[0.         0.         0.         0.         0.         0.
  0.         0.         0.         0.         0.         0.
  0.         0.         0.         0.         0.         0.
  0.         0.         0.         0.         0.         0.
  0.         0.32       0.         0.         0.         0.
  0.         0.         0.29866667 0.         0.         0.
  0.         0.         0.         0.         0.         0.
  0.         0.         0.         0.         0.         0.
  0.         0.         0.         0.8        0.         0.
  0.         0.         0.         0.256      0.         0.
  0.         0.         0.         0.17066667 0.256      0.
  0.         0.         0.         0.         0.29866667 0.
  0.8        0.         0.         0.8        0.         0.
  0.256      0.         0.         0.         0.         0.
  0.256      0.256      0.         0.         0.         0.
  0.         0.         0.         0.         0.         0.256
  0.         0.8        0.         0.         0.         0.
  0.         0.         0.         0.256      0.         0.
  0.         0.         0.         0.         0.         0.
  0.         0.256      0.         0.         0.         0.
  0.         0.         0.         0.         0.         0.
  0.         0.         0.         0.32       0.         0.
  0.         0.         0.         0.         0.         0.
  0.         0.         0.         0.         0.         0.
  0.         0.         0.         0.         0.         0.
  0.         0.         0.         0.         0.         0.
  0.         0.         0.         0.         0.         0.
  0.         0.         0.         0.         0.         0.
  0.         0.         0.         0.         0.         0.
  0.         0.         0.         0.         0.256      0.
  0.         0.         0.         0.         0.         0.
  0.         0.         0.         0.         0.         0.
  0.         0.256      0.         0.         0.         0.
  0.         0.32       0.         0.         0.         0.
  0.         0.17066667 0.         0.         0.         0.
  0.         0.         0.         0.256      0.         0.
  0.         0.10666667 0.         0.         0.         0.
  0.         0.         0.         0.         0.         0.
  0.         0.         0.17066667 0.         0.         0.10666667
  0.         0.         0.         0.256      0.         0.
  0.         0.         0.         0.         0.         0.
  0.         0.         0.         0.         0.         0.
  0.         0.         0.         0.         0.         0.
  0.         0.         0.         0.         0.         0.
  0.         0.         0.         0.         0.         0.256
  0.         0.         0.         0.         0.17066667 0.
  0.         0.         0.         0.256      0.         0.
  0.         0.         0.         0.         0.         0.
  0.         0.         0.256      0.         0.         0.
  0.10666667 0.         0.         0.         0.         0.29866667
  0.         0.         0.         0.256      0.         0.
  0.         0.         0.         0.         0.256      0.
  0.         0.         0.         0.         0.         0.
  0.         0.         0.         0.         0.         0.
  0.         0.         0.         0.         0.29866667 0.
  0.         0.         0.         0.         0.10666667 0.
  0.         0.         0.         0.         0.         0.
  0.         0.         0.         0.8        0.         0.
  0.         0.         0.         0.         0.         0.
  0.         0.         0.         0.         0.         0.
  0.         0.         0.256      0.         1.         0.
  0.         0.         0.256      0.         0.         0.
  0.         0.         0.         0.         0.         0.
  0.         0.         0.         0.         0.         0.
  0.         0.8        0.         0.17066667 0.         0.
  0.         0.         0.         0.         0.         0.256
  0.         0.         0.         0.         0.         0.
  0.         0.         0.         0.17066667 0.         0.256
  0.         0.         0.         0.         0.         0.
  0.         0.         0.         0.         0.         0.
  0.         0.         0.         0.         0.         0.
  0.         0.         0.         0.256      0.         0.
  0.         0.         0.         0.256      0.         0.
  0.         0.         0.         0.         0.         0.
  0.256      0.256      0.         0.         0.         0.
  0.         0.         0.         0.         0.         0.
  0.         0.         0.         0.         0.256      0.
  0.         0.256      0.17066667 0.8        0.         0.
  0.        ]]"
"[[0.         0.         0.         0.         0.         0.
  0.         0.         0.         0.         0.         0.
  0.         0.         0.         0.21333333 0.         0.04621189
  0.         0.         0.         0.         0.         0.
  0.         0.         0.21333333 0.21333333 0.         0.11940134
  0.21333333 0.         0.         0.         0.         0.
  0.         0.         0.         0.21333333 0.         0.
  0.         0.21333333 0.         0.         0.         0.
  0.         0.         0.21333333 0.         0.         0.
  0.         0.09551002 0.         0.         0.         0.
  0.09551002 0.09078023 0.21333333 0.         0.         0.
  0.         0.         0.         0.         0.         0.09551002
  0.         0.         0.21333333 0.         0.         0.
  0.         0.         0.         0.         0.         0.
  0.         0.         0.         0.         0.         0.
  0.         0.09551002 0.         0.         0.         0.
  0.         0.         0.09551002 0.         0.         0.
  0.         0.43878689 0.11940134 0.         0.09551002 0.
  0.         0.         0.         0.8        0.05117994 0.
  0.05117994 0.         0.         0.09494043 0.         0.09494043
  0.         0.         0.         0.         0.         0.09551002
  0.         0.21333333 0.         0.         0.         0.
  0.         0.         0.         0.         0.         0.09551002
  0.09551002 0.         0.         0.         0.         0.
  0.09551002 0.         0.         0.21333333 0.         0.
  0.         0.04621189 0.         0.         0.         0.8
  0.21333333 0.         0.         0.09551002 0.         0.
  0.         0.         0.05117994 0.         0.10666667 0.
  0.21333333 0.         0.04621189 0.21333333 0.         0.
  0.         0.         0.         0.         0.         0.
  0.         0.09551002 0.         0.         0.         0.
  0.09551002 0.         0.21333333 0.         0.         0.
  0.         0.         0.21333333 0.         0.         0.21333333
  0.09551002 0.         0.         0.         0.         0.09551002
  0.         0.         0.         0.         0.         0.
  0.         0.         0.         0.         0.         0.
  0.09551002 0.         0.         0.8        0.11940134 0.
  0.         0.09551002 0.07757377 0.04775501 0.         0.
  0.09551002 0.         0.         0.         0.         0.
  0.         0.09551002 0.09551002 0.         0.         0.21333333
  0.         0.21333333 0.         0.09551002 0.07757377 0.
  0.         0.         0.         0.         0.         0.04724064
  0.         0.21333333 0.         0.         0.         0.09078023
  0.09551002 0.         0.         0.21333333 0.09696904 0.
  0.         0.         0.         0.21333333 0.21333333 0.
  0.         0.         0.         0.         0.         0.
  0.         0.         0.         0.         0.         0.
  0.         0.         0.09551002 0.         0.         0.09551002
  0.21333333 0.31838252 0.         0.         0.         0.09551002
  0.         0.         0.         0.         0.         0.
  0.21333333 0.         0.         0.         0.         0.06462253
  0.         0.0277926  0.         0.         0.         0.
  0.         0.         0.21333333 0.         0.09551002 0.21333333
  0.         0.         0.21333333 0.05897572 0.21333333 0.
  0.         0.         0.21333333 0.         0.         0.
  0.         0.         0.09551002 0.         0.         0.
  0.09551002 0.         0.         0.8        0.09551002 0.
  0.         0.8        0.         0.         0.         0.
  0.05117994 0.         0.         0.         0.09551002 0.09551002
  0.21333333 0.         0.09551002 0.         0.09551002 0.21333333
  0.09551002 0.         0.         0.         0.         1.
  0.09551002 0.         0.         0.         0.         0.09551002
  0.         0.         0.09551002 0.21333333 0.09551002 0.09551002
  0.         0.         0.09551002 0.8        0.         0.43878689
  0.         0.         0.09551002 0.         0.03659311 0.
  0.8        0.         0.0277926  0.0277926  0.11940134 0.
  0.         0.         0.         0.21333333 0.         0.
  0.         0.         0.07086095 0.         0.43878689 0.
  0.         0.         0.         0.         0.21333333 0.
  0.         0.21333333 0.         0.8        0.07757377 0.
  0.         0.21333333 0.         0.         0.         0.
  0.         0.         0.         0.         0.09551002 0.09052911
  0.         0.         0.         0.         0.         0.
  0.         0.21333333 0.21333333 0.         0.         0.
  0.         0.         0.         0.         0.         0.
  0.09551002 0.09551002 0.         0.         0.         0.
  0.         0.         0.         0.         0.         0.07142535
  0.21333333 0.         0.         0.         0.         0.
  0.        ]]"
"[[0.         0.         0.         0.         0.         0.
  0.         0.         0.         0.         0.         0.
  0.         0.         0.         0.256      0.         0.09014012
  0.         0.         0.         0.         0.         0.
  0.         0.         0.256      0.256      0.         0.
  0.256      0.         0.         0.         0.         0.
  0.         0.         0.         0.256      0.         0.
  0.         0.256      0.         0.         0.         0.
  0.         0.         0.256      0.         0.         0.
  0.         0.64       0.         0.         0.         0.
  0.64       0.34253503 0.256      0.         0.         0.
  0.         0.         0.         0.         0.         0.64
  0.         0.         0.256      0.         0.         0.
  0.         0.         0.         0.         0.         0.
  0.         0.         0.         0.         0.         0.
  0.         0.64       0.         0.         0.         0.
  0.         0.         0.64       0.         0.         0.
  0.         0.09551002 0.         0.         0.64       0.
  0.         0.         0.         0.09551002 0.04868355 0.
  0.04868355 0.         0.         0.06248139 0.         0.06248139
  0.         0.         0.         0.         0.         0.64
  0.         0.256      0.         0.         0.         0.
  0.         0.         0.         0.         0.         0.64
  0.8        0.         0.         0.         0.         0.
  0.64       0.         0.         0.256      0.         0.
  0.         0.09014012 0.         0.         0.         0.09551002
  0.256      0.         0.         0.64       0.         0.
  0.         0.         0.04868355 0.         0.         0.
  0.256      0.         0.09014012 0.256      0.         0.
  0.         0.         0.         0.         0.         0.
  0.         0.8        0.         0.         0.         0.
  0.72       0.         0.256      0.         0.         0.
  0.         0.         0.256      0.         0.         0.
  0.64       0.         0.         0.         0.         0.64
  0.         0.         0.         0.         0.         0.
  0.         0.         0.         0.         0.         0.
  0.64       0.         0.         0.09551002 0.         0.
  0.         0.8        0.09551002 0.32       0.         0.
  0.64       0.         0.         0.         0.         0.
  0.         0.64       0.8        0.         0.         0.256
  0.         0.256      0.         0.8        0.09551002 0.
  0.         0.         0.         0.         0.         0.24338004
  0.         0.256      0.         0.         0.         0.34253503
  0.64       0.         0.         0.256      0.03183667 0.
  0.         0.         0.         0.256      0.256      0.
  0.         0.         0.         0.         0.         0.
  0.         0.         0.         0.         0.         0.
  0.         0.         0.64       0.         0.         0.64
  0.256      0.09551002 0.         0.         0.         0.64
  0.         0.         0.         0.         0.         0.
  0.256      0.         0.         0.         0.         0.02645056
  0.         0.03295268 0.         0.         0.         0.
  0.         0.         0.256      0.         0.64       0.256
  0.         0.         0.256      0.05392717 0.256      0.
  0.         0.         0.256      0.         0.         0.
  0.         0.         0.8        0.         0.         0.
  0.8        0.         0.         0.09551002 0.8        0.
  0.         0.09551002 0.         0.         0.         0.
  0.04868355 0.         0.         0.         0.64       0.64
  0.256      0.         0.8        0.         0.8        0.256
  0.64       0.         0.         0.         0.         0.09551002
  1.         0.         0.         0.         0.         0.64
  0.         0.         0.64       0.256      0.64       0.8
  0.         0.         0.8        0.09551002 0.         0.09551002
  0.         0.         0.64       0.         0.04408427 0.
  0.09551002 0.         0.03295268 0.03295268 0.         0.
  0.         0.         0.         0.256      0.         0.
  0.         0.         0.36507006 0.         0.09551002 0.
  0.         0.         0.         0.         0.         0.
  0.         0.256      0.         0.09551002 0.09551002 0.
  0.         0.256      0.         0.         0.         0.
  0.         0.         0.         0.         0.8        0.40788717
  0.         0.         0.         0.         0.         0.
  0.         0.256      0.256      0.         0.         0.
  0.         0.         0.         0.         0.         0.
  0.64       0.8        0.         0.         0.         0.
  0.         0.         0.         0.         0.         0.06102698
  0.256      0.         0.         0.         0.         0.
  0.        ]]"
"[[0.         0.         0.         0.         0.         0.
  0.         0.         0.         0.         0.         0.
  0.         0.         0.         0.         0.         0.
  0.         0.16406402 0.15719072 0.         0.32304802 0.
  0.         0.         0.         0.         0.         0.
  0.         0.         0.         0.38220217 0.         0.
  0.         0.         0.         0.         0.         0.17545659
  0.18828327 0.         0.         0.         0.         0.
  0.         0.         0.         0.         0.         0.
  0.         0.         0.         0.         0.         0.
  0.         0.         0.         0.         0.         0.
  0.         0.         0.37068962 0.         0.         0.
  0.         0.         0.         0.         0.         0.
  0.         0.         0.         0.         0.         0.
  0.         0.         0.         0.         0.         0.
  0.31682183 0.         0.18882545 0.         0.2278336  0.
  0.         0.         0.         0.         0.         0.
  0.         0.         0.         0.         0.         0.36381632
  0.         0.         0.         0.         0.         0.
  0.         0.         0.         0.         0.         0.
  0.         0.         0.         0.         0.         0.
  0.         0.         0.         0.         0.         0.
  0.         0.         0.         0.15521844 0.         0.
  0.         0.         0.         0.         0.         0.
  0.         0.         0.         0.         0.         0.
  0.19420319 0.         0.         0.         0.         0.
  0.         0.         0.         0.         0.         0.
  0.         0.         0.         0.37701893 0.         0.
  0.         0.         0.         0.         0.         0.
  0.         0.         0.         0.         0.         0.
  0.         0.         0.         0.         0.         0.
  0.         0.         0.         0.         0.         0.
  0.         0.         0.         0.         0.         0.
  0.         0.         0.         0.         0.18655215 0.
  0.         0.         0.         0.         0.         0.
  0.         0.         0.         0.         0.         0.
  0.         0.         0.         0.         0.         0.
  0.         0.         0.         0.         0.         0.
  0.         0.         0.         0.         0.         0.
  0.         0.         0.         0.         0.         0.
  0.         0.         0.         0.         0.         0.
  0.         0.         0.         0.         0.         0.
  0.         0.         0.         0.         0.         0.
  0.         0.         0.         0.         0.         0.
  0.         0.         0.         0.         0.         0.
  0.         0.17644344 0.         0.         0.         0.18586377
  0.         0.         0.         0.         0.         0.
  0.         0.         0.         0.         0.         0.
  0.         0.         0.         0.         0.         0.
  0.         0.         0.         0.         0.         0.
  0.         0.         0.         0.         0.         0.
  0.         0.         0.         0.         0.         0.
  0.         0.         0.         0.         0.         0.
  0.         0.20370841 0.         0.         0.         0.
  0.         0.18409448 0.         0.         0.         0.19166435
  0.         0.         0.         0.         0.         0.
  0.         0.         0.         0.         0.         0.
  0.         0.         0.         0.         0.         0.
  0.         0.         0.         0.         0.         0.
  0.         0.         0.         0.         0.         0.
  0.         0.         0.         0.         0.         0.
  0.         1.         0.         0.         0.         0.
  0.         0.         0.         0.         0.         0.
  0.         0.         0.         0.         0.         0.
  0.1837587  0.         0.         0.         0.         0.
  0.         0.         0.         0.         0.         0.
  0.         0.         0.         0.         0.         0.
  0.         0.         0.         0.         0.         0.
  0.         0.         0.         0.         0.         0.
  0.         0.         0.         0.         0.         0.
  0.15521844 0.         0.         0.         0.         0.
  0.         0.         0.         0.         0.         0.
  0.         0.         0.         0.         0.         0.20276228
  0.         0.         0.         0.         0.         0.
  0.         0.         0.         0.         0.         0.
  0.         0.         0.         0.         0.         0.
  0.         0.         0.         0.         0.         0.
  0.         0.         0.         0.         0.         0.
  0.        ]]"
"[[0.         0.         0.         0.         0.         0.
  0.         0.         0.         0.         0.         0.
  0.         0.         0.         0.         0.         0.
  0.         0.         0.         0.         0.         0.
  0.         0.128      0.         0.         0.         0.
  0.         0.         0.29866667 0.         0.         0.
  0.         0.         0.         0.         0.         0.
  0.         0.         0.         0.         0.         0.
  0.         0.         0.         0.256      0.         0.
  0.         0.         0.         0.8        0.         0.
  0.         0.         0.         0.2048     0.64       0.
  0.         0.         0.         0.         0.29866667 0.
  0.256      0.         0.         0.256      0.         0.
  0.64       0.         0.         0.         0.         0.
  0.8        0.64       0.         0.         0.         0.
  0.         0.         0.         0.         0.         0.64
  0.         0.256      0.         0.         0.         0.
  0.         0.         0.         0.8        0.         0.
  0.         0.         0.         0.         0.         0.
  0.         0.64       0.         0.         0.         0.
  0.         0.         0.         0.         0.         0.
  0.         0.         0.         0.128      0.         0.
  0.         0.         0.         0.         0.         0.
  0.         0.         0.         0.         0.         0.
  0.         0.         0.         0.         0.         0.
  0.         0.         0.         0.         0.         0.
  0.         0.         0.         0.         0.         0.
  0.         0.         0.         0.         0.         0.
  0.         0.         0.         0.         0.         0.
  0.         0.         0.         0.         0.8        0.
  0.         0.         0.         0.         0.         0.
  0.         0.         0.         0.         0.         0.
  0.         0.8        0.         0.         0.         0.
  0.         0.128      0.         0.         0.         0.
  0.         0.2048     0.         0.         0.         0.
  0.         0.         0.         0.64       0.         0.
  0.         0.04266667 0.         0.         0.         0.
  0.         0.         0.         0.         0.         0.
  0.         0.         0.2048     0.         0.         0.04266667
  0.         0.         0.         0.8        0.         0.
  0.         0.         0.         0.         0.         0.
  0.         0.         0.         0.         0.         0.
  0.         0.         0.         0.         0.         0.
  0.         0.         0.         0.         0.         0.
  0.         0.         0.         0.         0.         0.8
  0.         0.         0.         0.         0.2048     0.
  0.         0.         0.         0.64       0.         0.
  0.         0.         0.         0.         0.         0.
  0.         0.         0.8        0.         0.         0.
  0.04266667 0.         0.         0.         0.         0.29866667
  0.         0.         0.         0.8        0.         0.
  0.         0.         0.         0.         0.8        0.
  0.         0.         0.         0.         0.         0.
  0.         0.         0.         0.         0.         0.
  0.         0.         0.         0.         0.29866667 0.
  0.         0.         0.         0.         0.04266667 0.
  0.         0.         0.         0.         0.         0.
  0.         0.         0.         0.256      0.         0.
  0.         0.         0.         0.         0.         0.
  0.         0.         0.         0.         0.         0.
  0.         0.         0.8        0.         0.256      0.
  0.         0.         1.         0.         0.         0.
  0.         0.         0.         0.         0.         0.
  0.         0.         0.         0.         0.         0.
  0.         0.256      0.         0.2048     0.         0.
  0.         0.         0.         0.         0.         0.8
  0.         0.         0.         0.         0.         0.
  0.         0.         0.         0.2048     0.         0.8
  0.         0.         0.         0.         0.         0.
  0.         0.         0.         0.         0.         0.
  0.         0.         0.         0.         0.         0.
  0.         0.         0.         0.64       0.         0.
  0.         0.         0.         0.8        0.         0.
  0.         0.         0.         0.         0.         0.
  0.8        0.8        0.         0.         0.         0.
  0.         0.         0.         0.         0.         0.
  0.         0.         0.         0.         0.8        0.
  0.         0.8        0.2048     0.256      0.         0.
  0.        ]]"
"[[0.         0.         0.         0.         0.         0.
  0.         0.         0.         0.         0.         0.
  0.         0.         0.44519629 0.         0.34109358 0.
  0.         0.         0.         0.         0.         0.30504223
  0.         0.         0.         0.         0.         0.
  0.         0.         0.         0.         0.16722223 0.19688817
  0.8        0.         0.         0.         0.         0.
  0.         0.         0.         0.         0.35217833 0.44519629
  0.49844408 0.44519629 0.         0.         0.16722223 0.31392908
  0.19688817 0.         0.21882826 0.         0.         0.27036244
  0.         0.         0.         0.         0.         0.
  0.44519629 0.         0.         0.         0.         0.
  0.         0.8        0.         0.         0.8        0.30559631
  0.         0.31392908 0.         0.         0.         0.32104223
  0.         0.         0.48069482 0.         0.         0.
  0.         0.         0.         0.8        0.         0.
  0.         0.         0.         0.         0.44519629 0.19688817
  0.27244033 0.         0.         0.         0.         0.
  0.         0.         0.8        0.         0.         0.8
  0.         0.         0.35217833 0.         0.         0.
  0.26934124 0.44519629 0.         0.8        0.         0.
  0.19803805 0.         0.21273726 0.         0.         0.33661028
  0.23367679 0.19803805 0.         0.         0.         0.
  0.         0.34800769 0.30330801 0.         0.         0.44519629
  0.         0.19803805 0.25181577 0.         0.44519629 0.44519629
  0.         0.         0.22385962 0.8        0.30559631 0.
  0.         0.23221395 0.2088635  0.         0.         0.
  0.30030989 0.44519629 0.         0.         0.         0.
  0.         0.15772201 0.         0.         0.35121833 0.44519629
  0.8        0.         0.32270512 0.8        0.         0.25781531
  0.8        0.         0.33221926 0.2599427  0.8        0.
  0.         0.         0.         0.         0.         0.28911228
  0.27976745 0.         0.         0.         0.35217833 0.
  0.         0.         0.         0.19688817 0.         0.
  0.         0.         0.44519629 0.44519629 0.         0.
  0.25335758 0.8        0.44519629 0.         0.3007382  0.
  0.         0.         0.8        0.         0.         0.
  0.53988372 0.         0.         0.         0.         0.30559631
  0.         0.44519629 0.         0.16722223 0.23221395 0.
  0.19688817 0.         0.         0.         0.         0.
  0.         0.         0.         0.         0.         0.30559631
  0.         0.22204062 0.44519629 0.30330801 0.         0.
  0.8        0.         0.         0.         0.         0.
  0.         0.19688817 0.         0.         0.         0.
  0.30559631 0.         0.44519629 0.         0.         0.
  0.         0.         0.30330801 0.44519629 0.         0.
  0.30030989 0.         0.8        0.         0.26506675 0.8
  0.19688817 0.16938025 0.         0.         0.23221395 0.
  0.         0.         0.         0.8        0.         0.
  0.         0.3976032  0.         0.4551134  0.         0.
  0.         0.32104223 0.         0.         0.         0.
  0.         0.         0.44519629 0.19803805 0.         0.44519629
  0.19688817 0.18448348 0.         0.19803805 0.         0.
  0.32270512 0.         0.         0.         0.         0.26945262
  0.23880605 0.         0.         0.8        0.         0.
  0.         0.         0.         0.         0.         0.23221395
  0.         0.         0.         0.         0.         0.38318432
  0.         0.         0.         0.         0.23220332 0.
  0.         0.         0.         0.26890513 0.         0.
  0.         0.         0.         0.27976745 0.         0.
  0.         0.         0.         0.         0.         0.
  0.         0.         0.         1.         0.         0.
  0.44519629 0.44519629 0.         0.         0.         0.
  0.         0.27067282 0.         0.         0.         0.
  0.         0.         0.         0.         0.         0.44519629
  0.         0.         0.         0.         0.         0.
  0.         0.         0.         0.         0.         0.
  0.31138062 0.         0.         0.         0.         0.
  0.19803805 0.         0.2509652  0.         0.         0.22037888
  0.30330801 0.         0.         0.         0.         0.
  0.         0.         0.         0.44519629 0.53988372 0.
  0.19803805 0.30504223 0.         0.         0.         0.
  0.8        0.         0.         0.         0.         0.
  0.30330801 0.         0.         0.19688817 0.         0.
  0.         0.         0.         0.         0.8        0.49844408
  0.         0.         0.         0.8        0.8        0.
  0.8        0.         0.44519629 0.         0.         0.
  0.         0.         0.         0.         0.         0.
  0.        ]]"
"[[0.         0.         0.         0.         0.         0.
  0.         0.         0.         0.         0.         0.
  0.         0.         0.         0.         0.         0.
  0.         0.         0.         0.         0.         0.
  0.         0.         0.         0.         0.         0.
  0.         0.         0.         0.         0.         0.
  0.         0.         0.         0.         0.         0.
  0.         0.         0.         0.40943792 0.         0.
  0.         0.         0.         0.         0.         0.
  0.         0.         0.         0.         0.         0.
  0.         0.         0.         0.         0.         0.
  0.         0.         0.         0.         0.         0.
  0.         0.         0.         0.         0.         0.
  0.         0.         0.         0.         0.         0.
  0.         0.         0.         0.         0.3848062  0.
  0.         0.         0.         0.         0.         0.
  0.         0.         0.         0.         0.         0.
  0.         0.         0.         0.         0.         0.
  0.         0.         0.         0.         0.         0.
  0.         0.         0.         0.         0.         0.
  0.         0.         0.         0.         0.43276031 0.
  0.         0.         0.         0.         0.         0.
  0.         0.         0.         0.         0.         0.
  0.         0.         0.         0.         0.         0.
  0.         0.         0.         0.         0.         0.
  0.         0.         0.         0.         0.         0.
  0.         0.         0.         0.         0.         0.
  0.         0.         0.         0.         0.         0.
  0.         0.         0.         0.         0.         0.
  0.         0.         0.         0.         0.         0.
  0.         0.         0.         0.         0.         0.
  0.         0.41677561 0.         0.         0.43145098 0.
  0.         0.         0.         0.         0.         0.
  0.         0.         0.41590272 0.         0.         0.
  0.         0.         0.         0.         0.         0.
  0.         0.         0.         0.         0.         0.
  0.         0.         0.         0.         0.         0.
  0.         0.         0.         0.         0.         0.
  0.         0.         0.         0.         0.         0.
  0.         0.         0.         0.         0.         0.
  0.         0.         0.         0.         0.         0.
  0.         0.         0.         0.         0.         0.
  0.         0.         0.         0.         0.         0.
  0.         0.         0.         0.         0.         0.
  0.         0.43145098 0.         0.         0.         0.
  0.         0.         0.         0.         0.         0.
  0.         0.         0.         0.         0.         0.
  0.         0.         0.         0.         0.         0.
  0.         0.         0.         0.         0.         0.
  0.         0.         0.         0.         0.         0.
  0.         0.         0.         0.         0.         0.
  0.         0.         0.         0.         0.         0.
  0.         0.         0.         0.         0.         0.
  0.         0.         0.         0.         0.         0.
  0.         0.         0.         0.         0.         0.
  0.         0.         0.         0.         0.         0.
  0.         0.         0.         0.         0.         0.
  0.         0.         0.         0.         0.         0.3848062
  0.         0.         0.         0.         0.         0.
  0.         0.         0.         0.         0.         0.
  0.         0.         0.         0.         0.         0.
  0.         0.         0.         0.         1.         0.
  0.         0.         0.         0.         0.         0.
  0.         0.         0.         0.         0.         0.
  0.         0.         0.         0.         0.         0.
  0.         0.         0.         0.         0.         0.
  0.         0.40943792 0.         0.         0.         0.
  0.         0.         0.         0.         0.         0.
  0.         0.         0.         0.         0.         0.
  0.         0.         0.         0.         0.         0.
  0.         0.         0.         0.         0.         0.
  0.         0.         0.         0.         0.         0.
  0.         0.         0.         0.         0.         0.
  0.         0.         0.         0.         0.         0.43406963
  0.         0.         0.         0.         0.         0.
  0.         0.         0.         0.         0.         0.
  0.         0.         0.         0.         0.         0.
  0.         0.         0.         0.         0.         0.
  0.        ]]"
"[[0.         0.         0.         0.         0.         0.
  0.         0.         0.         0.         0.         0.
  0.         0.         0.         0.256      0.         0.09014012
  0.         0.         0.         0.         0.         0.
  0.         0.         0.256      0.256      0.         0.
  0.256      0.         0.         0.         0.         0.
  0.         0.         0.         0.256      0.         0.
  0.         0.256      0.         0.         0.         0.
  0.         0.         0.256      0.         0.         0.
  0.         0.64       0.         0.         0.         0.
  0.64       0.34253503 0.256      0.         0.         0.
  0.         0.         0.         0.         0.         0.8
  0.         0.         0.256      0.         0.         0.
  0.         0.         0.         0.         0.         0.
  0.         0.         0.         0.         0.         0.
  0.         0.64       0.         0.         0.         0.
  0.         0.         0.64       0.         0.         0.
  0.         0.09551002 0.         0.         0.8        0.
  0.         0.         0.         0.09551002 0.04868355 0.
  0.04868355 0.         0.         0.06248139 0.         0.06248139
  0.         0.         0.         0.         0.         0.64
  0.         0.256      0.         0.         0.         0.
  0.         0.         0.         0.         0.         0.8
  0.64       0.         0.         0.         0.         0.
  0.64       0.         0.         0.256      0.         0.
  0.         0.09014012 0.         0.         0.         0.09551002
  0.256      0.         0.         0.64       0.         0.
  0.         0.         0.04868355 0.         0.         0.
  0.256      0.         0.09014012 0.256      0.         0.
  0.         0.         0.         0.         0.         0.
  0.         0.64       0.         0.         0.         0.
  0.72       0.         0.256      0.         0.         0.
  0.         0.         0.256      0.         0.         0.
  0.64       0.         0.         0.         0.         0.8
  0.         0.         0.         0.         0.         0.
  0.         0.         0.         0.         0.         0.
  0.64       0.         0.         0.09551002 0.         0.
  0.         0.64       0.09551002 0.32       0.         0.
  0.64       0.         0.         0.         0.         0.
  0.         0.8        0.64       0.         0.         0.256
  0.         0.256      0.         0.64       0.09551002 0.
  0.         0.         0.         0.         0.         0.24338004
  0.         0.256      0.         0.         0.         0.34253503
  0.8        0.         0.         0.256      0.03183667 0.
  0.         0.         0.         0.256      0.256      0.
  0.         0.         0.         0.         0.         0.
  0.         0.         0.         0.         0.         0.
  0.         0.         0.8        0.         0.         0.64
  0.256      0.09551002 0.         0.         0.         0.8
  0.         0.         0.         0.         0.         0.
  0.256      0.         0.         0.         0.         0.02645056
  0.         0.03295268 0.         0.         0.         0.
  0.         0.         0.256      0.         0.8        0.256
  0.         0.         0.256      0.05392717 0.256      0.
  0.         0.         0.256      0.         0.         0.
  0.         0.         0.64       0.         0.         0.
  0.64       0.         0.         0.09551002 0.64       0.
  0.         0.09551002 0.         0.         0.         0.
  0.04868355 0.         0.         0.         0.8        0.64
  0.256      0.         0.64       0.         0.64       0.256
  0.64       0.         0.         0.         0.         0.09551002
  0.64       0.         0.         0.         0.         1.
  0.         0.         0.8        0.256      0.64       0.64
  0.         0.         0.64       0.09551002 0.         0.09551002
  0.         0.         0.8        0.         0.04408427 0.
  0.09551002 0.         0.03295268 0.03295268 0.         0.
  0.         0.         0.         0.256      0.         0.
  0.         0.         0.36507006 0.         0.09551002 0.
  0.         0.         0.         0.         0.         0.
  0.         0.256      0.         0.09551002 0.09551002 0.
  0.         0.256      0.         0.         0.         0.
  0.         0.         0.         0.         0.64       0.40788717
  0.         0.         0.         0.         0.         0.
  0.         0.256      0.256      0.         0.         0.
  0.         0.         0.         0.         0.         0.
  0.64       0.64       0.         0.         0.         0.
  0.         0.         0.         0.         0.         0.06102698
  0.256      0.         0.         0.         0.         0.
  0.        ]]"
"[[0.         0.         0.         0.         0.         0.
  0.         0.         0.         0.         0.         0.
  0.         0.         0.8        0.         0.39229413 0.
  0.         0.         0.         0.         0.         0.33244119
  0.         0.         0.         0.         0.         0.
  0.         0.         0.         0.         0.17043872 0.15288238
  0.44519629 0.         0.         0.         0.         0.
  0.         0.         0.         0.         0.45409874 0.8
  0.29903933 0.8        0.         0.         0.17043872 0.35113562
  0.15288238 0.         0.18604718 0.         0.         0.27974558
  0.         0.         0.         0.         0.         0.
  0.64       0.         0.         0.         0.         0.
  0.         0.44519629 0.         0.         0.44519629 0.35958374
  0.         0.35113562 0.         0.         0.         0.39644119
  0.         0.         0.46602622 0.         0.         0.
  0.         0.         0.         0.44519629 0.         0.
  0.         0.         0.         0.         0.8        0.15288238
  0.27302556 0.         0.         0.         0.         0.
  0.         0.         0.44519629 0.         0.         0.44519629
  0.         0.         0.45409874 0.         0.         0.
  0.27743458 0.8        0.         0.44519629 0.         0.
  0.16524586 0.         0.20305623 0.         0.         0.42526996
  0.22394201 0.16524586 0.         0.         0.         0.
  0.         0.4415524  0.34433176 0.         0.         0.64
  0.         0.16524586 0.25945255 0.         0.8        0.8
  0.         0.         0.20029674 0.44519629 0.35958374 0.
  0.         0.21680308 0.18548975 0.         0.         0.
  0.32874686 0.8        0.         0.         0.         0.
  0.         0.14873826 0.         0.         0.45281874 0.8
  0.44519629 0.         0.36440154 0.44519629 0.         0.27181922
  0.44519629 0.         0.38411653 0.23334155 0.44519629 0.
  0.         0.         0.         0.         0.         0.31091953
  0.3418325  0.         0.         0.         0.45409874 0.
  0.         0.         0.         0.15288238 0.         0.
  0.         0.         0.8        0.64       0.         0.
  0.2284161  0.44519629 0.8        0.         0.33097328 0.
  0.         0.         0.44519629 0.         0.         0.
  0.39351439 0.         0.         0.         0.         0.35958374
  0.         0.8        0.         0.17043872 0.21680308 0.
  0.15288238 0.         0.         0.         0.         0.
  0.         0.         0.         0.         0.         0.35958374
  0.         0.23079213 0.8        0.34433176 0.         0.
  0.44519629 0.         0.         0.         0.         0.
  0.         0.15288238 0.         0.         0.         0.
  0.35958374 0.         0.64       0.         0.         0.
  0.         0.         0.34433176 0.8        0.         0.
  0.32874686 0.         0.44519629 0.         0.2815388  0.44519629
  0.15288238 0.12566528 0.         0.         0.21680308 0.
  0.         0.         0.         0.44519629 0.         0.
  0.         0.25487425 0.         0.36805328 0.         0.
  0.         0.39644119 0.         0.         0.         0.
  0.         0.         0.8        0.16524586 0.         0.8
  0.15288238 0.14292334 0.         0.16524586 0.         0.
  0.36440154 0.         0.         0.         0.         0.24508734
  0.22752403 0.         0.         0.44519629 0.         0.
  0.         0.         0.         0.         0.         0.21680308
  0.         0.         0.         0.         0.         0.51606583
  0.         0.         0.         0.         0.21967129 0.
  0.         0.         0.         0.28819341 0.         0.
  0.         0.         0.         0.3418325  0.         0.
  0.         0.         0.         0.         0.         0.
  0.         0.         0.         0.44519629 0.         0.
  1.         0.8        0.         0.         0.         0.
  0.         0.29723816 0.         0.         0.         0.
  0.         0.         0.         0.         0.         0.8
  0.         0.         0.         0.         0.         0.
  0.         0.         0.         0.         0.         0.
  0.37473012 0.         0.         0.         0.         0.
  0.16524586 0.         0.24266179 0.         0.         0.2049482
  0.34433176 0.         0.         0.         0.         0.
  0.         0.         0.         0.64       0.39351439 0.
  0.16524586 0.33244119 0.         0.         0.         0.
  0.44519629 0.         0.         0.         0.         0.
  0.34433176 0.         0.         0.15288238 0.         0.
  0.         0.         0.         0.         0.44519629 0.29903933
  0.         0.         0.         0.44519629 0.44519629 0.
  0.44519629 0.         0.8        0.         0.         0.
  0.         0.         0.         0.         0.         0.
  0.        ]]"
"[[0.         0.         0.         0.         0.         0.
  0.         0.         0.         0.         0.         0.
  0.         0.         0.8        0.         0.39229413 0.
  0.         0.         0.         0.         0.         0.33244119
  0.         0.         0.         0.         0.         0.
  0.         0.         0.         0.         0.17043872 0.15288238
  0.44519629 0.         0.         0.         0.         0.
  0.         0.         0.         0.         0.45409874 0.8
  0.29903933 0.8        0.         0.         0.17043872 0.35113562
  0.15288238 0.         0.18604718 0.         0.         0.27974558
  0.         0.         0.         0.         0.         0.
  0.64       0.         0.         0.         0.         0.
  0.         0.44519629 0.         0.         0.44519629 0.35958374
  0.         0.35113562 0.         0.         0.         0.39644119
  0.         0.         0.46602622 0.         0.         0.
  0.         0.         0.         0.44519629 0.         0.
  0.         0.         0.         0.         0.8        0.15288238
  0.27302556 0.         0.         0.         0.         0.
  0.         0.         0.44519629 0.         0.         0.44519629
  0.         0.         0.45409874 0.         0.         0.
  0.27743458 0.8        0.         0.44519629 0.         0.
  0.16524586 0.         0.20305623 0.         0.         0.42526996
  0.22394201 0.16524586 0.         0.         0.         0.
  0.         0.4415524  0.34433176 0.         0.         0.64
  0.         0.16524586 0.25945255 0.         0.8        0.8
  0.         0.         0.20029674 0.44519629 0.35958374 0.
  0.         0.21680308 0.18548975 0.         0.         0.
  0.32874686 0.8        0.         0.         0.         0.
  0.         0.14873826 0.         0.         0.45281874 0.8
  0.44519629 0.         0.36440154 0.44519629 0.         0.27181922
  0.44519629 0.         0.38411653 0.23334155 0.44519629 0.
  0.         0.         0.         0.         0.         0.31091953
  0.3418325  0.         0.         0.         0.45409874 0.
  0.         0.         0.         0.15288238 0.         0.
  0.         0.         0.8        0.64       0.         0.
  0.2284161  0.44519629 0.8        0.         0.33097328 0.
  0.         0.         0.44519629 0.         0.         0.
  0.39351439 0.         0.         0.         0.         0.35958374
  0.         0.8        0.         0.17043872 0.21680308 0.
  0.15288238 0.         0.         0.         0.         0.
  0.         0.         0.         0.         0.         0.35958374
  0.         0.23079213 0.8        0.34433176 0.         0.
  0.44519629 0.         0.         0.         0.         0.
  0.         0.15288238 0.         0.         0.         0.
  0.35958374 0.         0.64       0.         0.         0.
  0.         0.         0.34433176 0.8        0.         0.
  0.32874686 0.         0.44519629 0.         0.2815388  0.44519629
  0.15288238 0.12566528 0.         0.         0.21680308 0.
  0.         0.         0.         0.44519629 0.         0.
  0.         0.25487425 0.         0.36805328 0.         0.
  0.         0.39644119 0.         0.         0.         0.
  0.         0.         0.8        0.16524586 0.         0.8
  0.15288238 0.14292334 0.         0.16524586 0.         0.
  0.36440154 0.         0.         0.         0.         0.24508734
  0.22752403 0.         0.         0.44519629 0.         0.
  0.         0.         0.         0.         0.         0.21680308
  0.         0.         0.         0.         0.         0.51606583
  0.         0.         0.         0.         0.21967129 0.
  0.         0.         0.         0.28819341 0.         0.
  0.         0.         0.         0.3418325  0.         0.
  0.         0.         0.         0.         0.         0.
  0.         0.         0.         0.44519629 0.         0.
  0.8        1.         0.         0.         0.         0.
  0.         0.29723816 0.         0.         0.         0.
  0.         0.         0.         0.         0.         0.8
  0.         0.         0.         0.         0.         0.
  0.         0.         0.         0.         0.         0.
  0.37473012 0.         0.         0.         0.         0.
  0.16524586 0.         0.24266179 0.         0.         0.2049482
  0.34433176 0.         0.         0.         0.         0.
  0.         0.         0.         0.64       0.39351439 0.
  0.16524586 0.33244119 0.         0.         0.         0.
  0.44519629 0.         0.         0.         0.         0.
  0.34433176 0.         0.         0.15288238 0.         0.
  0.         0.         0.         0.         0.44519629 0.29903933
  0.         0.         0.         0.44519629 0.44519629 0.
  0.44519629 0.         0.8        0.         0.         0.
  0.         0.         0.         0.         0.         0.
  0.        ]]"
"[[0.         0.         0.         0.         0.         0.
  0.         0.         0.         0.         0.         0.
  0.         0.         0.         0.256      0.         0.09014012
  0.         0.         0.         0.         0.         0.
  0.         0.         0.256      0.256      0.         0.
  0.256      0.         0.         0.         0.         0.
  0.         0.         0.         0.256      0.         0.
  0.         0.256      0.         0.         0.         0.
  0.         0.         0.256      0.         0.         0.
  0.         0.64       0.         0.         0.         0.
  0.64       0.34253503 0.256      0.         0.         0.
  0.         0.         0.         0.         0.         0.8
  0.         0.         0.256      0.         0.         0.
  0.         0.         0.         0.         0.         0.
  0.         0.         0.         0.         0.         0.
  0.         0.64       0.         0.         0.         0.
  0.         0.         0.64       0.         0.         0.
  0.         0.09551002 0.         0.         0.8        0.
  0.         0.         0.         0.09551002 0.04868355 0.
  0.04868355 0.         0.         0.06248139 0.         0.06248139
  0.         0.         0.         0.         0.         0.64
  0.         0.256      0.         0.         0.         0.
  0.         0.         0.         0.         0.         0.8
  0.64       0.         0.         0.         0.         0.
  0.64       0.         0.         0.256      0.         0.
  0.         0.09014012 0.         0.         0.         0.09551002
  0.256      0.         0.         0.64       0.         0.
  0.         0.         0.04868355 0.         0.         0.
  0.256      0.         0.09014012 0.256      0.         0.
  0.         0.         0.         0.         0.         0.
  0.         0.64       0.         0.         0.         0.
  0.72       0.         0.256      0.         0.         0.
  0.         0.         0.256      0.         0.         0.
  0.64       0.         0.         0.         0.         0.8
  0.         0.         0.         0.         0.         0.
  0.         0.         0.         0.         0.         0.
  0.64       0.         0.         0.09551002 0.         0.
  0.         0.64       0.09551002 0.32       0.         0.
  0.64       0.         0.         0.         0.         0.
  0.         0.8        0.64       0.         0.         0.256
  0.         0.256      0.         0.64       0.09551002 0.
  0.         0.         0.         0.         0.         0.24338004
  0.         0.256      0.         0.         0.         0.34253503
  0.8        0.         0.         0.256      0.03183667 0.
  0.         0.         0.         0.256      0.256      0.
  0.         0.         0.         0.         0.         0.
  0.         0.         0.         0.         0.         0.
  0.         0.         0.8        0.         0.         0.64
  0.256      0.09551002 0.         0.         0.         0.8
  0.         0.         0.         0.         0.         0.
  0.256      0.         0.         0.         0.         0.02645056
  0.         0.03295268 0.         0.         0.         0.
  0.         0.         0.256      0.         0.8        0.256
  0.         0.         0.256      0.05392717 0.256      0.
  0.         0.         0.256      0.         0.         0.
  0.         0.         0.64       0.         0.         0.
  0.64       0.         0.         0.09551002 0.64       0.
  0.         0.09551002 0.         0.         0.         0.
  0.04868355 0.         0.         0.         0.8        0.64
  0.256      0.         0.64       0.         0.64       0.256
  0.64       0.         0.         0.         0.         0.09551002
  0.64       0.         0.         0.         0.         0.8
  0.         0.         1.         0.256      0.64       0.64
  0.         0.         0.64       0.09551002 0.         0.09551002
  0.         0.         0.8        0.         0.04408427 0.
  0.09551002 0.         0.03295268 0.03295268 0.         0.
  0.         0.         0.         0.256      0.         0.
  0.         0.         0.36507006 0.         0.09551002 0.
  0.         0.         0.         0.         0.         0.
  0.         0.256      0.         0.09551002 0.09551002 0.
  0.         0.256      0.         0.         0.         0.
  0.         0.         0.         0.         0.64       0.40788717
  0.         0.         0.         0.         0.         0.
  0.         0.256      0.256      0.         0.         0.
  0.         0.         0.         0.         0.         0.
  0.64       0.64       0.         0.         0.         0.
  0.         0.         0.         0.         0.         0.06102698
  0.256      0.         0.         0.         0.         0.
  0.        ]]"
"[[0.         0.         0.         0.         0.         0.
  0.         0.         0.         0.         0.         0.
  0.         0.         0.         0.8        0.         0.08533333
  0.         0.         0.         0.         0.         0.
  0.         0.         0.8        0.8        0.         0.
  0.64       0.         0.         0.         0.         0.
  0.         0.         0.         0.8        0.         0.
  0.         0.8        0.         0.         0.         0.
  0.         0.         0.64       0.         0.         0.
  0.         0.256      0.         0.         0.         0.
  0.256      0.128      0.8        0.         0.         0.
  0.         0.         0.         0.         0.         0.256
  0.         0.         0.8        0.         0.         0.
  0.         0.         0.         0.         0.         0.
  0.         0.         0.         0.         0.         0.
  0.         0.256      0.         0.         0.         0.
  0.         0.         0.256      0.         0.         0.
  0.         0.192      0.         0.         0.256      0.
  0.         0.         0.         0.21333333 0.07893333 0.
  0.07893333 0.         0.         0.128      0.         0.128
  0.         0.         0.         0.         0.         0.256
  0.         0.64       0.         0.         0.         0.
  0.         0.         0.         0.         0.         0.256
  0.256      0.         0.         0.         0.         0.
  0.256      0.         0.         0.8        0.         0.
  0.         0.08533333 0.         0.         0.         0.21333333
  0.64       0.         0.         0.256      0.         0.
  0.         0.         0.07893333 0.         0.         0.
  0.8        0.         0.08533333 0.8        0.         0.
  0.         0.         0.         0.         0.         0.
  0.         0.256      0.         0.         0.         0.
  0.256      0.         0.8        0.         0.         0.
  0.         0.         0.64       0.         0.         0.
  0.256      0.         0.         0.         0.         0.256
  0.         0.         0.         0.         0.         0.
  0.         0.         0.         0.         0.         0.
  0.256      0.         0.         0.21333333 0.         0.
  0.         0.256      0.17066667 0.128      0.         0.
  0.256      0.         0.         0.         0.         0.
  0.         0.256      0.256      0.         0.         0.64
  0.         0.8        0.         0.256      0.17066667 0.
  0.         0.         0.         0.         0.         0.11377778
  0.         0.8        0.         0.         0.         0.128
  0.256      0.         0.         0.8        0.05688889 0.
  0.         0.         0.         0.8        0.64       0.
  0.         0.         0.         0.         0.         0.
  0.         0.         0.         0.         0.         0.
  0.         0.         0.256      0.         0.         0.256
  0.64       0.18488889 0.         0.         0.         0.256
  0.         0.         0.         0.         0.         0.
  0.64       0.         0.         0.         0.         0.03754667
  0.         0.03413333 0.         0.         0.         0.
  0.         0.         0.8        0.         0.256      0.8
  0.         0.         0.64       0.09386667 0.64       0.
  0.         0.         0.8        0.         0.         0.
  0.         0.         0.256      0.         0.         0.
  0.256      0.         0.         0.21333333 0.256      0.
  0.         0.21333333 0.         0.         0.         0.
  0.07893333 0.         0.         0.         0.256      0.256
  0.8        0.         0.256      0.         0.256      0.8
  0.256      0.         0.         0.         0.         0.21333333
  0.256      0.         0.         0.         0.         0.256
  0.         0.         0.256      1.         0.256      0.256
  0.         0.         0.256      0.21333333 0.         0.192
  0.         0.         0.256      0.         0.06257778 0.
  0.21333333 0.         0.03413333 0.03413333 0.         0.
  0.         0.         0.         0.72       0.         0.
  0.         0.         0.17066667 0.         0.192      0.
  0.         0.         0.         0.         0.         0.
  0.         0.64       0.         0.21333333 0.17066667 0.
  0.         0.8        0.         0.         0.         0.
  0.         0.         0.         0.         0.256      0.15847619
  0.         0.         0.         0.         0.         0.
  0.         0.8        0.8        0.         0.         0.
  0.         0.         0.         0.         0.         0.
  0.256      0.256      0.         0.         0.         0.
  0.         0.         0.         0.         0.         0.1152
  0.64       0.         0.         0.         0.         0.
  0.        ]]"
"[[0.         0.         0.         0.         0.         0.
  0.         0.         0.         0.         0.         0.
  0.         0.         0.         0.256      0.         0.09014012
  0.         0.         0.         0.         0.         0.
  0.         0.         0.256      0.256      0.         0.
  0.256      0.         0.         0.         0.         0.
  0.         0.         0.         0.256      0.         0.
  0.         0.256      0.         0.         0.         0.
  0.         0.         0.256      0.         0.         0.
  0.         0.8        0.         0.         0.         0.
  0.8        0.34253503 0.256      0.         0.         0.
  0.         0.         0.         0.         0.         0.64
  0.         0.         0.256      0.         0.         0.
  0.         0.         0.         0.         0.         0.
  0.         0.         0.         0.         0.         0.
  0.         0.8        0.         0.         0.         0.
  0.         0.         0.8        0.         0.         0.
  0.         0.09551002 0.         0.         0.64       0.
  0.         0.         0.         0.09551002 0.04868355 0.
  0.04868355 0.         0.         0.06248139 0.         0.06248139
  0.         0.         0.         0.         0.         0.8
  0.         0.256      0.         0.         0.         0.
  0.         0.         0.         0.         0.         0.64
  0.64       0.         0.         0.         0.         0.
  0.8        0.         0.         0.256      0.         0.
  0.         0.09014012 0.         0.         0.         0.09551002
  0.256      0.         0.         0.8        0.         0.
  0.         0.         0.04868355 0.         0.         0.
  0.256      0.         0.09014012 0.256      0.         0.
  0.         0.         0.         0.         0.         0.
  0.         0.64       0.         0.         0.         0.
  0.64       0.         0.256      0.         0.         0.
  0.         0.         0.256      0.         0.         0.
  0.64       0.         0.         0.         0.         0.64
  0.         0.         0.         0.         0.         0.
  0.         0.         0.         0.         0.         0.
  0.8        0.         0.         0.09551002 0.         0.
  0.         0.64       0.09551002 0.32       0.         0.
  0.8        0.         0.         0.         0.         0.
  0.         0.64       0.64       0.         0.         0.256
  0.         0.256      0.         0.64       0.09551002 0.
  0.         0.         0.         0.         0.         0.24338004
  0.         0.256      0.         0.         0.         0.34253503
  0.64       0.         0.         0.256      0.03183667 0.
  0.         0.         0.         0.256      0.256      0.
  0.         0.         0.         0.         0.         0.
  0.         0.         0.         0.         0.         0.
  0.         0.         0.64       0.         0.         0.8
  0.256      0.09551002 0.         0.         0.         0.64
  0.         0.         0.         0.         0.         0.
  0.256      0.         0.         0.         0.         0.02645056
  0.         0.03295268 0.         0.         0.         0.
  0.         0.         0.256      0.         0.64       0.256
  0.         0.         0.256      0.05392717 0.256      0.
  0.         0.         0.256      0.         0.         0.
  0.         0.         0.64       0.         0.         0.
  0.64       0.         0.         0.09551002 0.64       0.
  0.         0.09551002 0.         0.         0.         0.
  0.04868355 0.         0.         0.         0.64       0.8
  0.256      0.         0.64       0.         0.64       0.256
  0.8        0.         0.         0.         0.         0.09551002
  0.64       0.         0.         0.         0.         0.64
  0.         0.         0.64       0.256      1.         0.64
  0.         0.         0.64       0.09551002 0.         0.09551002
  0.         0.         0.64       0.         0.04408427 0.
  0.09551002 0.         0.03295268 0.03295268 0.         0.
  0.         0.         0.         0.256      0.         0.
  0.         0.         0.44507006 0.         0.09551002 0.
  0.         0.         0.         0.         0.         0.
  0.         0.256      0.         0.09551002 0.09551002 0.
  0.         0.256      0.         0.         0.         0.
  0.         0.         0.         0.         0.64       0.40788717
  0.         0.         0.         0.         0.         0.
  0.         0.256      0.256      0.         0.         0.
  0.         0.         0.         0.         0.         0.
  0.8        0.64       0.         0.         0.         0.
  0.         0.         0.         0.         0.         0.06102698
  0.256      0.         0.         0.         0.         0.
  0.        ]]"
"[[0.         0.         0.         0.         0.         0.
  0.         0.         0.         0.         0.         0.
  0.         0.         0.         0.256      0.         0.09014012
  0.         0.         0.         0.         0.         0.
  0.         0.         0.256      0.256      0.         0.
  0.256      0.         0.         0.         0.         0.
  0.         0.         0.         0.256      0.         0.
  0.         0.256      0.         0.         0.         0.
  0.         0.         0.256      0.         0.         0.
  0.         0.64       0.         0.         0.         0.
  0.64       0.34253503 0.256      0.         0.         0.
  0.         0.         0.         0.         0.         0.64
  0.         0.         0.256      0.         0.         0.
  0.         0.         0.         0.         0.         0.
  0.         0.         0.         0.         0.         0.
  0.         0.64       0.         0.         0.         0.
  0.         0.         0.64       0.         0.         0.
  0.         0.09551002 0.         0.         0.64       0.
  0.         0.         0.         0.09551002 0.04868355 0.
  0.04868355 0.         0.         0.06248139 0.         0.06248139
  0.         0.         0.         0.         0.         0.64
  0.         0.256      0.         0.         0.         0.
  0.         0.         0.         0.         0.         0.64
  0.8        0.         0.         0.         0.         0.
  0.64       0.         0.         0.256      0.         0.
  0.         0.09014012 0.         0.         0.         0.09551002
  0.256      0.         0.         0.64       0.         0.
  0.         0.         0.04868355 0.         0.         0.
  0.256      0.         0.09014012 0.256      0.         0.
  0.         0.         0.         0.         0.         0.
  0.         0.8        0.         0.         0.         0.
  0.72       0.         0.256      0.         0.         0.
  0.         0.         0.256      0.         0.         0.
  0.64       0.         0.         0.         0.         0.64
  0.         0.         0.         0.         0.         0.
  0.         0.         0.         0.         0.         0.
  0.64       0.         0.         0.09551002 0.         0.
  0.         0.8        0.09551002 0.32       0.         0.
  0.64       0.         0.         0.         0.         0.
  0.         0.64       0.8        0.         0.         0.256
  0.         0.256      0.         0.8        0.09551002 0.
  0.         0.         0.         0.         0.         0.24338004
  0.         0.256      0.         0.         0.         0.34253503
  0.64       0.         0.         0.256      0.03183667 0.
  0.         0.         0.         0.256      0.256      0.
  0.         0.         0.         0.         0.         0.
  0.         0.         0.         0.         0.         0.
  0.         0.         0.64       0.         0.         0.64
  0.256      0.09551002 0.         0.         0.         0.64
  0.         0.         0.         0.         0.         0.
  0.256      0.         0.         0.         0.         0.02645056
  0.         0.03295268 0.         0.         0.         0.
  0.         0.         0.256      0.         0.64       0.256
  0.         0.         0.256      0.05392717 0.256      0.
  0.         0.         0.256      0.         0.         0.
  0.         0.         0.8        0.         0.         0.
  0.8        0.         0.         0.09551002 0.8        0.
  0.         0.09551002 0.         0.         0.         0.
  0.04868355 0.         0.         0.         0.64       0.64
  0.256      0.         0.8        0.         0.8        0.256
  0.64       0.         0.         0.         0.         0.09551002
  0.8        0.         0.         0.         0.         0.64
  0.         0.         0.64       0.256      0.64       1.
  0.         0.         0.8        0.09551002 0.         0.09551002
  0.         0.         0.64       0.         0.04408427 0.
  0.09551002 0.         0.03295268 0.03295268 0.         0.
  0.         0.         0.         0.256      0.         0.
  0.         0.         0.36507006 0.         0.09551002 0.
  0.         0.         0.         0.         0.         0.
  0.         0.256      0.         0.09551002 0.09551002 0.
  0.         0.256      0.         0.         0.         0.
  0.         0.         0.         0.         0.8        0.40788717
  0.         0.         0.         0.         0.         0.
  0.         0.256      0.256      0.         0.         0.
  0.         0.         0.         0.         0.         0.
  0.64       0.8        0.         0.         0.         0.
  0.         0.         0.         0.         0.         0.06102698
  0.256      0.         0.         0.         0.         0.
  0.        ]]"
"[[0.         0.         0.         0.         0.         0.
  0.         0.         0.         0.         0.         0.
  0.         0.         0.         0.         0.         0.
  0.08297931 0.         0.         0.08297931 0.         0.
  0.         0.         0.         0.         0.08075147 0.
  0.         0.07379787 0.         0.         0.         0.
  0.         0.08297931 0.         0.         0.08297931 0.
  0.         0.         0.21850483 0.         0.         0.
  0.         0.         0.         0.         0.         0.
  0.         0.         0.         0.         0.20797999 0.
  0.         0.         0.         0.         0.         0.08297931
  0.         0.         0.         0.         0.         0.
  0.         0.         0.         0.         0.         0.
  0.         0.         0.08297931 0.08297931 0.20223433 0.
  0.         0.         0.         0.21499523 0.         0.08297931
  0.         0.         0.         0.         0.         0.
  0.08297931 0.         0.         0.08297931 0.         0.
  0.         0.         0.         0.         0.         0.
  0.08297931 0.08297931 0.         0.         0.         0.
  0.         0.         0.         0.         0.         0.
  0.         0.         0.27903497 0.         0.         0.
  0.         0.         0.         0.         0.08297931 0.
  0.         0.         0.         0.         0.         0.
  0.         0.         0.         0.25768839 0.08297931 0.
  0.         0.         0.         0.         0.         0.
  0.         0.         0.         0.         0.         0.
  0.         0.         0.         0.         0.         0.08297931
  0.         0.         0.         0.         0.         0.08297931
  0.         0.         0.         0.         0.         0.
  0.         0.08297931 0.         0.         0.         0.
  0.         0.         0.         0.         0.         0.21850483
  0.         0.         0.         0.19615079 0.         0.
  0.         0.         0.         0.         0.         0.
  0.         0.         0.         0.         0.         0.
  0.08297931 0.         0.         0.         0.08297931 0.08297931
  0.         0.         0.         0.         0.         0.
  0.         0.         0.         0.         0.         0.
  0.         0.         0.         0.         0.         0.
  0.         0.         0.         0.         0.         0.
  0.         0.         0.         0.         0.         0.
  0.         0.         0.18911716 0.         0.         0.
  0.08297931 0.         0.         0.         0.08297931 0.
  0.         0.         0.21037531 0.         0.20883534 0.
  0.         0.         0.         0.         0.         0.
  0.         0.         0.         0.         0.         0.
  0.         0.         0.         0.         0.         0.
  0.         0.         0.         0.         0.         0.
  0.         0.         0.         0.         0.         0.
  0.         0.         0.         0.         0.08297931 0.
  0.         0.         0.         0.         0.         0.
  0.         0.         0.08297931 0.         0.03421803 0.
  0.08297931 0.         0.         0.         0.         0.
  0.         0.         0.         0.         0.         0.
  0.         0.         0.         0.         0.         0.
  0.         0.         0.         0.         0.         0.
  0.08075147 0.08297931 0.         0.         0.         0.
  0.         0.08297931 0.08297931 0.         0.         0.
  0.         0.         0.         0.         0.         0.
  0.         0.         0.08297931 0.         0.         0.
  0.         0.08297931 0.         0.         0.         0.
  0.         0.         0.         0.08297931 0.         0.
  0.         0.         0.         0.         0.         0.
  0.         0.         0.         0.         0.         0.
  1.         0.         0.         0.         0.         0.
  0.         0.         0.         0.         0.         0.
  0.         0.08297931 0.         0.         0.         0.
  0.23538094 0.         0.         0.         0.08297931 0.08297931
  0.         0.         0.         0.         0.         0.
  0.         0.         0.         0.         0.         0.
  0.         0.         0.08297931 0.         0.         0.
  0.         0.         0.07379787 0.         0.         0.08297931
  0.         0.         0.08297931 0.         0.         0.
  0.         0.         0.19974624 0.         0.08297931 0.
  0.         0.         0.         0.         0.19974624 0.
  0.         0.         0.         0.352      0.         0.
  0.         0.         0.         0.         0.         0.
  0.         0.25492231 0.         0.08297931 0.         0.
  0.         0.         0.         0.         0.22828141 0.
  0.        ]]"
"[[0.         0.         0.         0.         0.         0.
  0.         0.         0.         0.         0.         0.
  0.         0.         0.29723816 0.         0.31298104 0.
  0.         0.         0.         0.         0.         0.32085247
  0.         0.         0.         0.         0.         0.
  0.         0.         0.         0.         0.17195651 0.32446679
  0.27067282 0.         0.         0.         0.         0.
  0.         0.         0.         0.         0.27015105 0.29723816
  0.29756981 0.29723816 0.         0.         0.17195651 0.28294708
  0.32446679 0.         0.27856526 0.         0.         0.27583491
  0.         0.         0.         0.         0.         0.
  0.31723816 0.         0.         0.         0.         0.
  0.         0.27067282 0.         0.         0.27067282 0.24312856
  0.         0.28294708 0.         0.         0.         0.32085247
  0.         0.         0.29745926 0.         0.         0.
  0.         0.         0.         0.27067282 0.         0.
  0.         0.         0.         0.         0.29723816 0.32446679
  0.27547306 0.         0.         0.         0.         0.
  0.         0.         0.27067282 0.         0.         0.27067282
  0.         0.         0.27015105 0.         0.         0.
  0.27546989 0.29723816 0.         0.27067282 0.         0.
  0.22133088 0.         0.27517473 0.         0.         0.29550176
  0.28411551 0.22133088 0.         0.         0.         0.
  0.         0.27029968 0.23693173 0.         0.         0.31723816
  0.         0.22133088 0.26723507 0.         0.29723816 0.29723816
  0.         0.         0.32167588 0.27067282 0.24312856 0.
  0.         0.22393477 0.31183589 0.         0.         0.
  0.27311169 0.29723816 0.         0.         0.         0.
  0.         0.15842181 0.         0.         0.30065154 0.29723816
  0.27067282 0.         0.27058647 0.27067282 0.         0.24249696
  0.27067282 0.         0.29551792 0.27776762 0.27067282 0.
  0.         0.         0.         0.         0.         0.27437431
  0.21072437 0.         0.         0.         0.27015105 0.
  0.         0.         0.         0.32446679 0.         0.
  0.         0.         0.29723816 0.29723816 0.         0.
  0.28472451 0.27067282 0.29723816 0.         0.26794313 0.
  0.         0.         0.27067282 0.         0.         0.
  0.2406986  0.         0.         0.         0.         0.24312856
  0.         0.29723816 0.         0.17195651 0.22393477 0.
  0.34446679 0.         0.         0.         0.         0.
  0.         0.         0.         0.         0.         0.24312856
  0.         0.22761689 0.29723816 0.23693173 0.         0.
  0.27067282 0.         0.         0.         0.         0.
  0.         0.32446679 0.         0.         0.         0.
  0.24312856 0.         0.29723816 0.         0.         0.
  0.         0.         0.23693173 0.29723816 0.         0.
  0.27311169 0.         0.27067282 0.         0.27507587 0.27067282
  0.32446679 0.2579857  0.         0.         0.22393477 0.
  0.         0.         0.         0.27067282 0.         0.
  0.         0.28028169 0.         0.24986195 0.         0.
  0.         0.32085247 0.         0.         0.         0.
  0.         0.         0.29723816 0.22133088 0.         0.29723816
  0.32446679 0.31338939 0.         0.22133088 0.         0.
  0.27058647 0.         0.         0.         0.         0.28670062
  0.31003784 0.         0.         0.27067282 0.         0.
  0.         0.         0.         0.         0.         0.22393477
  0.         0.         0.         0.         0.         0.28584675
  0.         0.         0.         0.         0.29365584 0.
  0.         0.         0.         0.23353167 0.         0.
  0.         0.         0.         0.21072437 0.         0.
  0.         0.         0.         0.         0.         0.
  0.         0.         0.         0.27067282 0.         0.
  0.29723816 0.29723816 0.         0.         0.         0.
  0.         1.         0.         0.         0.         0.
  0.         0.         0.         0.         0.         0.29723816
  0.         0.         0.         0.         0.         0.
  0.         0.         0.         0.         0.         0.
  0.27580915 0.         0.         0.         0.         0.
  0.22133088 0.         0.31465963 0.         0.         0.3215209
  0.23693173 0.         0.         0.         0.         0.
  0.         0.         0.         0.29723816 0.2406986  0.
  0.22133088 0.31085247 0.         0.         0.         0.
  0.27067282 0.         0.         0.         0.         0.
  0.23693173 0.         0.         0.32446679 0.         0.
  0.         0.         0.         0.         0.27067282 0.29756981
  0.         0.         0.         0.27067282 0.27067282 0.
  0.27067282 0.         0.29723816 0.         0.         0.
  0.         0.         0.         0.         0.         0.
  0.        ]]"
"[[0.         0.         0.         0.         0.         0.
  0.         0.         0.         0.         0.         0.
  0.         0.         0.         0.256      0.         0.09014012
  0.         0.         0.         0.         0.         0.
  0.         0.         0.256      0.256      0.         0.
  0.256      0.         0.         0.         0.         0.
  0.         0.         0.         0.256      0.         0.
  0.         0.256      0.         0.         0.         0.
  0.         0.         0.256      0.         0.         0.
  0.         0.64       0.         0.         0.         0.
  0.64       0.34253503 0.256      0.         0.         0.
  0.         0.         0.         0.         0.         0.64
  0.         0.         0.256      0.         0.         0.
  0.         0.         0.         0.         0.         0.
  0.         0.         0.         0.         0.         0.
  0.         0.64       0.         0.         0.         0.
  0.         0.         0.64       0.         0.         0.
  0.         0.09551002 0.         0.         0.64       0.
  0.         0.         0.         0.09551002 0.04868355 0.
  0.04868355 0.         0.         0.06248139 0.         0.06248139
  0.         0.         0.         0.         0.         0.64
  0.         0.256      0.         0.         0.         0.
  0.         0.         0.         0.         0.         0.64
  0.8        0.         0.         0.         0.         0.
  0.64       0.         0.         0.256      0.         0.
  0.         0.09014012 0.         0.         0.         0.09551002
  0.256      0.         0.         0.64       0.         0.
  0.         0.         0.04868355 0.         0.         0.
  0.256      0.         0.09014012 0.256      0.         0.
  0.         0.         0.         0.         0.         0.
  0.         0.8        0.         0.         0.         0.
  0.72       0.         0.256      0.         0.         0.
  0.         0.         0.256      0.         0.         0.
  0.64       0.         0.         0.         0.         0.64
  0.         0.         0.         0.         0.         0.
  0.         0.         0.         0.         0.         0.
  0.64       0.         0.         0.09551002 0.         0.
  0.         0.8        0.09551002 0.32       0.         0.
  0.64       0.         0.         0.         0.         0.
  0.         0.64       0.8        0.         0.         0.256
  0.         0.256      0.         0.8        0.09551002 0.
  0.         0.         0.         0.         0.         0.24338004
  0.         0.256      0.         0.         0.         0.34253503
  0.64       0.         0.         0.256      0.03183667 0.
  0.         0.         0.         0.256      0.256      0.
  0.         0.         0.         0.         0.         0.
  0.         0.         0.         0.         0.         0.
  0.         0.         0.64       0.         0.         0.64
  0.256      0.09551002 0.         0.         0.         0.64
  0.         0.         0.         0.         0.         0.
  0.256      0.         0.         0.         0.         0.02645056
  0.         0.03295268 0.         0.         0.         0.
  0.         0.         0.256      0.         0.64       0.256
  0.         0.         0.256      0.05392717 0.256      0.
  0.         0.         0.256      0.         0.         0.
  0.         0.         0.8        0.         0.         0.
  0.8        0.         0.         0.09551002 0.8        0.
  0.         0.09551002 0.         0.         0.         0.
  0.04868355 0.         0.         0.         0.64       0.64
  0.256      0.         0.8        0.         0.8        0.256
  0.64       0.         0.         0.         0.         0.09551002
  0.8        0.         0.         0.         0.         0.64
  0.         0.         0.64       0.256      0.64       0.8
  0.         0.         1.         0.09551002 0.         0.09551002
  0.         0.         0.64       0.         0.04408427 0.
  0.09551002 0.         0.03295268 0.03295268 0.         0.
  0.         0.         0.         0.256      0.         0.
  0.         0.         0.36507006 0.         0.09551002 0.
  0.         0.         0.         0.         0.         0.
  0.         0.256      0.         0.09551002 0.09551002 0.
  0.         0.256      0.         0.         0.         0.
  0.         0.         0.         0.         0.8        0.40788717
  0.         0.         0.         0.         0.         0.
  0.         0.256      0.256      0.         0.         0.
  0.         0.         0.         0.         0.         0.
  0.64       0.8        0.         0.         0.         0.
  0.         0.         0.         0.         0.         0.06102698
  0.256      0.         0.         0.         0.         0.
  0.        ]]"
"[[0.         0.         0.         0.         0.         0.
  0.         0.         0.         0.         0.         0.
  0.         0.         0.         0.21333333 0.         0.04621189
  0.         0.         0.         0.         0.         0.
  0.         0.         0.21333333 0.21333333 0.         0.11940134
  0.21333333 0.         0.         0.         0.         0.
  0.         0.         0.         0.21333333 0.         0.
  0.         0.21333333 0.         0.         0.         0.
  0.         0.         0.21333333 0.         0.         0.
  0.         0.09551002 0.         0.         0.         0.
  0.09551002 0.09078023 0.21333333 0.         0.         0.
  0.         0.         0.         0.         0.         0.09551002
  0.         0.         0.21333333 0.         0.         0.
  0.         0.         0.         0.         0.         0.
  0.         0.         0.         0.         0.         0.
  0.         0.09551002 0.         0.         0.         0.
  0.         0.         0.09551002 0.         0.         0.
  0.         0.43878689 0.11940134 0.         0.09551002 0.
  0.         0.         0.         0.8        0.05117994 0.
  0.05117994 0.         0.         0.09494043 0.         0.09494043
  0.         0.         0.         0.         0.         0.09551002
  0.         0.21333333 0.         0.         0.         0.
  0.         0.         0.         0.         0.         0.09551002
  0.09551002 0.         0.         0.         0.         0.
  0.09551002 0.         0.         0.21333333 0.         0.
  0.         0.04621189 0.         0.         0.         0.8
  0.21333333 0.         0.         0.09551002 0.         0.
  0.         0.         0.05117994 0.         0.10666667 0.
  0.21333333 0.         0.04621189 0.21333333 0.         0.
  0.         0.         0.         0.         0.         0.
  0.         0.09551002 0.         0.         0.         0.
  0.09551002 0.         0.21333333 0.         0.         0.
  0.         0.         0.21333333 0.         0.         0.21333333
  0.09551002 0.         0.         0.         0.         0.09551002
  0.         0.         0.         0.         0.         0.
  0.         0.         0.         0.         0.         0.
  0.09551002 0.         0.         0.8        0.11940134 0.
  0.         0.09551002 0.07757377 0.04775501 0.         0.
  0.09551002 0.         0.         0.         0.         0.
  0.         0.09551002 0.09551002 0.         0.         0.21333333
  0.         0.21333333 0.         0.09551002 0.07757377 0.
  0.         0.         0.         0.         0.         0.04724064
  0.         0.21333333 0.         0.         0.         0.09078023
  0.09551002 0.         0.         0.21333333 0.09696904 0.
  0.         0.         0.         0.21333333 0.21333333 0.
  0.         0.         0.         0.         0.         0.
  0.         0.         0.         0.         0.         0.
  0.         0.         0.09551002 0.         0.         0.09551002
  0.21333333 0.31838252 0.         0.         0.         0.09551002
  0.         0.         0.         0.         0.         0.
  0.21333333 0.         0.         0.         0.         0.06462253
  0.         0.0277926  0.         0.         0.         0.
  0.         0.         0.21333333 0.         0.09551002 0.21333333
  0.         0.         0.21333333 0.05897572 0.21333333 0.
  0.         0.         0.21333333 0.         0.         0.
  0.         0.         0.09551002 0.         0.         0.
  0.09551002 0.         0.         0.8        0.09551002 0.
  0.         0.8        0.         0.         0.         0.
  0.05117994 0.         0.         0.         0.09551002 0.09551002
  0.21333333 0.         0.09551002 0.         0.09551002 0.21333333
  0.09551002 0.         0.         0.         0.         0.8
  0.09551002 0.         0.         0.         0.         0.09551002
  0.         0.         0.09551002 0.21333333 0.09551002 0.09551002
  0.         0.         0.09551002 1.         0.         0.43878689
  0.         0.         0.09551002 0.         0.03659311 0.
  0.8        0.         0.0277926  0.0277926  0.11940134 0.
  0.         0.         0.         0.21333333 0.         0.
  0.         0.         0.07086095 0.         0.43878689 0.
  0.         0.         0.         0.         0.21333333 0.
  0.         0.21333333 0.         0.8        0.07757377 0.
  0.         0.21333333 0.         0.         0.         0.
  0.         0.         0.         0.         0.09551002 0.09052911
  0.         0.         0.         0.         0.         0.
  0.         0.21333333 0.21333333 0.         0.         0.
  0.         0.         0.         0.         0.         0.
  0.09551002 0.09551002 0.         0.         0.         0.
  0.         0.         0.         0.         0.         0.07142535
  0.21333333 0.         0.         0.         0.         0.
  0.        ]]"
"[[0.  0.  0.  0.  0.  0.  0.  0.  0.  0.  0.  0.  0.  0.  0.  0.  0.  0.
  0.  0.  0.  0.  0.  0.  0.  0.  0.  0.  0.  0.  0.  0.  0.  0.  0.  0.
  0.  0.  0.  0.  0.  0.  0.  0.  0.  0.  0.  0.  0.  0.  0.  0.  0.  0.
  0.  0.  0.  0.  0.  0.  0.  0.  0.  0.  0.  0.  0.  0.8 0.  0.  0.  0.
  0.  0.  0.  0.  0.  0.  0.  0.  0.  0.  0.  0.  0.  0.  0.  0.  0.  0.
  0.  0.  0.  0.  0.  0.  0.  0.  0.  0.  0.  0.  0.  0.  0.  0.  0.  0.
  0.  0.  0.  0.  0.  0.  0.  0.  0.  0.  0.8 0.  0.  0.  0.  0.  0.  0.
  0.  0.  0.  0.  0.  0.  0.  0.  0.  0.  0.8 0.  0.  0.  0.  0.  0.  0.
  0.  0.  0.  0.  0.  0.  0.  0.  0.  0.  0.  0.  0.  0.  0.  0.  0.  0.
  0.  0.  0.  0.  0.  0.  0.  0.  0.  0.  0.  0.  0.  0.  0.  0.  0.  0.
  0.  0.  0.  0.  0.  0.  0.  0.  0.  0.  0.  0.  0.  0.  0.  0.8 0.  0.
  0.  0.  0.  0.  0.  0.  0.  0.  0.  0.  0.  0.  0.  0.  0.  0.  0.  0.
  0.  0.  0.  0.  0.  0.  0.  0.  0.  0.  0.8 0.  0.  0.  0.  0.  0.  0.
  0.  0.  0.  0.  0.8 0.  0.8 0.  0.  0.  0.  0.  0.  0.  0.  0.  0.  0.
  0.  0.  0.  0.8 0.  0.  0.  0.  0.8 0.  0.  0.  0.  0.  0.  0.  0.  0.
  0.8 0.  0.  0.  0.  0.  0.  0.  0.  0.  0.  0.  0.  0.  0.  0.  0.  0.
  0.  0.  0.  0.  0.  0.  0.  0.  0.8 0.  0.  0.  0.  0.  0.  0.  0.  0.
  0.  0.  0.  0.  0.  0.  0.  0.  0.  0.  0.  0.  0.  0.  0.  0.  0.  0.
  0.  0.  0.  0.  0.  0.  0.  0.  0.  0.8 0.  0.  0.  0.  0.  0.  0.  0.
  0.  0.  0.8 0.  0.  0.  0.  0.  0.  0.  0.  0.  0.  0.  0.  0.  0.  0.
  0.  0.  0.  0.  0.  0.  0.  0.  0.  0.  0.  0.  0.  0.  0.  0.  0.  0.
  0.  0.  0.  0.  1.  0.  0.  0.  0.  0.  0.  0.  0.  0.  0.  0.  0.  0.
  0.  0.  0.8 0.  0.  0.  0.  0.8 0.  0.  0.  0.  0.  0.  0.  0.  0.  0.
  0.  0.  0.  0.  0.  0.  0.  0.  0.  0.  0.  0.  0.  0.  0.  0.  0.  0.
  0.  0.  0.  0.  0.  0.  0.  0.  0.  0.  0.  0.  0.  0.  0.  0.  0.  0.
  0.  0.  0.  0.  0.  0.  0.  0.  0.  0.  0.  0.  0.  0.  0.  0.  0.  0.
  0. ]]"
"[[0.         0.         0.         0.         0.         0.
  0.         0.         0.         0.         0.         0.
  0.         0.         0.         0.192      0.         0.05941528
  0.         0.         0.         0.         0.         0.
  0.         0.         0.192      0.192      0.         0.07880267
  0.192      0.         0.         0.         0.         0.
  0.         0.         0.         0.192      0.         0.
  0.         0.192      0.         0.         0.         0.
  0.         0.         0.192      0.         0.         0.
  0.         0.09551002 0.         0.         0.         0.
  0.09551002 0.07871438 0.192      0.         0.         0.
  0.         0.         0.         0.         0.         0.09551002
  0.         0.         0.192      0.         0.         0.
  0.         0.         0.         0.         0.         0.
  0.         0.         0.         0.         0.         0.
  0.         0.09551002 0.         0.         0.         0.
  0.         0.         0.09551002 0.         0.         0.
  0.         0.39878689 0.07880267 0.         0.09551002 0.
  0.         0.         0.         0.43878689 0.05457738 0.
  0.05457738 0.         0.         0.07331213 0.         0.07331213
  0.         0.         0.         0.         0.         0.09551002
  0.         0.192      0.         0.         0.         0.
  0.         0.         0.         0.         0.         0.09551002
  0.09551002 0.         0.         0.         0.         0.
  0.09551002 0.         0.         0.192      0.         0.
  0.         0.05941528 0.         0.         0.         0.43878689
  0.192      0.         0.         0.09551002 0.         0.
  0.         0.         0.05457738 0.         0.05333333 0.
  0.192      0.         0.05941528 0.192      0.         0.
  0.         0.         0.         0.         0.         0.
  0.         0.09551002 0.         0.         0.         0.
  0.09551002 0.         0.192      0.         0.         0.
  0.         0.         0.192      0.         0.         0.10666667
  0.09551002 0.         0.         0.         0.         0.09551002
  0.         0.         0.         0.         0.         0.
  0.         0.         0.         0.         0.         0.
  0.09551002 0.         0.         0.43878689 0.07880267 0.
  0.         0.09551002 0.43878689 0.04775501 0.         0.
  0.09551002 0.         0.         0.         0.         0.
  0.         0.09551002 0.09551002 0.         0.         0.192
  0.         0.192      0.         0.09551002 0.43878689 0.
  0.         0.         0.         0.         0.         0.05164177
  0.         0.192      0.         0.         0.         0.07871438
  0.09551002 0.         0.         0.192      0.15515118 0.
  0.         0.         0.         0.192      0.192      0.
  0.         0.         0.         0.         0.         0.
  0.         0.         0.         0.         0.         0.
  0.         0.         0.09551002 0.         0.         0.09551002
  0.192      0.41212022 0.         0.         0.         0.09551002
  0.         0.         0.         0.         0.         0.
  0.192      0.         0.         0.         0.         0.05033281
  0.         0.03747614 0.         0.         0.         0.
  0.         0.         0.192      0.         0.09551002 0.192
  0.         0.         0.192      0.06027779 0.192      0.
  0.         0.         0.192      0.         0.         0.
  0.         0.         0.09551002 0.         0.         0.
  0.09551002 0.         0.         0.43878689 0.09551002 0.
  0.         0.43878689 0.         0.         0.         0.
  0.05457738 0.         0.         0.         0.09551002 0.09551002
  0.192      0.         0.09551002 0.         0.09551002 0.192
  0.09551002 0.         0.         0.         0.         0.43878689
  0.09551002 0.         0.         0.         0.         0.09551002
  0.         0.         0.09551002 0.192      0.09551002 0.09551002
  0.         0.         0.09551002 0.43878689 0.         1.
  0.         0.         0.09551002 0.         0.04833246 0.
  0.43878689 0.         0.03747614 0.03747614 0.07880267 0.
  0.         0.         0.         0.192      0.         0.
  0.         0.         0.07746265 0.         0.43878689 0.
  0.         0.         0.         0.         0.10666667 0.
  0.         0.192      0.         0.43878689 0.43878689 0.
  0.         0.192      0.         0.         0.         0.
  0.         0.         0.         0.         0.09551002 0.08316811
  0.         0.         0.         0.         0.         0.
  0.         0.192      0.192      0.         0.         0.
  0.         0.         0.         0.         0.         0.
  0.09551002 0.09551002 0.         0.         0.         0.
  0.         0.         0.         0.         0.         0.06761735
  0.192      0.         0.         0.         0.         0.
  0.        ]]"
"[[0.         0.         0.         0.         0.         0.
  0.         0.         0.         0.         0.         0.
  0.         0.         0.         0.         0.         0.
  0.         0.14952059 0.14952059 0.         0.15808012 0.
  0.         0.         0.         0.         0.         0.
  0.         0.         0.         0.17444773 0.         0.
  0.         0.         0.         0.         0.         0.24374625
  0.28213305 0.         0.         0.         0.         0.
  0.         0.         0.         0.         0.         0.
  0.         0.         0.         0.         0.         0.
  0.         0.         0.         0.         0.         0.
  0.         0.         0.14881206 0.         0.         0.
  0.         0.         0.         0.         0.         0.
  0.         0.         0.         0.         0.         0.
  0.         0.         0.         0.         0.         0.
  0.14069839 0.         0.27554305 0.         0.2386147  0.
  0.         0.         0.         0.         0.         0.
  0.         0.         0.         0.         0.         0.14881206
  0.         0.         0.         0.         0.         0.
  0.         0.         0.         0.         0.         0.
  0.         0.         0.         0.         0.         0.
  0.         0.         0.         0.         0.         0.
  0.         0.         0.         0.1163574  0.         0.
  0.         0.         0.         0.         0.         0.
  0.         0.         0.         0.         0.         0.
  0.25647304 0.         0.         0.         0.         0.
  0.         0.         0.         0.         0.         0.
  0.         0.         0.         0.1388245  0.         0.
  0.         0.         0.         0.         0.         0.
  0.         0.         0.         0.         0.         0.
  0.         0.         0.         0.         0.         0.
  0.         0.         0.         0.         0.         0.
  0.         0.         0.         0.         0.         0.
  0.         0.         0.         0.         0.29591406 0.
  0.         0.         0.         0.         0.         0.
  0.         0.         0.         0.         0.         0.
  0.         0.         0.         0.         0.         0.
  0.         0.         0.         0.         0.         0.
  0.         0.         0.         0.         0.         0.
  0.         0.         0.         0.         0.         0.
  0.         0.         0.         0.         0.         0.
  0.         0.         0.         0.         0.         0.
  0.         0.         0.         0.         0.         0.
  0.         0.         0.         0.         0.         0.
  0.         0.         0.         0.         0.         0.
  0.         0.33345309 0.         0.         0.         0.29358843
  0.         0.         0.         0.         0.         0.
  0.         0.         0.         0.         0.         0.
  0.         0.         0.         0.         0.         0.
  0.         0.         0.         0.         0.         0.
  0.         0.         0.         0.         0.         0.
  0.         0.         0.         0.         0.         0.
  0.         0.         0.         0.         0.         0.
  0.         0.22159351 0.         0.         0.         0.
  0.         0.29401206 0.         0.         0.         0.24216474
  0.         0.         0.         0.         0.         0.
  0.         0.         0.         0.         0.         0.
  0.         0.         0.         0.         0.         0.
  0.         0.         0.         0.         0.         0.
  0.         0.         0.         0.         0.         0.
  0.         0.         0.         0.         0.         0.
  0.         0.1837587  0.         0.         0.         0.
  0.         0.         0.         0.         0.         0.
  0.         0.         0.         0.         0.         0.
  1.         0.         0.         0.         0.         0.
  0.         0.         0.         0.         0.         0.
  0.         0.         0.         0.         0.         0.
  0.         0.         0.         0.         0.         0.
  0.         0.         0.         0.         0.         0.
  0.         0.         0.         0.         0.         0.
  0.1163574  0.         0.         0.         0.         0.
  0.         0.         0.         0.         0.         0.
  0.         0.         0.         0.         0.         0.29059737
  0.         0.         0.         0.         0.         0.
  0.         0.         0.         0.         0.         0.
  0.         0.         0.         0.         0.         0.
  0.         0.         0.         0.         0.         0.
  0.         0.         0.         0.         0.         0.
  0.        ]]"
"[[0.         0.         0.         0.         0.         0.
  0.         0.         0.         0.         0.         0.
  0.         0.         0.         0.         0.         0.
  0.         0.         0.         0.         0.         0.
  0.         0.32       0.         0.         0.         0.
  0.         0.         0.29866667 0.         0.         0.
  0.         0.         0.         0.         0.         0.
  0.         0.         0.         0.         0.         0.
  0.         0.         0.         0.8        0.         0.
  0.         0.         0.         0.256      0.         0.
  0.         0.         0.         0.17066667 0.256      0.
  0.         0.         0.         0.         0.29866667 0.
  0.8        0.         0.         0.8        0.         0.
  0.256      0.         0.         0.         0.         0.
  0.256      0.256      0.         0.         0.         0.
  0.         0.         0.         0.         0.         0.256
  0.         0.8        0.         0.         0.         0.
  0.         0.         0.         0.256      0.         0.
  0.         0.         0.         0.         0.         0.
  0.         0.256      0.         0.         0.         0.
  0.         0.         0.         0.         0.         0.
  0.         0.         0.         0.32       0.         0.
  0.         0.         0.         0.         0.         0.
  0.         0.         0.         0.         0.         0.
  0.         0.         0.         0.         0.         0.
  0.         0.         0.         0.         0.         0.
  0.         0.         0.         0.         0.         0.
  0.         0.         0.         0.         0.         0.
  0.         0.         0.         0.         0.         0.
  0.         0.         0.         0.         0.256      0.
  0.         0.         0.         0.         0.         0.
  0.         0.         0.         0.         0.         0.
  0.         0.256      0.         0.         0.         0.
  0.         0.32       0.         0.         0.         0.
  0.         0.17066667 0.         0.         0.         0.
  0.         0.         0.         0.256      0.         0.
  0.         0.10666667 0.         0.         0.         0.
  0.         0.         0.         0.         0.         0.
  0.         0.         0.17066667 0.         0.         0.10666667
  0.         0.         0.         0.256      0.         0.
  0.         0.         0.         0.         0.         0.
  0.         0.         0.         0.         0.         0.
  0.         0.         0.         0.         0.         0.
  0.         0.         0.         0.         0.         0.
  0.         0.         0.         0.         0.         0.256
  0.         0.         0.         0.         0.17066667 0.
  0.         0.         0.         0.256      0.         0.
  0.         0.         0.         0.         0.         0.
  0.         0.         0.256      0.         0.         0.
  0.10666667 0.         0.         0.         0.         0.29866667
  0.         0.         0.         0.256      0.         0.
  0.         0.         0.         0.         0.256      0.
  0.         0.         0.         0.         0.         0.
  0.         0.         0.         0.         0.         0.
  0.         0.         0.         0.         0.29866667 0.
  0.         0.         0.         0.         0.10666667 0.
  0.         0.         0.         0.         0.         0.
  0.         0.         0.         0.8        0.         0.
  0.         0.         0.         0.         0.         0.
  0.         0.         0.         0.         0.         0.
  0.         0.         0.256      0.         0.8        0.
  0.         0.         0.256      0.         0.         0.
  0.         0.         0.         0.         0.         0.
  0.         0.         0.         0.         0.         0.
  0.         1.         0.         0.17066667 0.         0.
  0.         0.         0.         0.         0.         0.256
  0.         0.         0.         0.         0.         0.
  0.         0.         0.         0.17066667 0.         0.256
  0.         0.         0.         0.         0.         0.
  0.         0.         0.         0.         0.         0.
  0.         0.         0.         0.         0.         0.
  0.         0.         0.         0.256      0.         0.
  0.         0.         0.         0.256      0.         0.
  0.         0.         0.         0.         0.         0.
  0.256      0.256      0.         0.         0.         0.
  0.         0.         0.         0.         0.         0.
  0.         0.         0.         0.         0.256      0.
  0.         0.256      0.17066667 0.8        0.         0.
  0.        ]]"
"[[0.         0.         0.         0.         0.         0.
  0.         0.         0.         0.         0.         0.
  0.         0.         0.         0.256      0.         0.09014012
  0.         0.         0.         0.         0.         0.
  0.         0.         0.256      0.256      0.         0.
  0.256      0.         0.         0.         0.         0.
  0.         0.         0.         0.256      0.         0.
  0.         0.256      0.         0.         0.         0.
  0.         0.         0.256      0.         0.         0.
  0.         0.64       0.         0.         0.         0.
  0.64       0.34253503 0.256      0.         0.         0.
  0.         0.         0.         0.         0.         0.8
  0.         0.         0.256      0.         0.         0.
  0.         0.         0.         0.         0.         0.
  0.         0.         0.         0.         0.         0.
  0.         0.64       0.         0.         0.         0.
  0.         0.         0.64       0.         0.         0.
  0.         0.09551002 0.         0.         0.8        0.
  0.         0.         0.         0.09551002 0.04868355 0.
  0.04868355 0.         0.         0.06248139 0.         0.06248139
  0.         0.         0.         0.         0.         0.64
  0.         0.256      0.         0.         0.         0.
  0.         0.         0.         0.         0.         0.8
  0.64       0.         0.         0.         0.         0.
  0.64       0.         0.         0.256      0.         0.
  0.         0.09014012 0.         0.         0.         0.09551002
  0.256      0.         0.         0.64       0.         0.
  0.         0.         0.04868355 0.         0.         0.
  0.256      0.         0.09014012 0.256      0.         0.
  0.         0.         0.         0.         0.         0.
  0.         0.64       0.         0.         0.         0.
  0.72       0.         0.256      0.         0.         0.
  0.         0.         0.256      0.         0.         0.
  0.64       0.         0.         0.         0.         0.8
  0.         0.         0.         0.         0.         0.
  0.         0.         0.         0.         0.         0.
  0.64       0.         0.         0.09551002 0.         0.
  0.         0.64       0.09551002 0.32       0.         0.
  0.64       0.         0.         0.         0.         0.
  0.         0.8        0.64       0.         0.         0.256
  0.         0.256      0.         0.64       0.09551002 0.
  0.         0.         0.         0.         0.         0.24338004
  0.         0.256      0.         0.         0.         0.34253503
  0.8        0.         0.         0.256      0.03183667 0.
  0.         0.         0.         0.256      0.256      0.
  0.         0.         0.         0.         0.         0.
  0.         0.         0.         0.         0.         0.
  0.         0.         0.8        0.         0.         0.64
  0.256      0.09551002 0.         0.         0.         0.8
  0.         0.         0.         0.         0.         0.
  0.256      0.         0.         0.         0.         0.02645056
  0.         0.03295268 0.         0.         0.         0.
  0.         0.         0.256      0.         0.8        0.256
  0.         0.         0.256      0.05392717 0.256      0.
  0.         0.         0.256      0.         0.         0.
  0.         0.         0.64       0.         0.         0.
  0.64       0.         0.         0.09551002 0.64       0.
  0.         0.09551002 0.         0.         0.         0.
  0.04868355 0.         0.         0.         0.8        0.64
  0.256      0.         0.64       0.         0.64       0.256
  0.64       0.         0.         0.         0.         0.09551002
  0.64       0.         0.         0.         0.         0.8
  0.         0.         0.8        0.256      0.64       0.64
  0.         0.         0.64       0.09551002 0.         0.09551002
  0.         0.         1.         0.         0.04408427 0.
  0.09551002 0.         0.03295268 0.03295268 0.         0.
  0.         0.         0.         0.256      0.         0.
  0.         0.         0.36507006 0.         0.09551002 0.
  0.         0.         0.         0.         0.         0.
  0.         0.256      0.         0.09551002 0.09551002 0.
  0.         0.256      0.         0.         0.         0.
  0.         0.         0.         0.         0.64       0.40788717
  0.         0.         0.         0.         0.         0.
  0.         0.256      0.256      0.         0.         0.
  0.         0.         0.         0.         0.         0.
  0.64       0.64       0.         0.         0.         0.
  0.         0.         0.         0.         0.         0.06102698
  0.256      0.         0.         0.         0.         0.
  0.        ]]"
"[[0.         0.         0.         0.         0.         0.
  0.         0.         0.         0.         0.         0.
  0.         0.         0.         0.         0.         0.
  0.         0.         0.         0.         0.         0.
  0.         0.08533333 0.         0.         0.         0.
  0.         0.         0.12515556 0.         0.         0.
  0.         0.         0.         0.         0.         0.
  0.         0.         0.         0.         0.         0.
  0.         0.         0.         0.17066667 0.         0.
  0.         0.         0.         0.2048     0.         0.
  0.         0.         0.         0.72       0.2048     0.
  0.         0.         0.         0.         0.12515556 0.
  0.17066667 0.         0.         0.17066667 0.         0.
  0.2048     0.         0.         0.         0.         0.
  0.2048     0.2048     0.         0.         0.         0.
  0.         0.         0.         0.         0.         0.2048
  0.         0.17066667 0.         0.         0.         0.
  0.         0.         0.         0.2048     0.         0.
  0.         0.         0.         0.         0.         0.
  0.         0.2048     0.         0.         0.         0.
  0.         0.         0.         0.         0.         0.
  0.         0.         0.         0.08533333 0.         0.
  0.         0.         0.         0.         0.         0.
  0.         0.         0.         0.         0.         0.
  0.         0.         0.         0.         0.         0.
  0.         0.         0.         0.         0.         0.
  0.         0.         0.         0.         0.         0.
  0.         0.         0.         0.         0.         0.
  0.         0.         0.         0.         0.         0.
  0.         0.         0.         0.         0.2048     0.
  0.         0.         0.         0.         0.         0.
  0.         0.         0.         0.         0.         0.
  0.         0.2048     0.         0.         0.         0.
  0.         0.08533333 0.         0.         0.         0.
  0.         0.72       0.         0.         0.         0.
  0.         0.         0.         0.2048     0.         0.
  0.         0.02844444 0.         0.         0.         0.
  0.         0.         0.         0.         0.         0.
  0.         0.         0.72       0.         0.         0.02844444
  0.         0.         0.         0.2048     0.         0.
  0.         0.         0.         0.         0.         0.
  0.         0.         0.         0.         0.         0.
  0.         0.         0.         0.         0.         0.
  0.         0.         0.         0.         0.         0.
  0.         0.         0.         0.         0.         0.2048
  0.         0.         0.         0.         0.64       0.
  0.         0.         0.         0.2048     0.         0.
  0.         0.         0.         0.         0.         0.
  0.         0.         0.2048     0.         0.         0.
  0.02844444 0.         0.         0.         0.         0.12515556
  0.         0.         0.         0.2048     0.         0.
  0.         0.         0.         0.         0.2048     0.
  0.         0.         0.         0.         0.         0.
  0.         0.         0.         0.         0.         0.
  0.         0.         0.         0.         0.12515556 0.
  0.         0.         0.         0.         0.02844444 0.
  0.         0.         0.         0.         0.         0.
  0.         0.         0.         0.17066667 0.         0.
  0.         0.         0.         0.         0.         0.
  0.         0.         0.         0.         0.         0.
  0.         0.         0.2048     0.         0.17066667 0.
  0.         0.         0.2048     0.         0.         0.
  0.         0.         0.         0.         0.         0.
  0.         0.         0.         0.         0.         0.
  0.         0.17066667 0.         1.         0.         0.
  0.         0.         0.         0.         0.         0.2048
  0.         0.         0.         0.         0.         0.
  0.         0.         0.         0.72       0.         0.2048
  0.         0.         0.         0.         0.         0.
  0.         0.         0.         0.         0.         0.
  0.         0.         0.         0.         0.         0.
  0.         0.         0.         0.2048     0.         0.
  0.         0.         0.         0.2048     0.         0.
  0.         0.         0.         0.         0.         0.
  0.2048     0.2048     0.         0.         0.         0.
  0.         0.         0.         0.         0.         0.
  0.         0.         0.         0.         0.2048     0.
  0.         0.2048     0.72       0.17066667 0.         0.
  0.        ]]"
"[[0.         0.         0.         0.         0.         0.
  0.         0.         0.         0.         0.         0.
  0.         0.         0.         0.06257778 0.         0.04142466
  0.         0.         0.         0.         0.         0.
  0.         0.         0.06257778 0.06257778 0.         0.02365807
  0.06257778 0.         0.         0.         0.         0.
  0.         0.         0.         0.06257778 0.         0.
  0.         0.06257778 0.         0.         0.         0.
  0.         0.         0.06257778 0.         0.         0.
  0.         0.04408427 0.         0.         0.         0.
  0.04408427 0.03502252 0.06257778 0.         0.         0.
  0.         0.         0.         0.         0.         0.04408427
  0.         0.         0.06257778 0.         0.         0.
  0.         0.         0.         0.         0.         0.
  0.         0.         0.         0.         0.         0.
  0.         0.04408427 0.         0.         0.         0.
  0.         0.         0.04408427 0.         0.         0.
  0.         0.04833246 0.02365807 0.         0.04408427 0.
  0.         0.         0.         0.03659311 0.39312213 0.
  0.39312213 0.         0.         0.14469784 0.         0.14469784
  0.         0.         0.         0.         0.         0.04408427
  0.         0.06257778 0.         0.         0.         0.
  0.         0.         0.         0.         0.         0.04408427
  0.04408427 0.         0.         0.         0.         0.
  0.04408427 0.         0.         0.06257778 0.         0.
  0.         0.04142466 0.         0.         0.         0.03659311
  0.06257778 0.         0.         0.04408427 0.         0.
  0.         0.         0.39312213 0.         0.         0.
  0.06257778 0.         0.04142466 0.06257778 0.         0.
  0.         0.         0.         0.         0.         0.
  0.         0.04408427 0.         0.         0.         0.
  0.04408427 0.         0.06257778 0.         0.         0.
  0.         0.         0.06257778 0.         0.         0.
  0.04408427 0.         0.         0.         0.         0.04408427
  0.         0.         0.         0.         0.         0.
  0.         0.         0.         0.         0.         0.
  0.04408427 0.         0.         0.03659311 0.02365807 0.
  0.         0.04408427 0.0600718  0.02204213 0.         0.
  0.04408427 0.         0.         0.         0.         0.
  0.         0.04408427 0.04408427 0.         0.         0.06257778
  0.         0.06257778 0.         0.04408427 0.0600718  0.
  0.         0.         0.         0.         0.         0.02850298
  0.         0.06257778 0.         0.         0.         0.03502252
  0.04408427 0.         0.         0.06257778 0.02002393 0.
  0.         0.         0.         0.06257778 0.06257778 0.
  0.         0.         0.         0.         0.         0.
  0.         0.         0.         0.         0.         0.
  0.         0.         0.04408427 0.         0.         0.04408427
  0.06257778 0.05224557 0.         0.         0.         0.04408427
  0.         0.         0.         0.         0.         0.
  0.06257778 0.         0.         0.         0.         0.28555813
  0.         0.46193332 0.         0.         0.         0.
  0.         0.         0.06257778 0.         0.04408427 0.06257778
  0.         0.         0.06257778 0.37018506 0.06257778 0.
  0.         0.         0.06257778 0.         0.         0.
  0.         0.         0.04408427 0.         0.         0.
  0.04408427 0.         0.         0.03659311 0.04408427 0.
  0.         0.03659311 0.         0.         0.         0.
  0.39312213 0.         0.         0.         0.04408427 0.04408427
  0.06257778 0.         0.04408427 0.         0.04408427 0.06257778
  0.04408427 0.         0.         0.         0.         0.03659311
  0.04408427 0.         0.         0.         0.         0.04408427
  0.         0.         0.04408427 0.06257778 0.04408427 0.04408427
  0.         0.         0.04408427 0.03659311 0.         0.04833246
  0.         0.         0.04408427 0.         1.         0.
  0.03659311 0.         0.46193332 0.46193332 0.02365807 0.
  0.         0.         0.         0.06257778 0.         0.
  0.         0.         0.04275446 0.         0.04833246 0.
  0.         0.         0.         0.         0.         0.
  0.         0.06257778 0.         0.03659311 0.0600718  0.
  0.         0.06257778 0.         0.         0.         0.
  0.         0.         0.         0.         0.04408427 0.03819722
  0.         0.         0.         0.         0.         0.
  0.         0.06257778 0.06257778 0.         0.         0.
  0.         0.         0.         0.         0.         0.
  0.04408427 0.04408427 0.         0.         0.         0.
  0.         0.         0.         0.         0.         0.3116342
  0.06257778 0.         0.         0.         0.         0.
  0.        ]]"
"[[0.         0.         0.         0.         0.         0.
  0.         0.         0.         0.         0.         0.
  0.         0.         0.8        0.         0.39229413 0.
  0.         0.         0.         0.         0.         0.33244119
  0.         0.         0.         0.         0.         0.
  0.         0.         0.         0.         0.17043872 0.15288238
  0.44519629 0.         0.         0.         0.         0.
  0.         0.         0.         0.         0.45409874 0.8
  0.29903933 0.8        0.         0.         0.17043872 0.35113562
  0.15288238 0.         0.18604718 0.         0.         0.27974558
  0.         0.         0.         0.         0.         0.
  0.64       0.         0.         0.         0.         0.
  0.         0.44519629 0.         0.         0.44519629 0.35958374
  0.         0.35113562 0.         0.         0.         0.39644119
  0.         0.         0.46602622 0.         0.         0.
  0.         0.         0.         0.44519629 0.         0.
  0.         0.         0.         0.         0.8        0.15288238
  0.27302556 0.         0.         0.         0.         0.
  0.         0.         0.44519629 0.         0.         0.44519629
  0.         0.         0.45409874 0.         0.         0.
  0.27743458 0.8        0.         0.44519629 0.         0.
  0.16524586 0.         0.20305623 0.         0.         0.42526996
  0.22394201 0.16524586 0.         0.         0.         0.
  0.         0.4415524  0.34433176 0.         0.         0.64
  0.         0.16524586 0.25945255 0.         0.8        0.8
  0.         0.         0.20029674 0.44519629 0.35958374 0.
  0.         0.21680308 0.18548975 0.         0.         0.
  0.32874686 0.8        0.         0.         0.         0.
  0.         0.14873826 0.         0.         0.45281874 0.8
  0.44519629 0.         0.36440154 0.44519629 0.         0.27181922
  0.44519629 0.         0.38411653 0.23334155 0.44519629 0.
  0.         0.         0.         0.         0.         0.31091953
  0.3418325  0.         0.         0.         0.45409874 0.
  0.         0.         0.         0.15288238 0.         0.
  0.         0.         0.8        0.64       0.         0.
  0.2284161  0.44519629 0.8        0.         0.33097328 0.
  0.         0.         0.44519629 0.         0.         0.
  0.39351439 0.         0.         0.         0.         0.35958374
  0.         0.8        0.         0.17043872 0.21680308 0.
  0.15288238 0.         0.         0.         0.         0.
  0.         0.         0.         0.         0.         0.35958374
  0.         0.23079213 0.8        0.34433176 0.         0.
  0.44519629 0.         0.         0.         0.         0.
  0.         0.15288238 0.         0.         0.         0.
  0.35958374 0.         0.64       0.         0.         0.
  0.         0.         0.34433176 0.8        0.         0.
  0.32874686 0.         0.44519629 0.         0.2815388  0.44519629
  0.15288238 0.12566528 0.         0.         0.21680308 0.
  0.         0.         0.         0.44519629 0.         0.
  0.         0.25487425 0.         0.36805328 0.         0.
  0.         0.39644119 0.         0.         0.         0.
  0.         0.         0.8        0.16524586 0.         0.8
  0.15288238 0.14292334 0.         0.16524586 0.         0.
  0.36440154 0.         0.         0.         0.         0.24508734
  0.22752403 0.         0.         0.44519629 0.         0.
  0.         0.         0.         0.         0.         0.21680308
  0.         0.         0.         0.         0.         0.51606583
  0.         0.         0.         0.         0.21967129 0.
  0.         0.         0.         0.28819341 0.         0.
  0.         0.         0.         0.3418325  0.         0.
  0.         0.         0.         0.         0.         0.
  0.         0.         0.         0.44519629 0.         0.
  0.8        0.8        0.         0.         0.         0.
  0.         0.29723816 0.         0.         0.         0.
  0.         0.         0.         0.         0.         1.
  0.         0.         0.         0.         0.         0.
  0.         0.         0.         0.         0.         0.
  0.37473012 0.         0.         0.         0.         0.
  0.16524586 0.         0.24266179 0.         0.         0.2049482
  0.34433176 0.         0.         0.         0.         0.
  0.         0.         0.         0.64       0.39351439 0.
  0.16524586 0.33244119 0.         0.         0.         0.
  0.44519629 0.         0.         0.         0.         0.
  0.34433176 0.         0.         0.15288238 0.         0.
  0.         0.         0.         0.         0.44519629 0.29903933
  0.         0.         0.         0.44519629 0.44519629 0.
  0.44519629 0.         0.8        0.         0.         0.
  0.         0.         0.         0.         0.         0.
  0.        ]]"
"[[0.         0.         0.         0.         0.         0.
  0.         0.         0.         0.         0.         0.
  0.         0.         0.         0.21333333 0.         0.04621189
  0.         0.         0.         0.         0.         0.
  0.         0.         0.21333333 0.21333333 0.         0.11940134
  0.21333333 0.         0.         0.         0.         0.
  0.         0.         0.         0.21333333 0.         0.
  0.         0.21333333 0.         0.         0.         0.
  0.         0.         0.21333333 0.         0.         0.
  0.         0.09551002 0.         0.         0.         0.
  0.09551002 0.09078023 0.21333333 0.         0.         0.
  0.         0.         0.         0.         0.         0.09551002
  0.         0.         0.21333333 0.         0.         0.
  0.         0.         0.         0.         0.         0.
  0.         0.         0.         0.         0.         0.
  0.         0.09551002 0.         0.         0.         0.
  0.         0.         0.09551002 0.         0.         0.
  0.         0.43878689 0.11940134 0.         0.09551002 0.
  0.         0.         0.         0.8        0.05117994 0.
  0.05117994 0.         0.         0.09494043 0.         0.09494043
  0.         0.         0.         0.         0.         0.09551002
  0.         0.21333333 0.         0.         0.         0.
  0.         0.         0.         0.         0.         0.09551002
  0.09551002 0.         0.         0.         0.         0.
  0.09551002 0.         0.         0.21333333 0.         0.
  0.         0.04621189 0.         0.         0.         0.8
  0.21333333 0.         0.         0.09551002 0.         0.
  0.         0.         0.05117994 0.         0.10666667 0.
  0.21333333 0.         0.04621189 0.21333333 0.         0.
  0.         0.         0.         0.         0.         0.
  0.         0.09551002 0.         0.         0.         0.
  0.09551002 0.         0.21333333 0.         0.         0.
  0.         0.         0.21333333 0.         0.         0.21333333
  0.09551002 0.         0.         0.         0.         0.09551002
  0.         0.         0.         0.         0.         0.
  0.         0.         0.         0.         0.         0.
  0.09551002 0.         0.         0.8        0.11940134 0.
  0.         0.09551002 0.07757377 0.04775501 0.         0.
  0.09551002 0.         0.         0.         0.         0.
  0.         0.09551002 0.09551002 0.         0.         0.21333333
  0.         0.21333333 0.         0.09551002 0.07757377 0.
  0.         0.         0.         0.         0.         0.04724064
  0.         0.21333333 0.         0.         0.         0.09078023
  0.09551002 0.         0.         0.21333333 0.09696904 0.
  0.         0.         0.         0.21333333 0.21333333 0.
  0.         0.         0.         0.         0.         0.
  0.         0.         0.         0.         0.         0.
  0.         0.         0.09551002 0.         0.         0.09551002
  0.21333333 0.31838252 0.         0.         0.         0.09551002
  0.         0.         0.         0.         0.         0.
  0.21333333 0.         0.         0.         0.         0.06462253
  0.         0.0277926  0.         0.         0.         0.
  0.         0.         0.21333333 0.         0.09551002 0.21333333
  0.         0.         0.21333333 0.05897572 0.21333333 0.
  0.         0.         0.21333333 0.         0.         0.
  0.         0.         0.09551002 0.         0.         0.
  0.09551002 0.         0.         0.8        0.09551002 0.
  0.         0.8        0.         0.         0.         0.
  0.05117994 0.         0.         0.         0.09551002 0.09551002
  0.21333333 0.         0.09551002 0.         0.09551002 0.21333333
  0.09551002 0.         0.         0.         0.         0.8
  0.09551002 0.         0.         0.         0.         0.09551002
  0.         0.         0.09551002 0.21333333 0.09551002 0.09551002
  0.         0.         0.09551002 0.8        0.         0.43878689
  0.         0.         0.09551002 0.         0.03659311 0.
  1.         0.         0.0277926  0.0277926  0.11940134 0.
  0.         0.         0.         0.21333333 0.         0.
  0.         0.         0.07086095 0.         0.43878689 0.
  0.         0.         0.         0.         0.21333333 0.
  0.         0.21333333 0.         0.8        0.07757377 0.
  0.         0.21333333 0.         0.         0.         0.
  0.         0.         0.         0.         0.09551002 0.09052911
  0.         0.         0.         0.         0.         0.
  0.         0.21333333 0.21333333 0.         0.         0.
  0.         0.         0.         0.         0.         0.
  0.09551002 0.09551002 0.         0.         0.         0.
  0.         0.         0.         0.         0.         0.07142535
  0.21333333 0.         0.         0.         0.         0.
  0.        ]]"
"[[0.         0.         0.         0.         0.         0.
  0.         0.         0.         0.         0.         0.
  0.         0.         0.         0.         0.         0.
  0.8        0.         0.         0.8        0.         0.
  0.         0.         0.         0.         0.18027303 0.
  0.         0.1714402  0.         0.         0.         0.
  0.         0.8        0.         0.         0.8        0.
  0.         0.         0.08535929 0.         0.         0.
  0.         0.         0.         0.         0.         0.
  0.         0.         0.         0.         0.12027214 0.
  0.         0.         0.         0.         0.         0.8
  0.         0.         0.         0.         0.         0.
  0.         0.         0.         0.         0.         0.
  0.         0.         0.8        0.8        0.12856171 0.
  0.         0.         0.         0.16985201 0.         0.8
  0.         0.         0.         0.         0.         0.
  0.8        0.         0.         0.8        0.         0.
  0.         0.         0.         0.         0.         0.
  0.8        0.8        0.         0.         0.         0.
  0.         0.         0.         0.         0.         0.
  0.         0.         0.08526979 0.         0.         0.
  0.         0.         0.         0.         0.8        0.
  0.         0.         0.         0.         0.         0.
  0.         0.         0.         0.11346386 0.8        0.
  0.         0.         0.         0.         0.         0.
  0.         0.         0.         0.         0.         0.
  0.         0.         0.         0.         0.         0.8
  0.         0.         0.         0.         0.         0.8
  0.         0.         0.         0.         0.         0.
  0.         0.8        0.         0.         0.         0.
  0.         0.         0.         0.         0.         0.08535929
  0.         0.         0.         0.07191812 0.         0.
  0.         0.         0.         0.         0.         0.
  0.         0.         0.         0.         0.         0.
  0.8        0.         0.         0.         0.8        0.8
  0.         0.         0.         0.         0.         0.
  0.         0.         0.         0.         0.         0.
  0.         0.         0.         0.         0.         0.
  0.         0.         0.         0.         0.         0.
  0.         0.         0.         0.         0.         0.
  0.         0.         0.06428085 0.         0.         0.
  0.8        0.         0.         0.         0.8        0.
  0.         0.         0.12869422 0.         0.11497495 0.
  0.         0.         0.         0.         0.         0.
  0.         0.         0.         0.         0.         0.
  0.         0.         0.         0.         0.         0.
  0.         0.         0.         0.         0.         0.
  0.         0.         0.         0.         0.         0.
  0.         0.         0.         0.         0.8        0.
  0.         0.         0.         0.         0.         0.
  0.         0.         0.8        0.         0.08719264 0.
  0.8        0.         0.         0.         0.         0.
  0.         0.         0.         0.         0.         0.
  0.         0.         0.         0.         0.         0.
  0.         0.         0.         0.         0.         0.
  0.18027303 0.8        0.         0.         0.         0.
  0.         0.8        0.8        0.         0.         0.
  0.         0.         0.         0.         0.         0.
  0.         0.         0.8        0.         0.         0.
  0.         0.8        0.         0.         0.         0.
  0.         0.         0.         0.8        0.         0.
  0.         0.         0.         0.         0.         0.
  0.         0.         0.         0.         0.         0.
  0.08297931 0.         0.         0.         0.         0.
  0.         0.         0.         0.         0.         0.
  0.         1.         0.         0.         0.         0.
  0.08630174 0.         0.         0.         0.8        0.8
  0.         0.         0.         0.         0.         0.
  0.         0.         0.         0.         0.         0.
  0.         0.         0.8        0.         0.         0.
  0.         0.         0.1714402  0.         0.         0.8
  0.         0.         0.8        0.         0.         0.
  0.         0.         0.09648754 0.         0.8        0.
  0.         0.         0.         0.         0.09648754 0.
  0.         0.         0.         0.         0.         0.
  0.         0.         0.         0.         0.         0.
  0.         0.09958583 0.         0.8        0.         0.
  0.         0.         0.         0.         0.11027147 0.
  0.        ]]"
"[[0.         0.         0.         0.         0.         0.
  0.         0.         0.         0.         0.         0.
  0.         0.         0.         0.03413333 0.         0.03605192
  0.         0.         0.         0.         0.         0.
  0.         0.         0.03413333 0.03413333 0.         0.02157087
  0.03413333 0.         0.         0.         0.         0.
  0.         0.         0.         0.03413333 0.         0.
  0.         0.03413333 0.         0.         0.         0.
  0.         0.         0.03413333 0.         0.         0.
  0.         0.03295268 0.         0.         0.         0.
  0.03295268 0.02906457 0.03413333 0.         0.         0.
  0.         0.         0.         0.         0.         0.03295268
  0.         0.         0.03413333 0.         0.         0.
  0.         0.         0.         0.         0.         0.
  0.         0.         0.         0.         0.         0.
  0.         0.03295268 0.         0.         0.         0.
  0.         0.         0.03295268 0.         0.         0.
  0.         0.03747614 0.02157087 0.         0.03295268 0.
  0.         0.         0.         0.0277926  0.39256486 0.
  0.39256486 0.         0.         0.18445948 0.         0.18445948
  0.         0.         0.         0.         0.         0.03295268
  0.         0.03413333 0.         0.         0.         0.
  0.         0.         0.         0.         0.         0.03295268
  0.03295268 0.         0.         0.         0.         0.
  0.03295268 0.         0.         0.03413333 0.         0.
  0.         0.03605192 0.         0.         0.         0.0277926
  0.03413333 0.         0.         0.03295268 0.         0.
  0.         0.         0.39256486 0.         0.         0.
  0.03413333 0.         0.03605192 0.03413333 0.         0.
  0.         0.         0.         0.         0.         0.
  0.         0.03295268 0.         0.         0.         0.
  0.03295268 0.         0.03413333 0.         0.         0.
  0.         0.         0.03413333 0.         0.         0.
  0.03295268 0.         0.         0.         0.         0.03295268
  0.         0.         0.         0.         0.         0.
  0.         0.         0.         0.         0.         0.
  0.03295268 0.         0.         0.0277926  0.02157087 0.
  0.         0.03295268 0.04715967 0.01647634 0.         0.
  0.03295268 0.         0.         0.         0.         0.
  0.         0.03295268 0.03295268 0.         0.         0.03413333
  0.         0.03413333 0.         0.03295268 0.04715967 0.
  0.         0.         0.         0.         0.         0.02300153
  0.         0.03413333 0.         0.         0.         0.02906457
  0.03295268 0.         0.         0.03413333 0.01571989 0.
  0.         0.         0.         0.03413333 0.03413333 0.
  0.         0.         0.         0.         0.         0.
  0.         0.         0.         0.         0.         0.
  0.         0.         0.03295268 0.         0.         0.03295268
  0.03413333 0.04070398 0.         0.         0.         0.03295268
  0.         0.         0.         0.         0.         0.
  0.03413333 0.         0.         0.         0.         0.27715999
  0.         0.8        0.         0.         0.         0.
  0.         0.         0.03413333 0.         0.03295268 0.03413333
  0.         0.         0.03413333 0.25675315 0.03413333 0.
  0.         0.         0.03413333 0.         0.         0.
  0.         0.         0.03295268 0.         0.         0.
  0.03295268 0.         0.         0.0277926  0.03295268 0.
  0.         0.0277926  0.         0.         0.         0.
  0.39256486 0.         0.         0.         0.03295268 0.03295268
  0.03413333 0.         0.03295268 0.         0.03295268 0.03413333
  0.03295268 0.         0.         0.         0.         0.0277926
  0.03295268 0.         0.         0.         0.         0.03295268
  0.         0.         0.03295268 0.03413333 0.03295268 0.03295268
  0.         0.         0.03295268 0.0277926  0.         0.03747614
  0.         0.         0.03295268 0.         0.46193332 0.
  0.0277926  0.         1.         0.8        0.02157087 0.
  0.         0.         0.         0.03413333 0.         0.
  0.         0.         0.0345023  0.         0.03747614 0.
  0.         0.         0.         0.         0.         0.
  0.         0.03413333 0.         0.0277926  0.04715967 0.
  0.         0.03413333 0.         0.         0.         0.
  0.         0.         0.         0.         0.03295268 0.03065857
  0.         0.         0.         0.         0.         0.
  0.         0.03413333 0.03413333 0.         0.         0.
  0.         0.         0.         0.         0.         0.
  0.03295268 0.03295268 0.         0.         0.         0.
  0.         0.         0.         0.         0.         0.23214255
  0.03413333 0.         0.         0.         0.         0.
  0.        ]]"
"[[0.         0.         0.         0.         0.         0.
  0.         0.         0.         0.         0.         0.
  0.         0.         0.         0.03413333 0.         0.03605192
  0.         0.         0.         0.         0.         0.
  0.         0.         0.03413333 0.03413333 0.         0.02157087
  0.03413333 0.         0.         0.         0.         0.
  0.         0.         0.         0.03413333 0.         0.
  0.         0.03413333 0.         0.         0.         0.
  0.         0.         0.03413333 0.         0.         0.
  0.         0.03295268 0.         0.         0.         0.
  0.03295268 0.02906457 0.03413333 0.         0.         0.
  0.         0.         0.         0.         0.         0.03295268
  0.         0.         0.03413333 0.         0.         0.
  0.         0.         0.         0.         0.         0.
  0.         0.         0.         0.         0.         0.
  0.         0.03295268 0.         0.         0.         0.
  0.         0.         0.03295268 0.         0.         0.
  0.         0.03747614 0.02157087 0.         0.03295268 0.
  0.         0.         0.         0.0277926  0.39256486 0.
  0.39256486 0.         0.         0.18445948 0.         0.18445948
  0.         0.         0.         0.         0.         0.03295268
  0.         0.03413333 0.         0.         0.         0.
  0.         0.         0.         0.         0.         0.03295268
  0.03295268 0.         0.         0.         0.         0.
  0.03295268 0.         0.         0.03413333 0.         0.
  0.         0.03605192 0.         0.         0.         0.0277926
  0.03413333 0.         0.         0.03295268 0.         0.
  0.         0.         0.39256486 0.         0.         0.
  0.03413333 0.         0.03605192 0.03413333 0.         0.
  0.         0.         0.         0.         0.         0.
  0.         0.03295268 0.         0.         0.         0.
  0.03295268 0.         0.03413333 0.         0.         0.
  0.         0.         0.03413333 0.         0.         0.
  0.03295268 0.         0.         0.         0.         0.03295268
  0.         0.         0.         0.         0.         0.
  0.         0.         0.         0.         0.         0.
  0.03295268 0.         0.         0.0277926  0.02157087 0.
  0.         0.03295268 0.04715967 0.01647634 0.         0.
  0.03295268 0.         0.         0.         0.         0.
  0.         0.03295268 0.03295268 0.         0.         0.03413333
  0.         0.03413333 0.         0.03295268 0.04715967 0.
  0.         0.         0.         0.         0.         0.02300153
  0.         0.03413333 0.         0.         0.         0.02906457
  0.03295268 0.         0.         0.03413333 0.01571989 0.
  0.         0.         0.         0.03413333 0.03413333 0.
  0.         0.         0.         0.         0.         0.
  0.         0.         0.         0.         0.         0.
  0.         0.         0.03295268 0.         0.         0.03295268
  0.03413333 0.04070398 0.         0.         0.         0.03295268
  0.         0.         0.         0.         0.         0.
  0.03413333 0.         0.         0.         0.         0.27715999
  0.         0.8        0.         0.         0.         0.
  0.         0.         0.03413333 0.         0.03295268 0.03413333
  0.         0.         0.03413333 0.25675315 0.03413333 0.
  0.         0.         0.03413333 0.         0.         0.
  0.         0.         0.03295268 0.         0.         0.
  0.03295268 0.         0.         0.0277926  0.03295268 0.
  0.         0.0277926  0.         0.         0.         0.
  0.39256486 0.         0.         0.         0.03295268 0.03295268
  0.03413333 0.         0.03295268 0.         0.03295268 0.03413333
  0.03295268 0.         0.         0.         0.         0.0277926
  0.03295268 0.         0.         0.         0.         0.03295268
  0.         0.         0.03295268 0.03413333 0.03295268 0.03295268
  0.         0.         0.03295268 0.0277926  0.         0.03747614
  0.         0.         0.03295268 0.         0.46193332 0.
  0.0277926  0.         0.8        1.         0.02157087 0.
  0.         0.         0.         0.03413333 0.         0.
  0.         0.         0.0345023  0.         0.03747614 0.
  0.         0.         0.         0.         0.         0.
  0.         0.03413333 0.         0.0277926  0.04715967 0.
  0.         0.03413333 0.         0.         0.         0.
  0.         0.         0.         0.         0.03295268 0.03065857
  0.         0.         0.         0.         0.         0.
  0.         0.03413333 0.03413333 0.         0.         0.
  0.         0.         0.         0.         0.         0.
  0.03295268 0.03295268 0.         0.         0.         0.
  0.         0.         0.         0.         0.         0.23214255
  0.03413333 0.         0.         0.         0.         0.
  0.        ]]"
"[[0.         0.         0.         0.         0.         0.
  0.         0.         0.         0.         0.         0.
  0.         0.         0.         0.         0.         0.16901401
  0.         0.         0.         0.         0.         0.
  0.         0.         0.         0.         0.         0.8
  0.         0.         0.         0.         0.         0.
  0.         0.         0.         0.         0.         0.
  0.         0.         0.         0.         0.         0.
  0.         0.         0.         0.         0.         0.
  0.         0.         0.         0.         0.         0.
  0.         0.11267601 0.         0.         0.         0.
  0.         0.         0.         0.         0.         0.
  0.         0.         0.         0.         0.         0.
  0.         0.         0.         0.         0.         0.
  0.         0.         0.         0.         0.         0.
  0.         0.         0.         0.         0.         0.
  0.         0.         0.         0.         0.         0.
  0.         0.07880267 0.8        0.         0.         0.
  0.         0.         0.         0.11940134 0.03638861 0.
  0.03638861 0.         0.         0.07458022 0.         0.07458022
  0.         0.         0.         0.         0.         0.
  0.         0.         0.         0.         0.         0.
  0.         0.         0.         0.         0.         0.
  0.         0.         0.         0.         0.         0.
  0.         0.         0.         0.         0.         0.
  0.         0.16901401 0.         0.         0.         0.11940134
  0.         0.         0.         0.         0.         0.
  0.         0.         0.03638861 0.         0.16       0.
  0.         0.         0.16901401 0.         0.         0.
  0.         0.         0.         0.         0.         0.
  0.         0.         0.         0.         0.         0.
  0.         0.         0.         0.         0.         0.
  0.         0.         0.         0.         0.         0.32
  0.         0.         0.         0.         0.         0.
  0.         0.         0.         0.         0.         0.
  0.         0.         0.         0.         0.         0.
  0.         0.         0.         0.11940134 0.8        0.
  0.         0.         0.03820401 0.         0.         0.
  0.         0.         0.         0.         0.         0.
  0.         0.         0.         0.         0.         0.
  0.         0.         0.         0.         0.03820401 0.
  0.         0.         0.         0.         0.         0.056338
  0.         0.         0.         0.         0.         0.11267601
  0.         0.         0.         0.         0.11940134 0.
  0.         0.         0.         0.         0.         0.
  0.         0.         0.         0.         0.         0.
  0.         0.         0.         0.         0.         0.
  0.         0.         0.         0.         0.         0.
  0.         0.06526978 0.         0.         0.         0.
  0.         0.         0.         0.         0.         0.
  0.         0.         0.         0.         0.         0.07819484
  0.         0.02157087 0.         0.         0.         0.
  0.         0.         0.         0.         0.         0.
  0.         0.         0.         0.04132786 0.         0.
  0.         0.         0.         0.         0.         0.
  0.         0.         0.         0.         0.         0.
  0.         0.         0.         0.11940134 0.         0.
  0.         0.11940134 0.         0.         0.         0.
  0.03638861 0.         0.         0.         0.         0.
  0.         0.         0.         0.         0.         0.
  0.         0.         0.         0.         0.         0.11940134
  0.         0.         0.         0.         0.         0.
  0.         0.         0.         0.         0.         0.
  0.         0.         0.         0.11940134 0.         0.07880267
  0.         0.         0.         0.         0.02365807 0.
  0.11940134 0.         0.02157087 0.02157087 1.         0.
  0.         0.         0.         0.         0.         0.
  0.         0.         0.08450701 0.         0.07880267 0.
  0.         0.         0.         0.         0.32       0.
  0.         0.         0.         0.11940134 0.03820401 0.
  0.         0.         0.         0.         0.         0.
  0.         0.         0.         0.         0.         0.17062372
  0.         0.         0.         0.         0.         0.
  0.         0.         0.         0.         0.         0.
  0.         0.         0.         0.         0.         0.
  0.         0.         0.         0.         0.         0.
  0.         0.         0.         0.         0.         0.04978639
  0.         0.         0.         0.         0.         0.
  0.        ]]"
"[[0.         0.         0.         0.         0.         0.
  0.         0.         0.         0.         0.         0.
  0.         0.         0.         0.         0.         0.
  0.         0.         0.         0.         0.         0.
  0.         0.128      0.         0.         0.         0.
  0.         0.         0.29866667 0.         0.         0.
  0.         0.         0.         0.         0.         0.
  0.         0.         0.         0.         0.         0.
  0.         0.         0.         0.256      0.         0.
  0.         0.         0.         0.8        0.         0.
  0.         0.         0.         0.2048     0.64       0.
  0.         0.         0.         0.         0.29866667 0.
  0.256      0.         0.         0.256      0.         0.
  0.64       0.         0.         0.         0.         0.
  0.8        0.64       0.         0.         0.         0.
  0.         0.         0.         0.         0.         0.64
  0.         0.256      0.         0.         0.         0.
  0.         0.         0.         0.8        0.         0.
  0.         0.         0.         0.         0.         0.
  0.         0.64       0.         0.         0.         0.
  0.         0.         0.         0.         0.         0.
  0.         0.         0.         0.128      0.         0.
  0.         0.         0.         0.         0.         0.
  0.         0.         0.         0.         0.         0.
  0.         0.         0.         0.         0.         0.
  0.         0.         0.         0.         0.         0.
  0.         0.         0.         0.         0.         0.
  0.         0.         0.         0.         0.         0.
  0.         0.         0.         0.         0.         0.
  0.         0.         0.         0.         0.8        0.
  0.         0.         0.         0.         0.         0.
  0.         0.         0.         0.         0.         0.
  0.         0.8        0.         0.         0.         0.
  0.         0.128      0.         0.         0.         0.
  0.         0.2048     0.         0.         0.         0.
  0.         0.         0.         0.64       0.         0.
  0.         0.04266667 0.         0.         0.         0.
  0.         0.         0.         0.         0.         0.
  0.         0.         0.2048     0.         0.         0.04266667
  0.         0.         0.         0.8        0.         0.
  0.         0.         0.         0.         0.         0.
  0.         0.         0.         0.         0.         0.
  0.         0.         0.         0.         0.         0.
  0.         0.         0.         0.         0.         0.
  0.         0.         0.         0.         0.         0.8
  0.         0.         0.         0.         0.2048     0.
  0.         0.         0.         0.64       0.         0.
  0.         0.         0.         0.         0.         0.
  0.         0.         0.8        0.         0.         0.
  0.04266667 0.         0.         0.         0.         0.29866667
  0.         0.         0.         0.8        0.         0.
  0.         0.         0.         0.         0.8        0.
  0.         0.         0.         0.         0.         0.
  0.         0.         0.         0.         0.         0.
  0.         0.         0.         0.         0.29866667 0.
  0.         0.         0.         0.         0.04266667 0.
  0.         0.         0.         0.         0.         0.
  0.         0.         0.         0.256      0.         0.
  0.         0.         0.         0.         0.         0.
  0.         0.         0.         0.         0.         0.
  0.         0.         0.8        0.         0.256      0.
  0.         0.         0.8        0.         0.         0.
  0.         0.         0.         0.         0.         0.
  0.         0.         0.         0.         0.         0.
  0.         0.256      0.         0.2048     0.         0.
  0.         0.         0.         0.         0.         1.
  0.         0.         0.         0.         0.         0.
  0.         0.         0.         0.2048     0.         0.8
  0.         0.         0.         0.         0.         0.
  0.         0.         0.         0.         0.         0.
  0.         0.         0.         0.         0.         0.
  0.         0.         0.         0.64       0.         0.
  0.         0.         0.         0.8        0.         0.
  0.         0.         0.         0.         0.         0.
  0.8        0.8        0.         0.         0.         0.
  0.         0.         0.         0.         0.         0.
  0.         0.         0.         0.         0.8        0.
  0.         0.8        0.2048     0.256      0.         0.
  0.        ]]"
"[[0.         0.         0.         0.         0.         0.
  0.         0.         0.         0.         0.         0.
  0.         0.         0.         0.         0.         0.
  0.08630174 0.         0.         0.08630174 0.         0.
  0.         0.         0.         0.         0.07556139 0.
  0.         0.07260461 0.         0.         0.         0.
  0.         0.08630174 0.         0.         0.08630174 0.
  0.         0.         0.19639056 0.         0.         0.
  0.         0.         0.         0.         0.         0.
  0.         0.         0.         0.         0.22651563 0.
  0.         0.         0.         0.         0.         0.08630174
  0.         0.         0.         0.         0.         0.
  0.         0.         0.         0.         0.         0.
  0.         0.         0.08630174 0.08630174 0.24969436 0.
  0.         0.         0.         0.08074729 0.         0.08630174
  0.         0.         0.         0.         0.         0.
  0.08630174 0.         0.         0.08630174 0.         0.
  0.         0.         0.         0.         0.         0.
  0.08630174 0.08630174 0.         0.         0.         0.
  0.         0.         0.         0.         0.         0.
  0.         0.         0.22129894 0.         0.         0.
  0.         0.         0.         0.         0.08630174 0.
  0.         0.         0.         0.         0.         0.
  0.         0.         0.         0.17444839 0.08630174 0.
  0.         0.         0.         0.         0.         0.
  0.         0.         0.         0.         0.         0.
  0.         0.         0.         0.         0.         0.08630174
  0.         0.         0.         0.         0.         0.08630174
  0.         0.         0.         0.         0.         0.
  0.         0.08630174 0.         0.         0.         0.
  0.         0.         0.         0.         0.         0.19639056
  0.         0.         0.         0.23397181 0.         0.
  0.         0.         0.         0.         0.         0.
  0.         0.         0.         0.         0.         0.
  0.08630174 0.         0.         0.         0.08630174 0.08630174
  0.         0.         0.         0.         0.         0.
  0.         0.         0.         0.         0.         0.
  0.         0.         0.         0.         0.         0.
  0.         0.         0.         0.         0.         0.
  0.         0.         0.         0.         0.         0.
  0.         0.         0.21284718 0.         0.         0.
  0.08630174 0.         0.         0.         0.08630174 0.
  0.         0.         0.18094683 0.         0.21434667 0.
  0.         0.         0.         0.         0.         0.
  0.         0.         0.         0.         0.         0.
  0.         0.         0.         0.         0.         0.
  0.         0.         0.         0.         0.         0.
  0.         0.         0.         0.         0.         0.
  0.         0.         0.         0.         0.08630174 0.
  0.         0.         0.         0.         0.         0.
  0.         0.         0.08630174 0.         0.10022107 0.
  0.08630174 0.         0.         0.         0.         0.
  0.         0.         0.         0.         0.         0.
  0.         0.         0.         0.         0.         0.
  0.         0.         0.         0.         0.         0.
  0.07556139 0.08630174 0.         0.         0.         0.
  0.         0.08630174 0.08630174 0.         0.         0.
  0.         0.         0.         0.         0.         0.
  0.         0.         0.08630174 0.         0.         0.
  0.         0.08630174 0.         0.         0.         0.
  0.         0.         0.         0.08630174 0.         0.
  0.         0.         0.         0.         0.         0.
  0.         0.         0.         0.         0.         0.
  0.23538094 0.         0.         0.         0.         0.
  0.         0.         0.         0.         0.         0.
  0.         0.08630174 0.         0.         0.         0.
  1.         0.         0.         0.         0.08630174 0.08630174
  0.         0.         0.         0.         0.         0.
  0.         0.         0.         0.         0.         0.
  0.         0.         0.08630174 0.         0.         0.
  0.         0.         0.07260461 0.         0.         0.08630174
  0.         0.         0.08630174 0.         0.         0.
  0.         0.         0.196897   0.         0.08630174 0.
  0.         0.         0.         0.         0.196897   0.
  0.         0.         0.         0.352      0.         0.
  0.         0.         0.         0.         0.         0.
  0.         0.22912232 0.         0.08630174 0.         0.
  0.         0.         0.         0.         0.22502515 0.
  0.        ]]"
"[[0.         0.         0.         0.         0.         0.
  0.         0.         0.         0.         0.         0.
  0.         0.         0.         0.         0.         0.
  0.         0.         0.         0.         0.         0.
  0.         0.         0.         0.         0.         0.
  0.         0.         0.         0.         0.         0.
  0.         0.         0.         0.         0.         0.
  0.         0.         0.         0.59238025 0.         0.
  0.         0.         0.         0.         0.         0.
  0.         0.         0.         0.         0.         0.
  0.         0.         0.         0.         0.         0.
  0.         0.         0.         0.         0.         0.
  0.         0.         0.         0.         0.         0.
  0.         0.         0.         0.         0.         0.
  0.         0.         0.         0.         0.59238025 0.
  0.         0.         0.         0.         0.         0.
  0.         0.         0.         0.         0.         0.
  0.         0.         0.         0.         0.         0.
  0.         0.         0.         0.         0.         0.
  0.         0.         0.         0.         0.         0.
  0.         0.         0.         0.         0.40943792 0.
  0.         0.         0.         0.         0.         0.
  0.         0.         0.         0.         0.         0.
  0.         0.         0.         0.         0.         0.
  0.         0.         0.         0.         0.         0.
  0.         0.         0.         0.         0.         0.
  0.         0.         0.         0.         0.         0.
  0.         0.         0.         0.         0.         0.
  0.         0.         0.         0.         0.         0.
  0.         0.         0.         0.         0.         0.
  0.         0.         0.         0.         0.         0.
  0.         0.47041869 0.         0.         0.22649559 0.
  0.         0.         0.         0.         0.         0.
  0.         0.         0.34845714 0.         0.         0.
  0.         0.         0.         0.         0.         0.
  0.         0.         0.         0.         0.         0.
  0.         0.         0.         0.         0.         0.
  0.         0.         0.         0.         0.         0.
  0.         0.         0.         0.         0.         0.
  0.         0.         0.         0.         0.         0.
  0.         0.         0.         0.         0.         0.
  0.         0.         0.         0.         0.         0.
  0.         0.         0.         0.         0.         0.
  0.         0.         0.         0.         0.         0.
  0.         0.22649559 0.         0.         0.         0.
  0.         0.         0.         0.         0.         0.
  0.         0.         0.         0.         0.         0.
  0.         0.         0.         0.         0.         0.
  0.         0.         0.         0.         0.         0.
  0.         0.         0.         0.         0.         0.
  0.         0.         0.         0.         0.         0.
  0.         0.         0.         0.         0.         0.
  0.         0.         0.         0.         0.         0.
  0.         0.         0.         0.         0.         0.
  0.         0.         0.         0.         0.         0.
  0.         0.         0.         0.         0.         0.
  0.         0.         0.         0.         0.         0.
  0.         0.         0.         0.         0.         0.59238025
  0.         0.         0.         0.         0.         0.
  0.         0.         0.         0.         0.         0.
  0.         0.         0.         0.         0.         0.
  0.         0.         0.         0.         0.40943792 0.
  0.         0.         0.         0.         0.         0.
  0.         0.         0.         0.         0.         0.
  0.         0.         0.         0.         0.         0.
  0.         0.         0.         0.         0.         0.
  0.         1.         0.         0.         0.         0.
  0.         0.         0.         0.         0.         0.
  0.         0.         0.         0.         0.         0.
  0.         0.         0.         0.         0.         0.
  0.         0.         0.         0.         0.         0.
  0.         0.         0.         0.         0.         0.
  0.         0.         0.         0.         0.         0.
  0.         0.         0.         0.         0.         0.59238025
  0.         0.         0.         0.         0.         0.
  0.         0.         0.         0.         0.         0.
  0.         0.         0.         0.         0.         0.
  0.         0.         0.         0.         0.         0.
  0.        ]]"
"[[0.  0.  0.  0.  0.  0.  0.  0.  0.  0.  0.  0.  0.  0.  0.  0.  0.  0.
  0.  0.  0.  0.  0.  0.  0.  0.  0.  0.  0.  0.  0.  0.  0.  0.  0.  0.
  0.  0.  0.  0.  0.  0.  0.  0.  0.  0.  0.  0.  0.  0.  0.  0.  0.  0.
  0.  0.  0.  0.  0.  0.  0.  0.  0.  0.  0.  0.  0.  0.8 0.  0.  0.  0.
  0.  0.  0.  0.  0.  0.  0.  0.  0.  0.  0.  0.  0.  0.  0.  0.  0.  0.
  0.  0.  0.  0.  0.  0.  0.  0.  0.  0.  0.  0.  0.  0.  0.  0.  0.  0.
  0.  0.  0.  0.  0.  0.  0.  0.  0.  0.  0.8 0.  0.  0.  0.  0.  0.  0.
  0.  0.  0.  0.  0.  0.  0.  0.  0.  0.  0.8 0.  0.  0.  0.  0.  0.  0.
  0.  0.  0.  0.  0.  0.  0.  0.  0.  0.  0.  0.  0.  0.  0.  0.  0.  0.
  0.  0.  0.  0.  0.  0.  0.  0.  0.  0.  0.  0.  0.  0.  0.  0.  0.  0.
  0.  0.  0.  0.  0.  0.  0.  0.  0.  0.  0.  0.  0.  0.  0.  0.8 0.  0.
  0.  0.  0.  0.  0.  0.  0.  0.  0.  0.  0.  0.  0.  0.  0.  0.  0.  0.
  0.  0.  0.  0.  0.  0.  0.  0.  0.  0.  0.8 0.  0.  0.  0.  0.  0.  0.
  0.  0.  0.  0.  0.8 0.  0.8 0.  0.  0.  0.  0.  0.  0.  0.  0.  0.  0.
  0.  0.  0.  0.8 0.  0.  0.  0.  0.8 0.  0.  0.  0.  0.  0.  0.  0.  0.
  0.8 0.  0.  0.  0.  0.  0.  0.  0.  0.  0.  0.  0.  0.  0.  0.  0.  0.
  0.  0.  0.  0.  0.  0.  0.  0.  0.8 0.  0.  0.  0.  0.  0.  0.  0.  0.
  0.  0.  0.  0.  0.  0.  0.  0.  0.  0.  0.  0.  0.  0.  0.  0.  0.  0.
  0.  0.  0.  0.  0.  0.  0.  0.  0.  0.8 0.  0.  0.  0.  0.  0.  0.  0.
  0.  0.  0.8 0.  0.  0.  0.  0.  0.  0.  0.  0.  0.  0.  0.  0.  0.  0.
  0.  0.  0.  0.  0.  0.  0.  0.  0.  0.  0.  0.  0.  0.  0.  0.  0.  0.
  0.  0.  0.  0.  0.8 0.  0.  0.  0.  0.  0.  0.  0.  0.  0.  0.  0.  0.
  0.  0.  1.  0.  0.  0.  0.  0.8 0.  0.  0.  0.  0.  0.  0.  0.  0.  0.
  0.  0.  0.  0.  0.  0.  0.  0.  0.  0.  0.  0.  0.  0.  0.  0.  0.  0.
  0.  0.  0.  0.  0.  0.  0.  0.  0.  0.  0.  0.  0.  0.  0.  0.  0.  0.
  0.  0.  0.  0.  0.  0.  0.  0.  0.  0.  0.  0.  0.  0.  0.  0.  0.  0.
  0. ]]"
"[[0.         0.         0.         0.         0.         0.
  0.         0.         0.         0.         0.         0.
  0.         0.         0.         0.72       0.         0.08533333
  0.         0.         0.         0.         0.         0.
  0.         0.         0.72       0.72       0.         0.
  0.72       0.         0.         0.         0.         0.
  0.         0.         0.         0.72       0.         0.
  0.         0.72       0.         0.         0.         0.
  0.         0.         0.72       0.         0.         0.
  0.         0.256      0.         0.         0.         0.
  0.256      0.128      0.72       0.         0.         0.
  0.         0.         0.         0.         0.         0.256
  0.         0.         0.72       0.         0.         0.
  0.         0.         0.         0.         0.         0.
  0.         0.         0.         0.         0.         0.
  0.         0.256      0.         0.         0.         0.
  0.         0.         0.256      0.         0.         0.
  0.         0.192      0.         0.         0.256      0.
  0.         0.         0.         0.21333333 0.07893333 0.
  0.07893333 0.         0.         0.128      0.         0.128
  0.         0.         0.         0.         0.         0.256
  0.         0.72       0.         0.         0.         0.
  0.         0.         0.         0.         0.         0.256
  0.256      0.         0.         0.         0.         0.
  0.256      0.         0.         0.72       0.         0.
  0.         0.08533333 0.         0.         0.         0.21333333
  0.72       0.         0.         0.256      0.         0.
  0.         0.         0.07893333 0.         0.         0.
  0.72       0.         0.08533333 0.72       0.         0.
  0.         0.         0.         0.         0.         0.
  0.         0.256      0.         0.         0.         0.
  0.256      0.         0.72       0.         0.         0.
  0.         0.         0.72       0.         0.         0.
  0.256      0.         0.         0.         0.         0.256
  0.         0.         0.         0.         0.         0.
  0.         0.         0.         0.         0.         0.
  0.256      0.         0.         0.21333333 0.         0.
  0.         0.256      0.17066667 0.128      0.         0.
  0.256      0.         0.         0.         0.         0.
  0.         0.256      0.256      0.         0.         0.72
  0.         0.72       0.         0.256      0.17066667 0.
  0.         0.         0.         0.         0.         0.11377778
  0.         0.72       0.         0.         0.         0.128
  0.256      0.         0.         0.72       0.05688889 0.
  0.         0.         0.         0.72       0.72       0.
  0.         0.         0.         0.         0.         0.
  0.         0.         0.         0.         0.         0.
  0.         0.         0.256      0.         0.         0.256
  0.72       0.18488889 0.         0.         0.         0.256
  0.         0.         0.         0.         0.         0.
  0.72       0.         0.         0.         0.         0.03754667
  0.         0.03413333 0.         0.         0.         0.
  0.         0.         0.72       0.         0.256      0.72
  0.         0.         0.72       0.09386667 0.72       0.
  0.         0.         0.72       0.         0.         0.
  0.         0.         0.256      0.         0.         0.
  0.256      0.         0.         0.21333333 0.256      0.
  0.         0.21333333 0.         0.         0.         0.
  0.07893333 0.         0.         0.         0.256      0.256
  0.72       0.         0.256      0.         0.256      0.72
  0.256      0.         0.         0.         0.         0.21333333
  0.256      0.         0.         0.         0.         0.256
  0.         0.         0.256      0.72       0.256      0.256
  0.         0.         0.256      0.21333333 0.         0.192
  0.         0.         0.256      0.         0.06257778 0.
  0.21333333 0.         0.03413333 0.03413333 0.         0.
  0.         0.         0.         1.         0.         0.
  0.         0.         0.17066667 0.         0.192      0.
  0.         0.         0.         0.         0.         0.
  0.         0.72       0.         0.21333333 0.17066667 0.
  0.         0.72       0.         0.         0.         0.
  0.         0.         0.         0.         0.256      0.15847619
  0.         0.         0.         0.         0.         0.
  0.         0.72       0.72       0.         0.         0.
  0.         0.         0.         0.         0.         0.
  0.256      0.256      0.         0.         0.         0.
  0.         0.         0.         0.         0.         0.1152
  0.72       0.         0.         0.         0.         0.
  0.        ]]"
"[[0.         0.         0.         0.         0.         0.
  0.         0.         0.         0.         0.         0.
  0.         0.         0.         0.         0.         0.
  0.8        0.         0.         0.8        0.         0.
  0.         0.         0.         0.         0.18027303 0.
  0.         0.1714402  0.         0.         0.         0.
  0.         0.8        0.         0.         0.8        0.
  0.         0.         0.08535929 0.         0.         0.
  0.         0.         0.         0.         0.         0.
  0.         0.         0.         0.         0.12027214 0.
  0.         0.         0.         0.         0.         0.8
  0.         0.         0.         0.         0.         0.
  0.         0.         0.         0.         0.         0.
  0.         0.         0.8        0.8        0.12856171 0.
  0.         0.         0.         0.16985201 0.         0.8
  0.         0.         0.         0.         0.         0.
  0.8        0.         0.         0.8        0.         0.
  0.         0.         0.         0.         0.         0.
  0.8        0.8        0.         0.         0.         0.
  0.         0.         0.         0.         0.         0.
  0.         0.         0.08526979 0.         0.         0.
  0.         0.         0.         0.         0.8        0.
  0.         0.         0.         0.         0.         0.
  0.         0.         0.         0.11346386 0.8        0.
  0.         0.         0.         0.         0.         0.
  0.         0.         0.         0.         0.         0.
  0.         0.         0.         0.         0.         0.8
  0.         0.         0.         0.         0.         0.8
  0.         0.         0.         0.         0.         0.
  0.         0.8        0.         0.         0.         0.
  0.         0.         0.         0.         0.         0.08535929
  0.         0.         0.         0.07191812 0.         0.
  0.         0.         0.         0.         0.         0.
  0.         0.         0.         0.         0.         0.
  0.8        0.         0.         0.         0.8        0.8
  0.         0.         0.         0.         0.         0.
  0.         0.         0.         0.         0.         0.
  0.         0.         0.         0.         0.         0.
  0.         0.         0.         0.         0.         0.
  0.         0.         0.         0.         0.         0.
  0.         0.         0.06428085 0.         0.         0.
  0.8        0.         0.         0.         0.8        0.
  0.         0.         0.12869422 0.         0.11497495 0.
  0.         0.         0.         0.         0.         0.
  0.         0.         0.         0.         0.         0.
  0.         0.         0.         0.         0.         0.
  0.         0.         0.         0.         0.         0.
  0.         0.         0.         0.         0.         0.
  0.         0.         0.         0.         0.8        0.
  0.         0.         0.         0.         0.         0.
  0.         0.         0.8        0.         0.08719264 0.
  0.8        0.         0.         0.         0.         0.
  0.         0.         0.         0.         0.         0.
  0.         0.         0.         0.         0.         0.
  0.         0.         0.         0.         0.         0.
  0.18027303 0.8        0.         0.         0.         0.
  0.         0.8        0.8        0.         0.         0.
  0.         0.         0.         0.         0.         0.
  0.         0.         0.8        0.         0.         0.
  0.         0.8        0.         0.         0.         0.
  0.         0.         0.         0.8        0.         0.
  0.         0.         0.         0.         0.         0.
  0.         0.         0.         0.         0.         0.
  0.08297931 0.         0.         0.         0.         0.
  0.         0.         0.         0.         0.         0.
  0.         0.8        0.         0.         0.         0.
  0.08630174 0.         0.         0.         1.         0.8
  0.         0.         0.         0.         0.         0.
  0.         0.         0.         0.         0.         0.
  0.         0.         0.8        0.         0.         0.
  0.         0.         0.1714402  0.         0.         0.8
  0.         0.         0.8        0.         0.         0.
  0.         0.         0.09648754 0.         0.8        0.
  0.         0.         0.         0.         0.09648754 0.
  0.         0.         0.         0.         0.         0.
  0.         0.         0.         0.         0.         0.
  0.         0.09958583 0.         0.8        0.         0.
  0.         0.         0.         0.         0.11027147 0.
  0.        ]]"
"[[0.         0.         0.         0.         0.         0.
  0.         0.         0.         0.         0.         0.
  0.         0.         0.         0.         0.         0.
  0.8        0.         0.         0.8        0.         0.
  0.         0.         0.         0.         0.18027303 0.
  0.         0.1714402  0.         0.         0.         0.
  0.         0.8        0.         0.         0.8        0.
  0.         0.         0.08535929 0.         0.         0.
  0.         0.         0.         0.         0.         0.
  0.         0.         0.         0.         0.12027214 0.
  0.         0.         0.         0.         0.         0.8
  0.         0.         0.         0.         0.         0.
  0.         0.         0.         0.         0.         0.
  0.         0.         0.8        0.8        0.12856171 0.
  0.         0.         0.         0.16985201 0.         0.8
  0.         0.         0.         0.         0.         0.
  0.8        0.         0.         0.8        0.         0.
  0.         0.         0.         0.         0.         0.
  0.8        0.8        0.         0.         0.         0.
  0.         0.         0.         0.         0.         0.
  0.         0.         0.08526979 0.         0.         0.
  0.         0.         0.         0.         0.8        0.
  0.         0.         0.         0.         0.         0.
  0.         0.         0.         0.11346386 0.8        0.
  0.         0.         0.         0.         0.         0.
  0.         0.         0.         0.         0.         0.
  0.         0.         0.         0.         0.         0.8
  0.         0.         0.         0.         0.         0.8
  0.         0.         0.         0.         0.         0.
  0.         0.8        0.         0.         0.         0.
  0.         0.         0.         0.         0.         0.08535929
  0.         0.         0.         0.07191812 0.         0.
  0.         0.         0.         0.         0.         0.
  0.         0.         0.         0.         0.         0.
  0.8        0.         0.         0.         0.8        0.8
  0.         0.         0.         0.         0.         0.
  0.         0.         0.         0.         0.         0.
  0.         0.         0.         0.         0.         0.
  0.         0.         0.         0.         0.         0.
  0.         0.         0.         0.         0.         0.
  0.         0.         0.06428085 0.         0.         0.
  0.8        0.         0.         0.         0.8        0.
  0.         0.         0.12869422 0.         0.11497495 0.
  0.         0.         0.         0.         0.         0.
  0.         0.         0.         0.         0.         0.
  0.         0.         0.         0.         0.         0.
  0.         0.         0.         0.         0.         0.
  0.         0.         0.         0.         0.         0.
  0.         0.         0.         0.         0.8        0.
  0.         0.         0.         0.         0.         0.
  0.         0.         0.8        0.         0.08719264 0.
  0.8        0.         0.         0.         0.         0.
  0.         0.         0.         0.         0.         0.
  0.         0.         0.         0.         0.         0.
  0.         0.         0.         0.         0.         0.
  0.18027303 0.8        0.         0.         0.         0.
  0.         0.8        0.8        0.         0.         0.
  0.         0.         0.         0.         0.         0.
  0.         0.         0.8        0.         0.         0.
  0.         0.8        0.         0.         0.         0.
  0.         0.         0.         0.8        0.         0.
  0.         0.         0.         0.         0.         0.
  0.         0.         0.         0.         0.         0.
  0.08297931 0.         0.         0.         0.         0.
  0.         0.         0.         0.         0.         0.
  0.         0.8        0.         0.         0.         0.
  0.08630174 0.         0.         0.         0.8        1.
  0.         0.         0.         0.         0.         0.
  0.         0.         0.         0.         0.         0.
  0.         0.         0.8        0.         0.         0.
  0.         0.         0.1714402  0.         0.         0.8
  0.         0.         0.8        0.         0.         0.
  0.         0.         0.09648754 0.         0.8        0.
  0.         0.         0.         0.         0.09648754 0.
  0.         0.         0.         0.         0.         0.
  0.         0.         0.         0.         0.         0.
  0.         0.09958583 0.         0.8        0.         0.
  0.         0.         0.         0.         0.11027147 0.
  0.        ]]"
"[[0.         0.         0.         0.         0.         0.
  0.         0.         0.         0.         0.         0.
  0.         0.         0.37473012 0.         0.30576646 0.
  0.         0.         0.         0.         0.         0.31242749
  0.         0.         0.         0.         0.         0.
  0.         0.         0.         0.         0.16615164 0.28669628
  0.31138062 0.         0.         0.         0.         0.
  0.         0.         0.         0.         0.38348333 0.37473012
  0.29903845 0.37473012 0.         0.         0.16615164 0.28392139
  0.30955342 0.         0.26723243 0.         0.         0.27904944
  0.         0.         0.         0.         0.         0.
  0.39758727 0.         0.         0.         0.         0.
  0.         0.31138062 0.         0.         0.31138062 0.25453898
  0.         0.28392139 0.         0.         0.         0.35357034
  0.         0.         0.33188805 0.         0.         0.
  0.         0.         0.         0.31138062 0.         0.
  0.         0.         0.         0.         0.37473012 0.28669628
  0.27548709 0.         0.         0.         0.         0.
  0.         0.         0.31138062 0.         0.         0.31138062
  0.         0.         0.38348333 0.         0.         0.
  0.27962192 0.37473012 0.         0.31138062 0.         0.
  0.32206533 0.         0.21966516 0.         0.         0.36852684
  0.26648152 0.32206533 0.         0.         0.         0.
  0.         0.3694294  0.25551505 0.         0.         0.39758727
  0.         0.32206533 0.27203857 0.         0.37473012 0.37473012
  0.         0.         0.28576552 0.31138062 0.25453898 0.
  0.         0.23697015 0.25799104 0.         0.         0.
  0.27609618 0.37473012 0.         0.         0.         0.
  0.         0.16299072 0.         0.         0.37574542 0.37473012
  0.31138062 0.         0.27613585 0.31138062 0.         0.36015953
  0.31138062 0.         0.29295959 0.26298887 0.31138062 0.
  0.         0.         0.         0.         0.         0.27607635
  0.22328627 0.         0.         0.         0.38348333 0.
  0.         0.         0.         0.30955342 0.         0.
  0.         0.         0.37473012 0.39758727 0.         0.
  0.26298319 0.31138062 0.37473012 0.         0.27315602 0.
  0.         0.         0.31138062 0.         0.         0.
  0.26733344 0.         0.         0.         0.         0.25453898
  0.         0.37473012 0.         0.16615164 0.23697015 0.
  0.28669628 0.         0.         0.         0.         0.
  0.         0.         0.         0.         0.         0.25453898
  0.         0.21284105 0.37473012 0.25551505 0.         0.
  0.31138062 0.         0.         0.         0.         0.
  0.         0.30955342 0.         0.         0.         0.
  0.25453898 0.         0.39758727 0.         0.         0.
  0.         0.         0.25551505 0.37473012 0.         0.
  0.27609618 0.         0.31138062 0.         0.28461026 0.31138062
  0.30955342 0.22871857 0.         0.         0.23697015 0.
  0.         0.         0.         0.31138062 0.         0.
  0.         0.2767768  0.         0.26851816 0.         0.
  0.         0.35357034 0.         0.         0.         0.
  0.         0.         0.37473012 0.32206533 0.         0.37473012
  0.30955342 0.25227676 0.         0.32206533 0.         0.
  0.27613585 0.         0.         0.         0.         0.26619948
  0.27826135 0.         0.         0.31138062 0.         0.
  0.         0.         0.         0.         0.         0.23697015
  0.         0.         0.         0.         0.         0.38818464
  0.         0.         0.         0.         0.26646199 0.
  0.         0.         0.         0.24575456 0.         0.
  0.         0.         0.         0.22328627 0.         0.
  0.         0.         0.         0.         0.         0.
  0.         0.         0.         0.31138062 0.         0.
  0.37473012 0.37473012 0.         0.         0.         0.
  0.         0.27580915 0.         0.         0.         0.
  0.         0.         0.         0.         0.         0.37473012
  0.         0.         0.         0.         0.         0.
  0.         0.         0.         0.         0.         0.
  1.         0.         0.         0.         0.         0.
  0.32206533 0.         0.29956188 0.         0.         0.26356351
  0.25551505 0.         0.         0.         0.         0.
  0.         0.         0.         0.39758727 0.26733344 0.
  0.32206533 0.30099892 0.         0.         0.         0.
  0.31138062 0.         0.         0.         0.         0.
  0.25551505 0.         0.         0.28669628 0.         0.
  0.         0.         0.         0.         0.31138062 0.29903845
  0.         0.         0.         0.31138062 0.31138062 0.
  0.31138062 0.         0.37473012 0.         0.         0.
  0.         0.         0.         0.         0.         0.
  0.        ]]"
"[[0.  0.  0.  0.  0.  0.  0.  0.  0.  0.  0.  0.  0.  0.  0.  0.  0.  0.
  0.  0.  0.  0.  0.  0.  0.  0.  0.  0.  0.  0.  0.  0.  0.  0.  0.  0.
  0.  0.  0.  0.  0.  0.  0.  0.  0.  0.  0.  0.  0.  0.  0.  0.  0.  0.
  0.  0.  0.  0.  0.  0.  0.  0.  0.  0.  0.  0.  0.  0.8 0.  0.  0.  0.
  0.  0.  0.  0.  0.  0.  0.  0.  0.  0.  0.  0.  0.  0.  0.  0.  0.  0.
  0.  0.  0.  0.  0.  0.  0.  0.  0.  0.  0.  0.  0.  0.  0.  0.  0.  0.
  0.  0.  0.  0.  0.  0.  0.  0.  0.  0.  0.8 0.  0.  0.  0.  0.  0.  0.
  0.  0.  0.  0.  0.  0.  0.  0.  0.  0.  0.8 0.  0.  0.  0.  0.  0.  0.
  0.  0.  0.  0.  0.  0.  0.  0.  0.  0.  0.  0.  0.  0.  0.  0.  0.  0.
  0.  0.  0.  0.  0.  0.  0.  0.  0.  0.  0.  0.  0.  0.  0.  0.  0.  0.
  0.  0.  0.  0.  0.  0.  0.  0.  0.  0.  0.  0.  0.  0.  0.  0.8 0.  0.
  0.  0.  0.  0.  0.  0.  0.  0.  0.  0.  0.  0.  0.  0.  0.  0.  0.  0.
  0.  0.  0.  0.  0.  0.  0.  0.  0.  0.  0.8 0.  0.  0.  0.  0.  0.  0.
  0.  0.  0.  0.  0.8 0.  0.8 0.  0.  0.  0.  0.  0.  0.  0.  0.  0.  0.
  0.  0.  0.  0.8 0.  0.  0.  0.  0.8 0.  0.  0.  0.  0.  0.  0.  0.  0.
  0.8 0.  0.  0.  0.  0.  0.  0.  0.  0.  0.  0.  0.  0.  0.  0.  0.  0.
  0.  0.  0.  0.  0.  0.  0.  0.  0.8 0.  0.  0.  0.  0.  0.  0.  0.  0.
  0.  0.  0.  0.  0.  0.  0.  0.  0.  0.  0.  0.  0.  0.  0.  0.  0.  0.
  0.  0.  0.  0.  0.  0.  0.  0.  0.  0.8 0.  0.  0.  0.  0.  0.  0.  0.
  0.  0.  0.8 0.  0.  0.  0.  0.  0.  0.  0.  0.  0.  0.  0.  0.  0.  0.
  0.  0.  0.  0.  0.  0.  0.  0.  0.  0.  0.  0.  0.  0.  0.  0.  0.  0.
  0.  0.  0.  0.  0.8 0.  0.  0.  0.  0.  0.  0.  0.  0.  0.  0.  0.  0.
  0.  0.  0.8 0.  0.  0.  0.  1.  0.  0.  0.  0.  0.  0.  0.  0.  0.  0.
  0.  0.  0.  0.  0.  0.  0.  0.  0.  0.  0.  0.  0.  0.  0.  0.  0.  0.
  0.  0.  0.  0.  0.  0.  0.  0.  0.  0.  0.  0.  0.  0.  0.  0.  0.  0.
  0.  0.  0.  0.  0.  0.  0.  0.  0.  0.  0.  0.  0.  0.  0.  0.  0.  0.
  0. ]]"
"[[0.         0.         0.         0.         0.         0.
  0.         0.         0.         0.         0.         0.
  0.         0.         0.         0.17066667 0.         0.44507006
  0.         0.         0.         0.         0.         0.
  0.         0.         0.17066667 0.17066667 0.         0.08450701
  0.17066667 0.         0.         0.         0.         0.
  0.         0.         0.         0.17066667 0.         0.
  0.         0.17066667 0.         0.         0.         0.
  0.         0.         0.17066667 0.         0.         0.
  0.         0.44507006 0.         0.         0.         0.
  0.44507006 0.22977202 0.17066667 0.         0.         0.
  0.         0.         0.         0.         0.         0.36507006
  0.         0.         0.17066667 0.         0.         0.
  0.         0.         0.         0.         0.         0.
  0.         0.         0.         0.         0.         0.
  0.         0.44507006 0.         0.         0.         0.
  0.         0.         0.44507006 0.         0.         0.
  0.         0.07746265 0.08450701 0.         0.36507006 0.
  0.         0.         0.         0.07086095 0.04410607 0.
  0.04410607 0.         0.         0.04816089 0.         0.04816089
  0.         0.         0.         0.         0.         0.44507006
  0.         0.17066667 0.         0.         0.         0.
  0.         0.         0.         0.         0.         0.36507006
  0.36507006 0.         0.         0.         0.         0.
  0.44507006 0.         0.         0.17066667 0.         0.
  0.         0.44507006 0.         0.         0.         0.07086095
  0.17066667 0.         0.         0.44507006 0.         0.
  0.         0.         0.04410607 0.         0.         0.
  0.17066667 0.         0.44507006 0.17066667 0.         0.
  0.         0.         0.         0.         0.         0.
  0.         0.36507006 0.         0.         0.         0.
  0.36507006 0.         0.17066667 0.         0.         0.
  0.         0.         0.17066667 0.         0.         0.
  0.36507006 0.         0.         0.         0.         0.36507006
  0.         0.         0.         0.         0.         0.
  0.         0.         0.         0.         0.         0.
  0.44507006 0.         0.         0.07086095 0.08450701 0.
  0.         0.36507006 0.08406435 0.18253503 0.         0.
  0.44507006 0.         0.         0.         0.         0.
  0.         0.36507006 0.36507006 0.         0.         0.17066667
  0.         0.17066667 0.         0.36507006 0.08406435 0.
  0.         0.         0.         0.         0.         0.27004671
  0.         0.17066667 0.         0.         0.         0.22977202
  0.36507006 0.         0.         0.17066667 0.02802145 0.
  0.         0.         0.         0.17066667 0.17066667 0.
  0.         0.         0.         0.         0.         0.
  0.         0.         0.         0.         0.         0.
  0.         0.         0.36507006 0.         0.         0.44507006
  0.17066667 0.07966322 0.         0.         0.         0.36507006
  0.         0.         0.         0.         0.         0.
  0.17066667 0.         0.         0.         0.         0.02565268
  0.         0.0345023  0.         0.         0.         0.
  0.         0.         0.17066667 0.         0.36507006 0.17066667
  0.         0.         0.17066667 0.04730733 0.17066667 0.
  0.         0.         0.17066667 0.         0.         0.
  0.         0.         0.36507006 0.         0.         0.
  0.36507006 0.         0.         0.07086095 0.36507006 0.
  0.         0.07086095 0.         0.         0.         0.
  0.04410607 0.         0.         0.         0.36507006 0.44507006
  0.17066667 0.         0.36507006 0.         0.36507006 0.17066667
  0.44507006 0.         0.         0.         0.         0.07086095
  0.36507006 0.         0.         0.         0.         0.36507006
  0.         0.         0.36507006 0.17066667 0.44507006 0.36507006
  0.         0.         0.36507006 0.07086095 0.         0.07746265
  0.         0.         0.36507006 0.         0.04275446 0.
  0.07086095 0.         0.0345023  0.0345023  0.08450701 0.
  0.         0.         0.         0.17066667 0.         0.
  0.         0.         1.         0.         0.07746265 0.
  0.         0.         0.         0.         0.         0.
  0.         0.17066667 0.         0.07086095 0.08406435 0.
  0.         0.17066667 0.         0.         0.         0.
  0.         0.         0.         0.         0.36507006 0.30919018
  0.         0.         0.         0.         0.         0.
  0.         0.17066667 0.17066667 0.         0.         0.
  0.         0.         0.         0.         0.         0.
  0.44507006 0.36507006 0.         0.         0.         0.
  0.         0.         0.         0.         0.         0.05084145
  0.17066667 0.         0.         0.         0.         0.
  0.        ]]"
"[[0.         0.         0.         0.         0.         0.
  0.         0.         0.         0.         0.         0.
  0.         0.         0.         0.         0.         0.
  0.         0.         0.         0.         0.         0.
  0.         0.08533333 0.         0.         0.         0.
  0.         0.         0.12515556 0.         0.         0.
  0.         0.         0.         0.         0.         0.
  0.         0.         0.         0.         0.         0.
  0.         0.         0.         0.17066667 0.         0.
  0.         0.         0.         0.2048     0.         0.
  0.         0.         0.         0.72       0.2048     0.
  0.         0.         0.         0.         0.12515556 0.
  0.17066667 0.         0.         0.17066667 0.         0.
  0.2048     0.         0.         0.         0.         0.
  0.2048     0.2048     0.         0.         0.         0.
  0.         0.         0.         0.         0.         0.2048
  0.         0.17066667 0.         0.         0.         0.
  0.         0.         0.         0.2048     0.         0.
  0.         0.         0.         0.         0.         0.
  0.         0.2048     0.         0.         0.         0.
  0.         0.         0.         0.         0.         0.
  0.         0.         0.         0.08533333 0.         0.
  0.         0.         0.         0.         0.         0.
  0.         0.         0.         0.         0.         0.
  0.         0.         0.         0.         0.         0.
  0.         0.         0.         0.         0.         0.
  0.         0.         0.         0.         0.         0.
  0.         0.         0.         0.         0.         0.
  0.         0.         0.         0.         0.         0.
  0.         0.         0.         0.         0.2048     0.
  0.         0.         0.         0.         0.         0.
  0.         0.         0.         0.         0.         0.
  0.         0.2048     0.         0.         0.         0.
  0.         0.08533333 0.         0.         0.         0.
  0.         0.72       0.         0.         0.         0.
  0.         0.         0.         0.2048     0.         0.
  0.         0.02844444 0.         0.         0.         0.
  0.         0.         0.         0.         0.         0.
  0.         0.         0.72       0.         0.         0.02844444
  0.         0.         0.         0.2048     0.         0.
  0.         0.         0.         0.         0.         0.
  0.         0.         0.         0.         0.         0.
  0.         0.         0.         0.         0.         0.
  0.         0.         0.         0.         0.         0.
  0.         0.         0.         0.         0.         0.2048
  0.         0.         0.         0.         0.72       0.
  0.         0.         0.         0.2048     0.         0.
  0.         0.         0.         0.         0.         0.
  0.         0.         0.2048     0.         0.         0.
  0.02844444 0.         0.         0.         0.         0.12515556
  0.         0.         0.         0.2048     0.         0.
  0.         0.         0.         0.         0.2048     0.
  0.         0.         0.         0.         0.         0.
  0.         0.         0.         0.         0.         0.
  0.         0.         0.         0.         0.12515556 0.
  0.         0.         0.         0.         0.02844444 0.
  0.         0.         0.         0.         0.         0.
  0.         0.         0.         0.17066667 0.         0.
  0.         0.         0.         0.         0.         0.
  0.         0.         0.         0.         0.         0.
  0.         0.         0.2048     0.         0.17066667 0.
  0.         0.         0.2048     0.         0.         0.
  0.         0.         0.         0.         0.         0.
  0.         0.         0.         0.         0.         0.
  0.         0.17066667 0.         0.72       0.         0.
  0.         0.         0.         0.         0.         0.2048
  0.         0.         0.         0.         0.         0.
  0.         0.         0.         1.         0.         0.2048
  0.         0.         0.         0.         0.         0.
  0.         0.         0.         0.         0.         0.
  0.         0.         0.         0.         0.         0.
  0.         0.         0.         0.2048     0.         0.
  0.         0.         0.         0.2048     0.         0.
  0.         0.         0.         0.         0.         0.
  0.2048     0.2048     0.         0.         0.         0.
  0.         0.         0.         0.         0.         0.
  0.         0.         0.         0.         0.2048     0.
  0.         0.2048     0.72       0.17066667 0.         0.
  0.        ]]"
"[[0.         0.         0.         0.         0.         0.
  0.         0.         0.         0.         0.         0.
  0.         0.         0.         0.192      0.         0.05941528
  0.         0.         0.         0.         0.         0.
  0.         0.         0.192      0.192      0.         0.07880267
  0.192      0.         0.         0.         0.         0.
  0.         0.         0.         0.192      0.         0.
  0.         0.192      0.         0.         0.         0.
  0.         0.         0.192      0.         0.         0.
  0.         0.09551002 0.         0.         0.         0.
  0.09551002 0.07871438 0.192      0.         0.         0.
  0.         0.         0.         0.         0.         0.09551002
  0.         0.         0.192      0.         0.         0.
  0.         0.         0.         0.         0.         0.
  0.         0.         0.         0.         0.         0.
  0.         0.09551002 0.         0.         0.         0.
  0.         0.         0.09551002 0.         0.         0.
  0.         0.39878689 0.07880267 0.         0.09551002 0.
  0.         0.         0.         0.43878689 0.05457738 0.
  0.05457738 0.         0.         0.07331213 0.         0.07331213
  0.         0.         0.         0.         0.         0.09551002
  0.         0.192      0.         0.         0.         0.
  0.         0.         0.         0.         0.         0.09551002
  0.09551002 0.         0.         0.         0.         0.
  0.09551002 0.         0.         0.192      0.         0.
  0.         0.05941528 0.         0.         0.         0.43878689
  0.192      0.         0.         0.09551002 0.         0.
  0.         0.         0.05457738 0.         0.05333333 0.
  0.192      0.         0.05941528 0.192      0.         0.
  0.         0.         0.         0.         0.         0.
  0.         0.09551002 0.         0.         0.         0.
  0.09551002 0.         0.192      0.         0.         0.
  0.         0.         0.192      0.         0.         0.10666667
  0.09551002 0.         0.         0.         0.         0.09551002
  0.         0.         0.         0.         0.         0.
  0.         0.         0.         0.         0.         0.
  0.09551002 0.         0.         0.43878689 0.07880267 0.
  0.         0.09551002 0.43878689 0.04775501 0.         0.
  0.09551002 0.         0.         0.         0.         0.
  0.         0.09551002 0.09551002 0.         0.         0.192
  0.         0.192      0.         0.09551002 0.43878689 0.
  0.         0.         0.         0.         0.         0.05164177
  0.         0.192      0.         0.         0.         0.07871438
  0.09551002 0.         0.         0.192      0.15515118 0.
  0.         0.         0.         0.192      0.192      0.
  0.         0.         0.         0.         0.         0.
  0.         0.         0.         0.         0.         0.
  0.         0.         0.09551002 0.         0.         0.09551002
  0.192      0.41212022 0.         0.         0.         0.09551002
  0.         0.         0.         0.         0.         0.
  0.192      0.         0.         0.         0.         0.05033281
  0.         0.03747614 0.         0.         0.         0.
  0.         0.         0.192      0.         0.09551002 0.192
  0.         0.         0.192      0.06027779 0.192      0.
  0.         0.         0.192      0.         0.         0.
  0.         0.         0.09551002 0.         0.         0.
  0.09551002 0.         0.         0.43878689 0.09551002 0.
  0.         0.43878689 0.         0.         0.         0.
  0.05457738 0.         0.         0.         0.09551002 0.09551002
  0.192      0.         0.09551002 0.         0.09551002 0.192
  0.09551002 0.         0.         0.         0.         0.43878689
  0.09551002 0.         0.         0.         0.         0.09551002
  0.         0.         0.09551002 0.192      0.09551002 0.09551002
  0.         0.         0.09551002 0.43878689 0.         0.43878689
  0.         0.         0.09551002 0.         0.04833246 0.
  0.43878689 0.         0.03747614 0.03747614 0.07880267 0.
  0.         0.         0.         0.192      0.         0.
  0.         0.         0.07746265 0.         1.         0.
  0.         0.         0.         0.         0.10666667 0.
  0.         0.192      0.         0.43878689 0.43878689 0.
  0.         0.192      0.         0.         0.         0.
  0.         0.         0.         0.         0.09551002 0.08316811
  0.         0.         0.         0.         0.         0.
  0.         0.192      0.192      0.         0.         0.
  0.         0.         0.         0.         0.         0.
  0.09551002 0.09551002 0.         0.         0.         0.
  0.         0.         0.         0.         0.         0.06761735
  0.192      0.         0.         0.         0.         0.
  0.        ]]"
"[[0.         0.         0.         0.         0.         0.
  0.         0.         0.         0.         0.         0.
  0.         0.         0.         0.         0.         0.
  0.         0.         0.         0.         0.         0.
  0.         0.128      0.         0.         0.         0.
  0.         0.         0.29866667 0.         0.         0.
  0.         0.         0.         0.         0.         0.
  0.         0.         0.         0.         0.         0.
  0.         0.         0.         0.256      0.         0.
  0.         0.         0.         0.8        0.         0.
  0.         0.         0.         0.2048     0.64       0.
  0.         0.         0.         0.         0.29866667 0.
  0.256      0.         0.         0.256      0.         0.
  0.64       0.         0.         0.         0.         0.
  0.8        0.64       0.         0.         0.         0.
  0.         0.         0.         0.         0.         0.64
  0.         0.256      0.         0.         0.         0.
  0.         0.         0.         0.8        0.         0.
  0.         0.         0.         0.         0.         0.
  0.         0.64       0.         0.         0.         0.
  0.         0.         0.         0.         0.         0.
  0.         0.         0.         0.128      0.         0.
  0.         0.         0.         0.         0.         0.
  0.         0.         0.         0.         0.         0.
  0.         0.         0.         0.         0.         0.
  0.         0.         0.         0.         0.         0.
  0.         0.         0.         0.         0.         0.
  0.         0.         0.         0.         0.         0.
  0.         0.         0.         0.         0.         0.
  0.         0.         0.         0.         0.8        0.
  0.         0.         0.         0.         0.         0.
  0.         0.         0.         0.         0.         0.
  0.         0.8        0.         0.         0.         0.
  0.         0.128      0.         0.         0.         0.
  0.         0.2048     0.         0.         0.         0.
  0.         0.         0.         0.64       0.         0.
  0.         0.04266667 0.         0.         0.         0.
  0.         0.         0.         0.         0.         0.
  0.         0.         0.2048     0.         0.         0.04266667
  0.         0.         0.         0.8        0.         0.
  0.         0.         0.         0.         0.         0.
  0.         0.         0.         0.         0.         0.
  0.         0.         0.         0.         0.         0.
  0.         0.         0.         0.         0.         0.
  0.         0.         0.         0.         0.         0.8
  0.         0.         0.         0.         0.2048     0.
  0.         0.         0.         0.64       0.         0.
  0.         0.         0.         0.         0.         0.
  0.         0.         0.8        0.         0.         0.
  0.04266667 0.         0.         0.         0.         0.29866667
  0.         0.         0.         0.8        0.         0.
  0.         0.         0.         0.         0.8        0.
  0.         0.         0.         0.         0.         0.
  0.         0.         0.         0.         0.         0.
  0.         0.         0.         0.         0.29866667 0.
  0.         0.         0.         0.         0.04266667 0.
  0.         0.         0.         0.         0.         0.
  0.         0.         0.         0.256      0.         0.
  0.         0.         0.         0.         0.         0.
  0.         0.         0.         0.         0.         0.
  0.         0.         0.8        0.         0.256      0.
  0.         0.         0.8        0.         0.         0.
  0.         0.         0.         0.         0.         0.
  0.         0.         0.         0.         0.         0.
  0.         0.256      0.         0.2048     0.         0.
  0.         0.         0.         0.         0.         0.8
  0.         0.         0.         0.         0.         0.
  0.         0.         0.         0.2048     0.         1.
  0.         0.         0.         0.         0.         0.
  0.         0.         0.         0.         0.         0.
  0.         0.         0.         0.         0.         0.
  0.         0.         0.         0.64       0.         0.
  0.         0.         0.         0.8        0.         0.
  0.         0.         0.         0.         0.         0.
  0.8        0.8        0.         0.         0.         0.
  0.         0.         0.         0.         0.         0.
  0.         0.         0.         0.         0.8        0.
  0.         0.8        0.2048     0.256      0.         0.
  0.        ]]"
"[[0.         0.         0.         0.         0.         0.
  0.         0.         0.         0.         0.         0.
  0.         0.         0.16524586 0.         0.20201563 0.
  0.         0.         0.         0.         0.         0.22040051
  0.         0.         0.         0.         0.         0.
  0.         0.         0.         0.         0.164199   0.27555516
  0.19803805 0.         0.         0.         0.         0.
  0.         0.         0.         0.         0.23804702 0.16524586
  0.23679661 0.16524586 0.         0.         0.164199   0.2054654
  0.27555516 0.         0.26024149 0.         0.         0.2391133
  0.         0.         0.         0.         0.         0.
  0.16524586 0.         0.         0.         0.         0.
  0.         0.19803805 0.         0.         0.19803805 0.17635228
  0.         0.2054654  0.         0.         0.         0.22040051
  0.         0.         0.21294636 0.         0.         0.
  0.         0.         0.         0.19803805 0.         0.
  0.         0.         0.         0.         0.16524586 0.27555516
  0.23192342 0.         0.         0.         0.         0.
  0.         0.         0.19803805 0.         0.         0.19803805
  0.         0.         0.23804702 0.         0.         0.
  0.24096231 0.16524586 0.         0.19803805 0.         0.
  0.8        0.         0.24872671 0.         0.         0.22922377
  0.23873017 0.8        0.         0.         0.         0.
  0.         0.22687927 0.18237349 0.         0.         0.16524586
  0.         0.8        0.23251189 0.         0.16524586 0.16524586
  0.         0.         0.25462907 0.19803805 0.17635228 0.
  0.         0.23343399 0.2519991  0.         0.         0.
  0.21012683 0.16524586 0.         0.         0.         0.
  0.         0.17135444 0.         0.         0.218707   0.16524586
  0.19803805 0.         0.19933993 0.19803805 0.         0.53439056
  0.19803805 0.         0.19559979 0.23845935 0.19803805 0.
  0.         0.         0.         0.         0.         0.21552028
  0.13946573 0.         0.         0.         0.23804702 0.
  0.         0.         0.         0.27555516 0.         0.
  0.         0.         0.16524586 0.16524586 0.         0.
  0.23810984 0.19803805 0.16524586 0.         0.20616207 0.
  0.         0.         0.19803805 0.         0.         0.
  0.16875189 0.         0.         0.         0.         0.17635228
  0.         0.16524586 0.         0.164199   0.23343399 0.
  0.27555516 0.         0.         0.         0.         0.
  0.         0.         0.         0.         0.         0.17635228
  0.         0.19340247 0.16524586 0.18237349 0.         0.
  0.19803805 0.         0.         0.         0.         0.
  0.         0.27555516 0.         0.         0.         0.
  0.17635228 0.         0.16524586 0.         0.         0.
  0.         0.         0.18237349 0.16524586 0.         0.
  0.21012683 0.         0.19803805 0.         0.24732868 0.19803805
  0.27555516 0.23938186 0.         0.         0.23343399 0.
  0.         0.         0.         0.19803805 0.         0.
  0.         0.23501211 0.         0.1789225  0.         0.
  0.         0.22040051 0.         0.         0.         0.
  0.         0.         0.16524586 0.8        0.         0.16524586
  0.27555516 0.27105743 0.         0.8        0.         0.
  0.19933993 0.         0.         0.         0.         0.23453714
  0.24229269 0.         0.         0.19803805 0.         0.
  0.         0.         0.         0.         0.         0.23343399
  0.         0.         0.         0.         0.         0.21377997
  0.         0.         0.         0.         0.24316197 0.
  0.         0.         0.         0.20489313 0.         0.
  0.         0.         0.         0.13946573 0.         0.
  0.         0.         0.         0.         0.         0.
  0.         0.         0.         0.19803805 0.         0.
  0.16524586 0.16524586 0.         0.         0.         0.
  0.         0.22133088 0.         0.         0.         0.
  0.         0.         0.         0.         0.         0.16524586
  0.         0.         0.         0.         0.         0.
  0.         0.         0.         0.         0.         0.
  0.32206533 0.         0.         0.         0.         0.
  1.         0.         0.24797784 0.         0.         0.23567548
  0.18237349 0.         0.         0.         0.         0.
  0.         0.         0.         0.16524586 0.16875189 0.
  0.8        0.22040051 0.         0.         0.         0.
  0.19803805 0.         0.         0.         0.         0.
  0.18237349 0.         0.         0.27555516 0.         0.
  0.         0.         0.         0.         0.19803805 0.23679661
  0.         0.         0.         0.19803805 0.19803805 0.
  0.19803805 0.         0.16524586 0.         0.         0.
  0.         0.         0.         0.         0.         0.
  0.        ]]"
"[[0.         0.         0.         0.         0.         0.
  0.         0.         0.         0.         0.         0.
  0.         0.         0.         0.         0.         0.
  0.         0.         0.         0.         0.         0.
  0.         0.         0.         0.         0.         0.
  0.         0.         0.         0.         0.         0.
  0.         0.         0.19129101 0.         0.         0.
  0.         0.         0.         0.         0.         0.
  0.         0.         0.         0.         0.         0.
  0.         0.         0.         0.         0.         0.
  0.         0.         0.         0.         0.         0.
  0.         0.         0.         0.36539957 0.         0.
  0.         0.         0.         0.         0.         0.
  0.         0.         0.         0.         0.         0.
  0.         0.         0.         0.         0.         0.
  0.         0.         0.         0.         0.         0.
  0.         0.         0.         0.         0.         0.
  0.         0.         0.         0.         0.         0.
  0.         0.         0.         0.         0.         0.
  0.         0.         0.         0.         0.         0.
  0.         0.         0.         0.         0.         0.
  0.         0.         0.         0.         0.         0.
  0.         0.         0.15456841 0.         0.         0.
  0.         0.         0.         0.         0.         0.
  0.         0.         0.         0.         0.         0.
  0.         0.         0.         0.         0.         0.
  0.         0.         0.         0.         0.         0.
  0.         0.         0.         0.         0.         0.
  0.         0.         0.         0.         0.         0.
  0.         0.         0.         0.         0.         0.
  0.         0.         0.         0.         0.         0.
  0.         0.         0.         0.         0.         0.
  0.         0.         0.         0.         0.         0.
  0.         0.         0.         0.         0.         0.
  0.         0.         0.         0.         0.         0.
  0.         0.         0.         0.         0.         0.06348911
  0.         0.         0.         0.         0.         0.
  0.         0.         0.         0.         0.         0.
  0.         0.         0.         0.         0.         0.
  0.         0.         0.         0.         0.         0.
  0.         0.         0.         0.         0.         0.
  0.         0.         0.         0.         0.         0.
  0.         0.         0.         0.         0.         0.
  0.         0.         0.         0.         0.         0.17835843
  0.         0.         0.         0.         0.         0.
  0.         0.         0.         0.         0.         0.
  0.         0.34369754 0.         0.         0.         0.
  0.         0.         0.         0.19129101 0.         0.
  0.         0.         0.         0.         0.         0.
  0.         0.         0.         0.         0.10927649 0.
  0.         0.         0.         0.         0.         0.
  0.         0.         0.         0.         0.         0.
  0.         0.         0.         0.         0.         0.
  0.         0.         0.         0.         0.         0.
  0.         0.         0.         0.         0.         0.
  0.         0.         0.         0.         0.         0.
  0.         0.         0.         0.         0.         0.
  0.06348911 0.         0.         0.         0.         0.
  0.         0.06348911 0.         0.         0.         0.
  0.         0.         0.         0.         0.         0.
  0.         0.17970198 0.         0.         0.         0.
  0.         0.         0.         0.         0.         0.
  0.         0.         0.         0.         0.         0.
  0.         0.         0.         0.         0.         0.
  0.         0.         0.         0.         0.         0.
  0.         0.         0.         0.         0.         0.
  0.         0.         0.         0.         0.         0.
  0.         0.         0.         0.         0.         0.
  0.         1.         0.         0.2109458  0.         0.
  0.         0.         0.         0.         0.         0.36539957
  0.         0.         0.         0.         0.         0.
  0.         0.         0.         0.         0.         0.
  0.         0.34369754 0.         0.         0.         0.
  0.         0.         0.         0.         0.         0.
  0.         0.         0.         0.         0.         0.
  0.         0.         0.19867051 0.         0.         0.11508775
  0.         0.         0.         0.         0.         0.
  0.         0.         0.         0.         0.         0.
  0.        ]]"
"[[0.         0.         0.         0.         0.         0.
  0.         0.         0.         0.         0.         0.
  0.         0.         0.24266179 0.         0.33451472 0.
  0.         0.         0.         0.         0.         0.40044119
  0.         0.         0.         0.         0.         0.
  0.         0.         0.         0.         0.16677278 0.5182206
  0.2509652  0.         0.         0.         0.         0.
  0.         0.         0.         0.         0.25516787 0.24266179
  0.3845929  0.24266179 0.         0.         0.16677278 0.29470135
  0.5582206  0.         0.3851559  0.         0.         0.32699213
  0.         0.         0.         0.         0.         0.
  0.24266179 0.         0.         0.         0.         0.
  0.         0.2509652  0.         0.         0.2509652  0.21787139
  0.         0.29470135 0.         0.         0.         0.40044119
  0.         0.         0.35061586 0.         0.         0.
  0.         0.         0.         0.2509652  0.         0.
  0.         0.         0.         0.         0.24266179 0.5182206
  0.33960089 0.         0.         0.         0.         0.
  0.         0.         0.2509652  0.         0.         0.2509652
  0.         0.         0.25516787 0.         0.         0.
  0.3294399  0.24266179 0.         0.2509652  0.         0.
  0.24797784 0.         0.21459462 0.         0.         0.32780453
  0.38036526 0.24797784 0.         0.         0.         0.
  0.         0.25243813 0.22389402 0.         0.         0.24266179
  0.         0.24797784 0.31762944 0.         0.24266179 0.24266179
  0.         0.         0.47716301 0.2509652  0.21787139 0.
  0.         0.24028917 0.39593533 0.         0.         0.
  0.28563266 0.24266179 0.         0.         0.         0.
  0.         0.16712311 0.         0.         0.32810319 0.24266179
  0.2509652  0.         0.24147548 0.2509652  0.         0.25842322
  0.2509652  0.         0.30535389 0.35137987 0.2509652  0.
  0.         0.         0.         0.         0.         0.30771124
  0.18262671 0.         0.         0.         0.25516787 0.
  0.         0.         0.         0.5582206  0.         0.
  0.         0.         0.24266179 0.24266179 0.         0.
  0.35928317 0.2509652  0.24266179 0.         0.27681285 0.
  0.         0.         0.2509652  0.         0.         0.
  0.21679596 0.         0.         0.         0.         0.21787139
  0.         0.24266179 0.         0.16677278 0.24028917 0.
  0.5182206  0.         0.         0.         0.         0.
  0.         0.         0.         0.         0.         0.21787139
  0.         0.20296704 0.24266179 0.22389402 0.         0.
  0.2509652  0.         0.         0.         0.         0.
  0.         0.5582206  0.         0.         0.         0.
  0.21787139 0.         0.24266179 0.         0.         0.
  0.         0.         0.22389402 0.24266179 0.         0.
  0.28563266 0.         0.2509652  0.         0.33514027 0.2509652
  0.5582206  0.35437629 0.         0.         0.24028917 0.
  0.         0.         0.         0.2509652  0.         0.
  0.         0.36081928 0.         0.24963718 0.         0.
  0.         0.40044119 0.         0.         0.         0.
  0.         0.         0.24266179 0.24797784 0.         0.24266179
  0.5582206  0.40136116 0.         0.24797784 0.         0.
  0.24147548 0.         0.         0.         0.         0.35684444
  0.43498141 0.         0.         0.2509652  0.         0.
  0.         0.         0.         0.         0.         0.24028917
  0.         0.         0.         0.         0.         0.25099918
  0.         0.         0.         0.         0.38266163 0.
  0.         0.         0.         0.22908028 0.         0.
  0.         0.         0.         0.18262671 0.         0.
  0.         0.         0.         0.         0.         0.
  0.         0.         0.         0.2509652  0.         0.
  0.24266179 0.24266179 0.         0.         0.         0.
  0.         0.31465963 0.         0.         0.         0.
  0.         0.         0.         0.         0.         0.24266179
  0.         0.         0.         0.         0.         0.
  0.         0.         0.         0.         0.         0.
  0.29956188 0.         0.         0.         0.         0.
  0.24797784 0.         1.         0.         0.         0.40069106
  0.22389402 0.         0.         0.         0.         0.
  0.         0.         0.         0.24266179 0.21679596 0.
  0.24797784 0.38044119 0.         0.         0.         0.
  0.2509652  0.         0.         0.         0.         0.
  0.22389402 0.         0.         0.5182206  0.         0.
  0.         0.         0.         0.         0.2509652  0.3845929
  0.         0.         0.         0.2509652  0.2509652  0.
  0.2509652  0.         0.24266179 0.         0.         0.
  0.         0.         0.         0.         0.         0.
  0.        ]]"
"[[0.         0.         0.         0.         0.         0.
  0.         0.         0.         0.         0.         0.
  0.         0.         0.         0.         0.         0.
  0.         0.         0.         0.         0.         0.
  0.         0.         0.         0.         0.         0.
  0.         0.         0.         0.         0.         0.
  0.         0.         0.19307354 0.         0.         0.
  0.         0.         0.         0.         0.         0.
  0.         0.         0.         0.         0.         0.
  0.         0.         0.         0.         0.         0.
  0.         0.         0.         0.         0.         0.
  0.         0.         0.         0.24642667 0.         0.
  0.         0.         0.         0.         0.         0.
  0.         0.         0.         0.         0.         0.
  0.         0.         0.         0.         0.         0.
  0.         0.         0.         0.         0.         0.
  0.         0.         0.         0.         0.         0.
  0.         0.         0.         0.         0.         0.
  0.         0.         0.         0.         0.         0.
  0.         0.         0.         0.         0.         0.
  0.         0.         0.         0.         0.         0.
  0.         0.         0.         0.         0.         0.
  0.         0.         0.12981037 0.         0.         0.
  0.         0.         0.         0.         0.         0.
  0.         0.         0.         0.         0.         0.
  0.         0.         0.         0.         0.         0.
  0.         0.         0.         0.         0.         0.
  0.         0.         0.         0.         0.         0.
  0.         0.         0.         0.         0.         0.
  0.         0.         0.         0.         0.         0.
  0.         0.         0.         0.         0.         0.
  0.         0.         0.         0.         0.         0.
  0.         0.         0.         0.         0.         0.
  0.         0.         0.         0.         0.         0.
  0.         0.         0.         0.         0.         0.
  0.         0.         0.         0.         0.         0.06312187
  0.         0.         0.         0.         0.         0.
  0.         0.         0.         0.         0.         0.
  0.         0.         0.         0.         0.         0.
  0.         0.         0.         0.         0.         0.
  0.         0.         0.         0.         0.         0.
  0.         0.         0.         0.         0.         0.
  0.         0.         0.         0.         0.         0.
  0.         0.         0.         0.         0.         0.19470379
  0.         0.         0.         0.         0.         0.
  0.         0.         0.         0.         0.         0.
  0.         0.2109458  0.         0.         0.         0.
  0.         0.         0.         0.19307354 0.         0.
  0.         0.         0.         0.         0.         0.
  0.         0.         0.         0.         0.17066249 0.
  0.         0.         0.         0.         0.         0.
  0.         0.         0.         0.         0.         0.
  0.         0.         0.         0.         0.         0.
  0.         0.         0.         0.         0.         0.
  0.         0.         0.         0.         0.         0.
  0.         0.         0.         0.         0.         0.
  0.         0.         0.         0.         0.         0.
  0.06312187 0.         0.         0.         0.         0.
  0.         0.06312187 0.         0.         0.         0.
  0.         0.         0.         0.         0.         0.
  0.         0.1926044  0.         0.         0.         0.
  0.         0.         0.         0.         0.         0.
  0.         0.         0.         0.         0.         0.
  0.         0.         0.         0.         0.         0.
  0.         0.         0.         0.         0.         0.
  0.         0.         0.         0.         0.         0.
  0.         0.         0.         0.         0.         0.
  0.         0.         0.         0.         0.         0.
  0.         0.2109458  0.         1.         0.         0.
  0.         0.         0.         0.         0.         0.24642667
  0.         0.         0.         0.         0.         0.
  0.         0.         0.         0.         0.         0.
  0.         0.2109458  0.         0.         0.         0.
  0.         0.         0.         0.         0.         0.
  0.         0.         0.         0.         0.         0.
  0.         0.         0.18666169 0.         0.         0.18413741
  0.         0.         0.         0.         0.         0.
  0.         0.         0.         0.         0.         0.
  0.        ]]"
"[[0.         0.         0.         0.         0.         0.
  0.         0.         0.         0.         0.         0.
  0.         0.         0.         0.         0.         0.
  0.         0.         0.         0.         0.         0.
  0.         0.         0.         0.         0.         0.32
  0.         0.         0.         0.         0.         0.
  0.         0.         0.         0.         0.         0.
  0.         0.         0.         0.         0.         0.
  0.         0.         0.         0.         0.         0.
  0.         0.         0.         0.         0.         0.
  0.         0.10666667 0.         0.         0.         0.
  0.         0.         0.         0.         0.         0.
  0.         0.         0.         0.         0.         0.
  0.         0.         0.         0.         0.         0.
  0.         0.         0.         0.         0.         0.
  0.         0.         0.         0.         0.         0.
  0.         0.         0.         0.         0.         0.
  0.         0.10666667 0.32       0.         0.         0.
  0.         0.         0.         0.21333333 0.032      0.
  0.032      0.         0.         0.128      0.         0.128
  0.         0.         0.         0.         0.         0.
  0.         0.         0.         0.         0.         0.
  0.         0.         0.         0.         0.         0.
  0.         0.         0.         0.         0.         0.
  0.         0.         0.         0.         0.         0.
  0.         0.         0.         0.         0.         0.21333333
  0.         0.         0.         0.         0.         0.
  0.         0.         0.032      0.         0.4        0.
  0.         0.         0.         0.         0.         0.
  0.         0.         0.         0.         0.         0.
  0.         0.         0.         0.         0.         0.
  0.         0.         0.         0.         0.         0.
  0.         0.         0.         0.         0.         0.8
  0.         0.         0.         0.         0.         0.
  0.         0.         0.         0.         0.         0.
  0.         0.         0.         0.         0.         0.
  0.         0.         0.         0.21333333 0.32       0.
  0.         0.         0.         0.         0.         0.
  0.         0.         0.         0.         0.         0.
  0.         0.         0.         0.         0.         0.
  0.         0.         0.         0.         0.         0.
  0.         0.         0.         0.         0.         0.
  0.         0.         0.         0.         0.         0.10666667
  0.         0.         0.         0.         0.26666667 0.
  0.         0.         0.         0.         0.         0.
  0.         0.         0.         0.         0.         0.
  0.         0.         0.         0.         0.         0.
  0.         0.         0.         0.         0.         0.
  0.         0.07111111 0.         0.         0.         0.
  0.         0.         0.         0.         0.         0.
  0.         0.         0.         0.         0.         0.16
  0.         0.         0.         0.         0.         0.
  0.         0.         0.         0.         0.         0.
  0.         0.         0.         0.04266667 0.         0.
  0.         0.         0.         0.         0.         0.
  0.         0.         0.         0.         0.         0.
  0.         0.         0.         0.21333333 0.         0.
  0.         0.21333333 0.         0.         0.         0.
  0.032      0.         0.         0.         0.         0.
  0.         0.         0.         0.         0.         0.
  0.         0.         0.         0.         0.         0.21333333
  0.         0.         0.         0.         0.         0.
  0.         0.         0.         0.         0.         0.
  0.         0.         0.         0.21333333 0.         0.10666667
  0.         0.         0.         0.         0.         0.
  0.21333333 0.         0.         0.         0.32       0.
  0.         0.         0.         0.         0.         0.
  0.         0.         0.         0.         0.10666667 0.
  0.         0.         0.         0.         1.         0.
  0.         0.         0.         0.21333333 0.         0.
  0.         0.         0.         0.         0.         0.
  0.         0.         0.         0.         0.         0.07619048
  0.         0.         0.         0.         0.         0.
  0.         0.         0.         0.         0.         0.
  0.         0.         0.         0.         0.         0.
  0.         0.         0.         0.         0.         0.
  0.         0.         0.         0.         0.         0.064
  0.         0.         0.         0.         0.         0.
  0.        ]]"
"[[0.         0.         0.         0.         0.         0.
  0.         0.         0.         0.         0.         0.
  0.         0.         0.2049482  0.         0.29105614 0.
  0.         0.         0.         0.         0.         0.33411011
  0.         0.         0.         0.         0.         0.
  0.         0.         0.         0.         0.17521362 0.46327201
  0.22037888 0.         0.         0.         0.         0.
  0.         0.         0.         0.         0.22671488 0.2049482
  0.34182544 0.2049482  0.         0.         0.17521362 0.26055158
  0.46327201 0.         0.34983606 0.         0.         0.29896563
  0.         0.         0.         0.         0.         0.
  0.2049482  0.         0.         0.         0.         0.
  0.         0.22037888 0.         0.         0.22037888 0.19318937
  0.         0.26055158 0.         0.         0.         0.33411011
  0.         0.         0.2961997  0.         0.         0.
  0.         0.         0.         0.22037888 0.         0.
  0.         0.         0.         0.         0.2049482  0.46327201
  0.30169518 0.         0.         0.         0.         0.
  0.         0.         0.22037888 0.         0.         0.22037888
  0.         0.         0.22671488 0.         0.         0.
  0.29893536 0.2049482  0.         0.22037888 0.         0.
  0.23567548 0.         0.20544046 0.         0.         0.28041249
  0.3442385  0.23567548 0.         0.         0.         0.
  0.         0.22497127 0.20383056 0.         0.         0.2049482
  0.         0.23567548 0.28674436 0.         0.2049482  0.2049482
  0.         0.         0.43625226 0.22037888 0.19318937 0.
  0.         0.22540619 0.40367988 0.         0.         0.
  0.25469401 0.2049482  0.         0.         0.         0.
  0.         0.16218744 0.         0.         0.27924449 0.2049482
  0.22037888 0.         0.2151772  0.22037888 0.         0.23974251
  0.22037888 0.         0.26658945 0.31930564 0.22037888 0.
  0.         0.         0.         0.         0.         0.27445242
  0.16515133 0.         0.         0.         0.22671488 0.
  0.         0.         0.         0.46327201 0.         0.
  0.         0.         0.2049482  0.2049482  0.         0.
  0.33833134 0.22037888 0.2049482  0.         0.24742781 0.
  0.         0.         0.22037888 0.         0.         0.
  0.1927651  0.         0.         0.         0.         0.19318937
  0.         0.2049482  0.         0.17521362 0.22540619 0.
  0.50327201 0.         0.         0.         0.         0.
  0.         0.         0.         0.         0.         0.19318937
  0.         0.19796552 0.2049482  0.20383056 0.         0.
  0.22037888 0.         0.         0.         0.         0.
  0.         0.46327201 0.         0.         0.         0.
  0.19318937 0.         0.2049482  0.         0.         0.
  0.         0.         0.20383056 0.2049482  0.         0.
  0.25469401 0.         0.22037888 0.         0.30006352 0.22037888
  0.46327201 0.3521109  0.         0.         0.22540619 0.
  0.         0.         0.         0.22037888 0.         0.
  0.         0.33013306 0.         0.22168658 0.         0.
  0.         0.33411011 0.         0.         0.         0.
  0.         0.         0.2049482  0.23567548 0.         0.2049482
  0.46327201 0.41460474 0.         0.23567548 0.         0.
  0.2151772  0.         0.         0.         0.         0.33413787
  0.39948162 0.         0.         0.22037888 0.         0.
  0.         0.         0.         0.         0.         0.22540619
  0.         0.         0.         0.         0.         0.21945932
  0.         0.         0.         0.         0.36004775 0.
  0.         0.         0.         0.20929778 0.         0.
  0.         0.         0.         0.16515133 0.         0.
  0.         0.         0.         0.         0.         0.
  0.         0.         0.         0.22037888 0.         0.
  0.2049482  0.2049482  0.         0.         0.         0.
  0.         0.3215209  0.         0.         0.         0.
  0.         0.         0.         0.         0.         0.2049482
  0.         0.         0.         0.         0.         0.
  0.         0.         0.         0.         0.         0.
  0.26356351 0.         0.         0.         0.         0.
  0.23567548 0.         0.40069106 0.         0.         1.
  0.20383056 0.         0.         0.         0.         0.
  0.         0.         0.         0.2049482  0.1927651  0.
  0.23567548 0.33411011 0.         0.         0.         0.
  0.22037888 0.         0.         0.         0.         0.
  0.20383056 0.         0.         0.46327201 0.         0.
  0.         0.         0.         0.         0.22037888 0.34182544
  0.         0.         0.         0.22037888 0.22037888 0.
  0.22037888 0.         0.2049482  0.         0.         0.
  0.         0.         0.         0.         0.         0.
  0.        ]]"
"[[0.         0.         0.         0.         0.         0.
  0.         0.         0.         0.         0.         0.
  0.         0.         0.34433176 0.         0.29005534 0.
  0.         0.         0.         0.         0.         0.26291713
  0.         0.         0.         0.         0.         0.
  0.         0.         0.         0.         0.18349698 0.18150249
  0.30330801 0.         0.         0.         0.         0.
  0.         0.         0.         0.         0.28244938 0.34433176
  0.24240525 0.34433176 0.         0.         0.18349698 0.26939131
  0.18150249 0.         0.19617139 0.         0.         0.24133326
  0.         0.         0.         0.         0.         0.
  0.34433176 0.         0.         0.         0.         0.
  0.         0.30330801 0.         0.         0.30330801 0.26595026
  0.         0.26939131 0.         0.         0.         0.26291713
  0.         0.         0.27638076 0.         0.         0.
  0.         0.         0.         0.30330801 0.         0.
  0.         0.         0.         0.         0.34433176 0.18150249
  0.22761531 0.         0.         0.         0.         0.
  0.         0.         0.30330801 0.         0.         0.30330801
  0.         0.         0.28244938 0.         0.         0.
  0.24020602 0.34433176 0.         0.30330801 0.         0.
  0.18237349 0.         0.19573403 0.         0.         0.27268325
  0.25544444 0.18237349 0.         0.         0.         0.
  0.         0.37078822 0.8        0.         0.         0.34433176
  0.         0.18237349 0.22240572 0.         0.34433176 0.34433176
  0.         0.         0.20236928 0.30330801 0.26595026 0.
  0.         0.20618598 0.19348379 0.         0.         0.
  0.25885709 0.34433176 0.         0.         0.         0.
  0.         0.15203277 0.         0.         0.28197886 0.34433176
  0.30330801 0.         0.27525887 0.30330801 0.         0.22006145
  0.30330801 0.         0.28402907 0.24057485 0.30330801 0.
  0.         0.         0.         0.         0.         0.2506562
  0.25244863 0.         0.         0.         0.28244938 0.
  0.         0.         0.         0.18150249 0.         0.
  0.         0.         0.34433176 0.34433176 0.         0.
  0.23450738 0.30330801 0.34433176 0.         0.33616322 0.
  0.         0.         0.30330801 0.         0.         0.
  0.27787832 0.         0.         0.         0.         0.26595026
  0.         0.34433176 0.         0.18349698 0.20618598 0.
  0.18150249 0.         0.         0.         0.         0.
  0.         0.         0.         0.         0.         0.26595026
  0.         0.21397927 0.34433176 0.8        0.         0.
  0.30330801 0.         0.         0.         0.         0.
  0.         0.18150249 0.         0.         0.         0.
  0.26595026 0.         0.34433176 0.         0.         0.
  0.         0.         0.8        0.34433176 0.         0.
  0.25885709 0.         0.30330801 0.         0.25423278 0.30330801
  0.18150249 0.15800389 0.         0.         0.20618598 0.
  0.         0.         0.         0.30330801 0.         0.
  0.         0.22336101 0.         0.27185262 0.         0.
  0.         0.26291713 0.         0.         0.         0.
  0.         0.         0.34433176 0.18237349 0.         0.34433176
  0.18150249 0.17127172 0.         0.18237349 0.         0.
  0.27525887 0.         0.         0.         0.         0.22211133
  0.21454611 0.         0.         0.30330801 0.         0.
  0.         0.         0.         0.         0.         0.20618598
  0.         0.         0.         0.         0.         0.30307684
  0.         0.         0.         0.         0.21085975 0.
  0.         0.         0.         0.23606812 0.         0.
  0.         0.         0.         0.25244863 0.         0.
  0.         0.         0.         0.         0.         0.
  0.         0.         0.         0.30330801 0.         0.
  0.34433176 0.34433176 0.         0.         0.         0.
  0.         0.23693173 0.         0.         0.         0.
  0.         0.         0.         0.         0.         0.34433176
  0.         0.         0.         0.         0.         0.
  0.         0.         0.         0.         0.         0.
  0.25551505 0.         0.         0.         0.         0.
  0.18237349 0.         0.22389402 0.         0.         0.20383056
  1.         0.         0.         0.         0.         0.
  0.         0.         0.         0.34433176 0.27787832 0.
  0.18237349 0.26291713 0.         0.         0.         0.
  0.30330801 0.         0.         0.         0.         0.
  0.8        0.         0.         0.18150249 0.         0.
  0.         0.         0.         0.         0.30330801 0.24240525
  0.         0.         0.         0.30330801 0.30330801 0.
  0.30330801 0.         0.34433176 0.         0.         0.
  0.         0.         0.         0.         0.         0.
  0.        ]]"
"[[0.         0.         0.         0.         0.         0.
  0.         0.         0.         0.         0.         0.
  0.         0.         0.         0.64       0.         0.08533333
  0.         0.         0.         0.         0.         0.
  0.         0.         0.64       0.64       0.         0.
  0.8        0.         0.         0.         0.         0.
  0.         0.         0.         0.64       0.         0.
  0.         0.64       0.         0.         0.         0.
  0.         0.         0.8        0.         0.         0.
  0.         0.256      0.         0.         0.         0.
  0.256      0.128      0.64       0.         0.         0.
  0.         0.         0.         0.         0.         0.256
  0.         0.         0.64       0.         0.         0.
  0.         0.         0.         0.         0.         0.
  0.         0.         0.         0.         0.         0.
  0.         0.256      0.         0.         0.         0.
  0.         0.         0.256      0.         0.         0.
  0.         0.192      0.         0.         0.256      0.
  0.         0.         0.         0.21333333 0.07893333 0.
  0.07893333 0.         0.         0.128      0.         0.128
  0.         0.         0.         0.         0.         0.256
  0.         0.8        0.         0.         0.         0.
  0.         0.         0.         0.         0.         0.256
  0.256      0.         0.         0.         0.         0.
  0.256      0.         0.         0.64       0.         0.
  0.         0.08533333 0.         0.         0.         0.21333333
  0.8        0.         0.         0.256      0.         0.
  0.         0.         0.07893333 0.         0.         0.
  0.64       0.         0.08533333 0.64       0.         0.
  0.         0.         0.         0.         0.         0.
  0.         0.256      0.         0.         0.         0.
  0.256      0.         0.64       0.         0.         0.
  0.         0.         0.8        0.         0.         0.
  0.256      0.         0.         0.         0.         0.256
  0.         0.         0.         0.         0.         0.
  0.         0.         0.         0.         0.         0.
  0.256      0.         0.         0.21333333 0.         0.
  0.         0.256      0.17066667 0.128      0.         0.
  0.256      0.         0.         0.         0.         0.
  0.         0.256      0.256      0.         0.         0.8
  0.         0.64       0.         0.256      0.17066667 0.
  0.         0.         0.         0.         0.         0.11377778
  0.         0.64       0.         0.         0.         0.128
  0.256      0.         0.         0.64       0.05688889 0.
  0.         0.         0.         0.64       0.8        0.
  0.         0.         0.         0.         0.         0.
  0.         0.         0.         0.         0.         0.
  0.         0.         0.256      0.         0.         0.256
  0.8        0.18488889 0.         0.         0.         0.256
  0.         0.         0.         0.         0.         0.
  0.8        0.         0.         0.         0.         0.03754667
  0.         0.03413333 0.         0.         0.         0.
  0.         0.         0.64       0.         0.256      0.64
  0.         0.         0.8        0.09386667 0.8        0.
  0.         0.         0.64       0.         0.         0.
  0.         0.         0.256      0.         0.         0.
  0.256      0.         0.         0.21333333 0.256      0.
  0.         0.21333333 0.         0.         0.         0.
  0.07893333 0.         0.         0.         0.256      0.256
  0.64       0.         0.256      0.         0.256      0.64
  0.256      0.         0.         0.         0.         0.21333333
  0.256      0.         0.         0.         0.         0.256
  0.         0.         0.256      0.64       0.256      0.256
  0.         0.         0.256      0.21333333 0.         0.192
  0.         0.         0.256      0.         0.06257778 0.
  0.21333333 0.         0.03413333 0.03413333 0.         0.
  0.         0.         0.         0.72       0.         0.
  0.         0.         0.17066667 0.         0.192      0.
  0.         0.         0.         0.         0.         0.
  0.         1.         0.         0.21333333 0.17066667 0.
  0.         0.64       0.         0.         0.         0.
  0.         0.         0.         0.         0.256      0.15847619
  0.         0.         0.         0.         0.         0.
  0.         0.64       0.64       0.         0.         0.
  0.         0.         0.         0.         0.         0.
  0.256      0.256      0.         0.         0.         0.
  0.         0.         0.         0.         0.         0.1152
  0.8        0.         0.         0.         0.         0.
  0.        ]]"
"[[0.         0.         0.         0.         0.         0.
  0.         0.         0.         0.         0.         0.
  0.         0.         0.         0.         0.         0.
  0.8        0.         0.         0.8        0.         0.
  0.         0.         0.         0.         0.18027303 0.
  0.         0.1714402  0.         0.         0.         0.
  0.         0.8        0.         0.         0.8        0.
  0.         0.         0.08535929 0.         0.         0.
  0.         0.         0.         0.         0.         0.
  0.         0.         0.         0.         0.12027214 0.
  0.         0.         0.         0.         0.         0.8
  0.         0.         0.         0.         0.         0.
  0.         0.         0.         0.         0.         0.
  0.         0.         0.8        0.8        0.12856171 0.
  0.         0.         0.         0.16985201 0.         0.8
  0.         0.         0.         0.         0.         0.
  0.8        0.         0.         0.8        0.         0.
  0.         0.         0.         0.         0.         0.
  0.8        0.8        0.         0.         0.         0.
  0.         0.         0.         0.         0.         0.
  0.         0.         0.08526979 0.         0.         0.
  0.         0.         0.         0.         0.8        0.
  0.         0.         0.         0.         0.         0.
  0.         0.         0.         0.11346386 0.8        0.
  0.         0.         0.         0.         0.         0.
  0.         0.         0.         0.         0.         0.
  0.         0.         0.         0.         0.         0.8
  0.         0.         0.         0.         0.         0.8
  0.         0.         0.         0.         0.         0.
  0.         0.8        0.         0.         0.         0.
  0.         0.         0.         0.         0.         0.08535929
  0.         0.         0.         0.07191812 0.         0.
  0.         0.         0.         0.         0.         0.
  0.         0.         0.         0.         0.         0.
  0.8        0.         0.         0.         0.8        0.8
  0.         0.         0.         0.         0.         0.
  0.         0.         0.         0.         0.         0.
  0.         0.         0.         0.         0.         0.
  0.         0.         0.         0.         0.         0.
  0.         0.         0.         0.         0.         0.
  0.         0.         0.06428085 0.         0.         0.
  0.8        0.         0.         0.         0.8        0.
  0.         0.         0.12869422 0.         0.11497495 0.
  0.         0.         0.         0.         0.         0.
  0.         0.         0.         0.         0.         0.
  0.         0.         0.         0.         0.         0.
  0.         0.         0.         0.         0.         0.
  0.         0.         0.         0.         0.         0.
  0.         0.         0.         0.         0.8        0.
  0.         0.         0.         0.         0.         0.
  0.         0.         0.8        0.         0.08719264 0.
  0.8        0.         0.         0.         0.         0.
  0.         0.         0.         0.         0.         0.
  0.         0.         0.         0.         0.         0.
  0.         0.         0.         0.         0.         0.
  0.18027303 0.8        0.         0.         0.         0.
  0.         0.8        0.8        0.         0.         0.
  0.         0.         0.         0.         0.         0.
  0.         0.         0.8        0.         0.         0.
  0.         0.8        0.         0.         0.         0.
  0.         0.         0.         0.8        0.         0.
  0.         0.         0.         0.         0.         0.
  0.         0.         0.         0.         0.         0.
  0.08297931 0.         0.         0.         0.         0.
  0.         0.         0.         0.         0.         0.
  0.         0.8        0.         0.         0.         0.
  0.08630174 0.         0.         0.         0.8        0.8
  0.         0.         0.         0.         0.         0.
  0.         0.         0.         0.         0.         0.
  0.         0.         1.         0.         0.         0.
  0.         0.         0.1714402  0.         0.         0.8
  0.         0.         0.8        0.         0.         0.
  0.         0.         0.09648754 0.         0.8        0.
  0.         0.         0.         0.         0.09648754 0.
  0.         0.         0.         0.         0.         0.
  0.         0.         0.         0.         0.         0.
  0.         0.09958583 0.         0.8        0.         0.
  0.         0.         0.         0.         0.11027147 0.
  0.        ]]"
"[[0.         0.         0.         0.         0.         0.
  0.         0.         0.         0.         0.         0.
  0.         0.         0.         0.21333333 0.         0.04621189
  0.         0.         0.         0.         0.         0.
  0.         0.         0.21333333 0.21333333 0.         0.11940134
  0.21333333 0.         0.         0.         0.         0.
  0.         0.         0.         0.21333333 0.         0.
  0.         0.21333333 0.         0.         0.         0.
  0.         0.         0.21333333 0.         0.         0.
  0.         0.09551002 0.         0.         0.         0.
  0.09551002 0.09078023 0.21333333 0.         0.         0.
  0.         0.         0.         0.         0.         0.09551002
  0.         0.         0.21333333 0.         0.         0.
  0.         0.         0.         0.         0.         0.
  0.         0.         0.         0.         0.         0.
  0.         0.09551002 0.         0.         0.         0.
  0.         0.         0.09551002 0.         0.         0.
  0.         0.43878689 0.11940134 0.         0.09551002 0.
  0.         0.         0.         0.8        0.05117994 0.
  0.05117994 0.         0.         0.09494043 0.         0.09494043
  0.         0.         0.         0.         0.         0.09551002
  0.         0.21333333 0.         0.         0.         0.
  0.         0.         0.         0.         0.         0.09551002
  0.09551002 0.         0.         0.         0.         0.
  0.09551002 0.         0.         0.21333333 0.         0.
  0.         0.04621189 0.         0.         0.         0.8
  0.21333333 0.         0.         0.09551002 0.         0.
  0.         0.         0.05117994 0.         0.10666667 0.
  0.21333333 0.         0.04621189 0.21333333 0.         0.
  0.         0.         0.         0.         0.         0.
  0.         0.09551002 0.         0.         0.         0.
  0.09551002 0.         0.21333333 0.         0.         0.
  0.         0.         0.21333333 0.         0.         0.21333333
  0.09551002 0.         0.         0.         0.         0.09551002
  0.         0.         0.         0.         0.         0.
  0.         0.         0.         0.         0.         0.
  0.09551002 0.         0.         0.8        0.11940134 0.
  0.         0.09551002 0.07757377 0.04775501 0.         0.
  0.09551002 0.         0.         0.         0.         0.
  0.         0.09551002 0.09551002 0.         0.         0.21333333
  0.         0.21333333 0.         0.09551002 0.07757377 0.
  0.         0.         0.         0.         0.         0.04724064
  0.         0.21333333 0.         0.         0.         0.09078023
  0.09551002 0.         0.         0.21333333 0.09696904 0.
  0.         0.         0.         0.21333333 0.21333333 0.
  0.         0.         0.         0.         0.         0.
  0.         0.         0.         0.         0.         0.
  0.         0.         0.09551002 0.         0.         0.09551002
  0.21333333 0.31838252 0.         0.         0.         0.09551002
  0.         0.         0.         0.         0.         0.
  0.21333333 0.         0.         0.         0.         0.06462253
  0.         0.0277926  0.         0.         0.         0.
  0.         0.         0.21333333 0.         0.09551002 0.21333333
  0.         0.         0.21333333 0.05897572 0.21333333 0.
  0.         0.         0.21333333 0.         0.         0.
  0.         0.         0.09551002 0.         0.         0.
  0.09551002 0.         0.         0.8        0.09551002 0.
  0.         0.8        0.         0.         0.         0.
  0.05117994 0.         0.         0.         0.09551002 0.09551002
  0.21333333 0.         0.09551002 0.         0.09551002 0.21333333
  0.09551002 0.         0.         0.         0.         0.8
  0.09551002 0.         0.         0.         0.         0.09551002
  0.         0.         0.09551002 0.21333333 0.09551002 0.09551002
  0.         0.         0.09551002 0.8        0.         0.43878689
  0.         0.         0.09551002 0.         0.03659311 0.
  0.8        0.         0.0277926  0.0277926  0.11940134 0.
  0.         0.         0.         0.21333333 0.         0.
  0.         0.         0.07086095 0.         0.43878689 0.
  0.         0.         0.         0.         0.21333333 0.
  0.         0.21333333 0.         1.         0.07757377 0.
  0.         0.21333333 0.         0.         0.         0.
  0.         0.         0.         0.         0.09551002 0.09052911
  0.         0.         0.         0.         0.         0.
  0.         0.21333333 0.21333333 0.         0.         0.
  0.         0.         0.         0.         0.         0.
  0.09551002 0.09551002 0.         0.         0.         0.
  0.         0.         0.         0.         0.         0.07142535
  0.21333333 0.         0.         0.         0.         0.
  0.        ]]"
"[[0.         0.         0.         0.         0.         0.
  0.         0.         0.         0.         0.         0.
  0.         0.         0.         0.17066667 0.         0.07261868
  0.         0.         0.         0.         0.         0.
  0.         0.         0.17066667 0.17066667 0.         0.03820401
  0.17066667 0.         0.         0.         0.         0.
  0.         0.         0.         0.17066667 0.         0.
  0.         0.17066667 0.         0.         0.         0.
  0.         0.         0.17066667 0.         0.         0.
  0.         0.09551002 0.         0.         0.         0.
  0.09551002 0.06664854 0.17066667 0.         0.         0.
  0.         0.         0.         0.         0.         0.09551002
  0.         0.         0.17066667 0.         0.         0.
  0.         0.         0.         0.         0.         0.
  0.         0.         0.         0.         0.         0.
  0.         0.09551002 0.         0.         0.         0.
  0.         0.         0.09551002 0.         0.         0.
  0.         0.35878689 0.03820401 0.         0.09551002 0.
  0.         0.         0.         0.07757377 0.05797481 0.
  0.05797481 0.         0.         0.05168383 0.         0.05168383
  0.         0.         0.         0.         0.         0.09551002
  0.         0.17066667 0.         0.         0.         0.
  0.         0.         0.         0.         0.         0.09551002
  0.09551002 0.         0.         0.         0.         0.
  0.09551002 0.         0.         0.17066667 0.         0.
  0.         0.07261868 0.         0.         0.         0.07757377
  0.17066667 0.         0.         0.09551002 0.         0.
  0.         0.         0.05797481 0.         0.         0.
  0.17066667 0.         0.07261868 0.17066667 0.         0.
  0.         0.         0.         0.         0.         0.
  0.         0.09551002 0.         0.         0.         0.
  0.09551002 0.         0.17066667 0.         0.         0.
  0.         0.         0.17066667 0.         0.         0.
  0.09551002 0.         0.         0.         0.         0.09551002
  0.         0.         0.         0.         0.         0.
  0.         0.         0.         0.         0.         0.
  0.09551002 0.         0.         0.07757377 0.03820401 0.
  0.         0.09551002 0.8        0.04775501 0.         0.
  0.09551002 0.         0.         0.         0.         0.
  0.         0.09551002 0.09551002 0.         0.         0.17066667
  0.         0.17066667 0.         0.09551002 0.8        0.
  0.         0.         0.         0.         0.         0.0560429
  0.         0.17066667 0.         0.         0.         0.06664854
  0.09551002 0.         0.         0.17066667 0.21333333 0.
  0.         0.         0.         0.17066667 0.17066667 0.
  0.         0.         0.         0.         0.         0.
  0.         0.         0.         0.         0.         0.
  0.         0.         0.09551002 0.         0.         0.09551002
  0.17066667 0.50585792 0.         0.         0.         0.09551002
  0.         0.         0.         0.         0.         0.
  0.17066667 0.         0.         0.         0.         0.03604308
  0.         0.04715967 0.         0.         0.         0.
  0.         0.         0.17066667 0.         0.09551002 0.17066667
  0.         0.         0.17066667 0.06157985 0.17066667 0.
  0.         0.         0.17066667 0.         0.         0.
  0.         0.         0.09551002 0.         0.         0.
  0.09551002 0.         0.         0.07757377 0.09551002 0.
  0.         0.07757377 0.         0.         0.         0.
  0.05797481 0.         0.         0.         0.09551002 0.09551002
  0.17066667 0.         0.09551002 0.         0.09551002 0.17066667
  0.09551002 0.         0.         0.         0.         0.07757377
  0.09551002 0.         0.         0.         0.         0.09551002
  0.         0.         0.09551002 0.17066667 0.09551002 0.09551002
  0.         0.         0.09551002 0.07757377 0.         0.43878689
  0.         0.         0.09551002 0.         0.0600718  0.
  0.07757377 0.         0.04715967 0.04715967 0.03820401 0.
  0.         0.         0.         0.17066667 0.         0.
  0.         0.         0.08406435 0.         0.43878689 0.
  0.         0.         0.         0.         0.         0.
  0.         0.17066667 0.         0.07757377 1.         0.
  0.         0.17066667 0.         0.         0.         0.
  0.         0.         0.         0.         0.09551002 0.07580712
  0.         0.         0.         0.         0.         0.
  0.         0.17066667 0.17066667 0.         0.         0.
  0.         0.         0.         0.         0.         0.
  0.09551002 0.09551002 0.         0.         0.         0.
  0.         0.         0.         0.         0.         0.06380935
  0.17066667 0.         0.         0.         0.         0.
  0.        ]]"
"[[0.         0.         0.         0.         0.         0.
  0.         0.         0.         0.         0.         0.
  0.         0.         0.         0.         0.         0.
  0.         0.         0.         0.         0.         0.
  0.         0.         0.         0.         0.         0.
  0.         0.         0.         0.         0.         0.
  0.         0.         0.19438697 0.         0.         0.
  0.         0.         0.         0.         0.         0.
  0.         0.         0.         0.         0.         0.
  0.         0.         0.         0.         0.         0.
  0.         0.         0.         0.         0.         0.
  0.         0.         0.         0.8        0.         0.
  0.         0.         0.         0.         0.         0.
  0.         0.         0.         0.         0.         0.
  0.         0.         0.         0.         0.         0.
  0.         0.         0.         0.         0.         0.
  0.         0.         0.         0.         0.         0.
  0.         0.         0.         0.         0.         0.
  0.         0.         0.         0.         0.         0.
  0.         0.         0.         0.         0.         0.
  0.         0.         0.         0.         0.         0.
  0.         0.         0.         0.         0.         0.
  0.         0.         0.09806852 0.         0.         0.
  0.         0.         0.         0.         0.         0.
  0.         0.         0.         0.         0.         0.
  0.         0.         0.         0.         0.         0.
  0.         0.         0.         0.         0.         0.
  0.         0.         0.         0.         0.         0.
  0.         0.         0.         0.         0.         0.
  0.         0.         0.         0.         0.         0.
  0.         0.         0.         0.         0.         0.
  0.         0.         0.         0.         0.         0.
  0.         0.         0.         0.         0.         0.
  0.         0.         0.         0.         0.         0.
  0.         0.         0.         0.         0.         0.
  0.         0.         0.         0.         0.         0.06723239
  0.         0.         0.         0.         0.         0.
  0.         0.         0.         0.         0.         0.
  0.         0.         0.         0.         0.         0.
  0.         0.         0.         0.         0.         0.
  0.         0.         0.         0.         0.         0.
  0.         0.         0.         0.         0.         0.
  0.         0.         0.         0.         0.         0.
  0.         0.         0.         0.         0.         0.20904822
  0.         0.         0.         0.         0.         0.
  0.         0.         0.         0.         0.         0.
  0.         0.36539957 0.         0.         0.         0.
  0.         0.         0.         0.19438697 0.         0.
  0.         0.         0.         0.         0.         0.
  0.         0.         0.         0.         0.10071935 0.
  0.         0.         0.         0.         0.         0.
  0.         0.         0.         0.         0.         0.
  0.         0.         0.         0.         0.         0.
  0.         0.         0.         0.         0.         0.
  0.         0.         0.         0.         0.         0.
  0.         0.         0.         0.         0.         0.
  0.         0.         0.         0.         0.         0.
  0.06723239 0.         0.         0.         0.         0.
  0.         0.06723239 0.         0.         0.         0.
  0.         0.         0.         0.         0.         0.
  0.         0.20789674 0.         0.         0.         0.
  0.         0.         0.         0.         0.         0.
  0.         0.         0.         0.         0.         0.
  0.         0.         0.         0.         0.         0.
  0.         0.         0.         0.         0.         0.
  0.         0.         0.         0.         0.         0.
  0.         0.         0.         0.         0.         0.
  0.         0.         0.         0.         0.         0.
  0.         0.36539957 0.         0.24642667 0.         0.
  0.         0.         0.         0.         0.         1.
  0.         0.         0.         0.         0.         0.
  0.         0.         0.         0.         0.         0.
  0.         0.36539957 0.         0.         0.         0.
  0.         0.         0.         0.         0.         0.
  0.         0.         0.         0.         0.         0.
  0.         0.         0.20257189 0.         0.         0.10888067
  0.         0.         0.         0.         0.         0.
  0.         0.         0.         0.         0.         0.
  0.        ]]"
"[[0.         0.         0.         0.         0.         0.
  0.         0.         0.         0.         0.         0.
  0.         0.         0.         0.         0.         0.
  0.         0.24340553 0.42060053 0.         0.22135876 0.
  0.         0.         0.         0.         0.         0.
  0.         0.         0.         0.35662082 0.         0.
  0.         0.         0.         0.         0.         0.23890145
  0.11642134 0.         0.         0.         0.         0.
  0.         0.         0.         0.         0.         0.
  0.         0.         0.         0.         0.         0.
  0.         0.         0.         0.         0.         0.
  0.         0.         0.23909274 0.         0.         0.
  0.         0.         0.         0.         0.         0.
  0.         0.         0.         0.         0.         0.
  0.         0.         0.         0.         0.         0.
  0.37931956 0.         0.11642238 0.         0.1973131  0.
  0.         0.         0.         0.         0.         0.
  0.         0.         0.         0.         0.         0.41628774
  0.         0.         0.         0.         0.         0.
  0.         0.         0.         0.         0.         0.
  0.         0.         0.         0.         0.         0.
  0.         0.         0.         0.         0.         0.
  0.         0.         0.         0.8        0.         0.
  0.         0.         0.         0.         0.         0.
  0.         0.         0.         0.         0.         0.
  0.11616291 0.         0.         0.         0.         0.
  0.         0.         0.         0.         0.         0.
  0.         0.         0.         0.40787782 0.         0.
  0.         0.         0.         0.         0.         0.
  0.         0.         0.         0.         0.         0.
  0.         0.         0.         0.         0.         0.
  0.         0.         0.         0.         0.         0.
  0.         0.         0.         0.         0.         0.
  0.         0.         0.         0.         0.11581779 0.
  0.         0.         0.         0.         0.         0.
  0.         0.         0.         0.         0.         0.
  0.         0.         0.         0.         0.         0.
  0.         0.         0.         0.         0.         0.
  0.         0.         0.         0.         0.         0.
  0.         0.         0.         0.         0.         0.
  0.         0.         0.         0.         0.         0.
  0.         0.         0.         0.         0.         0.
  0.         0.         0.         0.         0.         0.
  0.         0.         0.         0.         0.         0.
  0.         0.         0.         0.         0.         0.
  0.         0.1169382  0.         0.         0.         0.11721756
  0.         0.         0.         0.         0.         0.
  0.         0.         0.         0.         0.         0.
  0.         0.         0.         0.         0.         0.
  0.         0.         0.         0.         0.         0.
  0.         0.         0.         0.         0.         0.
  0.         0.         0.         0.         0.         0.
  0.         0.         0.         0.         0.         0.
  0.         0.11392539 0.         0.         0.         0.
  0.         0.11728332 0.         0.         0.         0.11644928
  0.         0.         0.         0.         0.         0.
  0.         0.         0.         0.         0.         0.
  0.         0.         0.         0.         0.         0.
  0.         0.         0.         0.         0.         0.
  0.         0.         0.         0.         0.         0.
  0.         0.         0.         0.         0.         0.
  0.         0.15521844 0.         0.         0.         0.
  0.         0.         0.         0.         0.         0.
  0.         0.         0.         0.         0.         0.
  0.1163574  0.         0.         0.         0.         0.
  0.         0.         0.         0.         0.         0.
  0.         0.         0.         0.         0.         0.
  0.         0.         0.         0.         0.         0.
  0.         0.         0.         0.         0.         0.
  0.         0.         0.         0.         0.         0.
  1.         0.         0.         0.         0.         0.
  0.         0.         0.         0.         0.         0.
  0.         0.         0.         0.         0.         0.1162089
  0.         0.         0.         0.         0.         0.
  0.         0.         0.         0.         0.         0.
  0.         0.         0.         0.         0.         0.
  0.         0.         0.         0.         0.         0.
  0.         0.         0.         0.         0.         0.
  0.        ]]"
"[[0.         0.         0.         0.         0.         0.
  0.         0.         0.         0.         0.         0.
  0.         0.         0.         0.8        0.         0.08533333
  0.         0.         0.         0.         0.         0.
  0.         0.         0.8        0.8        0.         0.
  0.64       0.         0.         0.         0.         0.
  0.         0.         0.         0.8        0.         0.
  0.         0.8        0.         0.         0.         0.
  0.         0.         0.64       0.         0.         0.
  0.         0.256      0.         0.         0.         0.
  0.256      0.128      0.8        0.         0.         0.
  0.         0.         0.         0.         0.         0.256
  0.         0.         0.8        0.         0.         0.
  0.         0.         0.         0.         0.         0.
  0.         0.         0.         0.         0.         0.
  0.         0.256      0.         0.         0.         0.
  0.         0.         0.256      0.         0.         0.
  0.         0.192      0.         0.         0.256      0.
  0.         0.         0.         0.21333333 0.07893333 0.
  0.07893333 0.         0.         0.128      0.         0.128
  0.         0.         0.         0.         0.         0.256
  0.         0.64       0.         0.         0.         0.
  0.         0.         0.         0.         0.         0.256
  0.256      0.         0.         0.         0.         0.
  0.256      0.         0.         0.8        0.         0.
  0.         0.08533333 0.         0.         0.         0.21333333
  0.64       0.         0.         0.256      0.         0.
  0.         0.         0.07893333 0.         0.         0.
  0.8        0.         0.08533333 0.8        0.         0.
  0.         0.         0.         0.         0.         0.
  0.         0.256      0.         0.         0.         0.
  0.256      0.         0.8        0.         0.         0.
  0.         0.         0.64       0.         0.         0.
  0.256      0.         0.         0.         0.         0.256
  0.         0.         0.         0.         0.         0.
  0.         0.         0.         0.         0.         0.
  0.256      0.         0.         0.21333333 0.         0.
  0.         0.256      0.17066667 0.128      0.         0.
  0.256      0.         0.         0.         0.         0.
  0.         0.256      0.256      0.         0.         0.64
  0.         0.8        0.         0.256      0.17066667 0.
  0.         0.         0.         0.         0.         0.11377778
  0.         0.8        0.         0.         0.         0.128
  0.256      0.         0.         0.8        0.05688889 0.
  0.         0.         0.         0.8        0.64       0.
  0.         0.         0.         0.         0.         0.
  0.         0.         0.         0.         0.         0.
  0.         0.         0.256      0.         0.         0.256
  0.64       0.18488889 0.         0.         0.         0.256
  0.         0.         0.         0.         0.         0.
  0.64       0.         0.         0.         0.         0.03754667
  0.         0.03413333 0.         0.         0.         0.
  0.         0.         0.8        0.         0.256      0.8
  0.         0.         0.64       0.09386667 0.64       0.
  0.         0.         0.8        0.         0.         0.
  0.         0.         0.256      0.         0.         0.
  0.256      0.         0.         0.21333333 0.256      0.
  0.         0.21333333 0.         0.         0.         0.
  0.07893333 0.         0.         0.         0.256      0.256
  0.8        0.         0.256      0.         0.256      0.8
  0.256      0.         0.         0.         0.         0.21333333
  0.256      0.         0.         0.         0.         0.256
  0.         0.         0.256      0.8        0.256      0.256
  0.         0.         0.256      0.21333333 0.         0.192
  0.         0.         0.256      0.         0.06257778 0.
  0.21333333 0.         0.03413333 0.03413333 0.         0.
  0.         0.         0.         0.72       0.         0.
  0.         0.         0.17066667 0.         0.192      0.
  0.         0.         0.         0.         0.         0.
  0.         0.64       0.         0.21333333 0.17066667 0.
  0.         1.         0.         0.         0.         0.
  0.         0.         0.         0.         0.256      0.15847619
  0.         0.         0.         0.         0.         0.
  0.         0.8        0.8        0.         0.         0.
  0.         0.         0.         0.         0.         0.
  0.256      0.256      0.         0.         0.         0.
  0.         0.         0.         0.         0.         0.1152
  0.64       0.         0.         0.         0.         0.
  0.        ]]"
"[[0.         0.         0.         0.         0.         0.
  0.         0.         0.         0.         0.         0.
  0.         0.         0.         0.         0.         0.
  0.1714402  0.         0.         0.1714402  0.         0.
  0.         0.         0.         0.         0.23224838 0.
  0.         0.8        0.         0.         0.         0.
  0.         0.1714402  0.         0.         0.1714402  0.
  0.         0.         0.08216216 0.         0.         0.
  0.         0.         0.         0.         0.         0.
  0.         0.         0.         0.         0.10893427 0.
  0.         0.         0.         0.         0.         0.1714402
  0.         0.         0.         0.         0.         0.
  0.         0.         0.         0.         0.         0.
  0.         0.         0.1714402  0.1714402  0.12318494 0.
  0.         0.         0.         0.18164833 0.         0.1714402
  0.         0.         0.         0.         0.         0.
  0.1714402  0.         0.         0.1714402  0.         0.
  0.         0.         0.         0.         0.         0.
  0.1714402  0.1714402  0.         0.         0.         0.
  0.         0.         0.         0.         0.         0.
  0.         0.         0.07355846 0.         0.         0.
  0.         0.         0.         0.         0.1714402  0.
  0.         0.         0.         0.         0.         0.
  0.         0.         0.         0.10958842 0.1714402  0.
  0.         0.         0.         0.         0.         0.
  0.         0.         0.         0.         0.         0.
  0.         0.         0.         0.         0.         0.1714402
  0.         0.         0.         0.         0.         0.1714402
  0.         0.         0.         0.         0.         0.
  0.         0.1714402  0.         0.         0.         0.
  0.         0.         0.         0.         0.         0.08216216
  0.         0.         0.         0.06050384 0.         0.
  0.         0.         0.         0.         0.         0.
  0.         0.         0.         0.         0.         0.
  0.1714402  0.         0.         0.         0.1714402  0.1714402
  0.         0.         0.         0.         0.         0.
  0.         0.         0.         0.         0.         0.
  0.         0.         0.         0.         0.         0.
  0.         0.         0.         0.         0.         0.
  0.         0.         0.         0.         0.         0.
  0.         0.         0.06159247 0.         0.         0.
  0.1714402  0.         0.         0.         0.1714402  0.
  0.         0.         0.1113546  0.         0.08792336 0.
  0.         0.         0.         0.         0.         0.
  0.         0.         0.         0.         0.         0.
  0.         0.         0.         0.         0.         0.
  0.         0.         0.         0.         0.         0.
  0.         0.         0.         0.         0.         0.
  0.         0.         0.         0.         0.1714402  0.
  0.         0.         0.         0.         0.         0.
  0.         0.         0.1714402  0.         0.05832658 0.
  0.1714402  0.         0.         0.         0.         0.
  0.         0.         0.         0.         0.         0.
  0.         0.         0.         0.         0.         0.
  0.         0.         0.         0.         0.         0.
  0.23224838 0.1714402  0.         0.         0.         0.
  0.         0.1714402  0.1714402  0.         0.         0.
  0.         0.         0.         0.         0.         0.
  0.         0.         0.1714402  0.         0.         0.
  0.         0.1714402  0.         0.         0.         0.
  0.         0.         0.         0.1714402  0.         0.
  0.         0.         0.         0.         0.         0.
  0.         0.         0.         0.         0.         0.
  0.07379787 0.         0.         0.         0.         0.
  0.         0.         0.         0.         0.         0.
  0.         0.1714402  0.         0.         0.         0.
  0.07260461 0.         0.         0.         0.1714402  0.1714402
  0.         0.         0.         0.         0.         0.
  0.         0.         0.         0.         0.         0.
  0.         0.         0.1714402  0.         0.         0.
  0.         0.         1.         0.         0.         0.1714402
  0.         0.         0.1714402  0.         0.         0.
  0.         0.         0.08647354 0.         0.1714402  0.
  0.         0.         0.         0.         0.08647354 0.
  0.         0.         0.         0.         0.         0.
  0.         0.         0.         0.         0.         0.
  0.         0.09585586 0.         0.1714402  0.         0.
  0.         0.         0.         0.         0.0988269  0.
  0.        ]]"
"[[0.         0.         0.         0.         0.         0.
  0.         0.         0.         0.         0.         0.
  0.         0.         0.64       0.         0.39229413 0.
  0.         0.         0.         0.         0.         0.33244119
  0.         0.         0.         0.         0.         0.
  0.         0.         0.         0.         0.17043872 0.15288238
  0.44519629 0.         0.         0.         0.         0.
  0.         0.         0.         0.         0.53409874 0.64
  0.29903933 0.64       0.         0.         0.17043872 0.35113562
  0.15288238 0.         0.18604718 0.         0.         0.27974558
  0.         0.         0.         0.         0.         0.
  0.64       0.         0.         0.         0.         0.
  0.         0.44519629 0.         0.         0.44519629 0.35958374
  0.         0.35113562 0.         0.         0.         0.39644119
  0.         0.         0.41269289 0.         0.         0.
  0.         0.         0.         0.44519629 0.         0.
  0.         0.         0.         0.         0.64       0.15288238
  0.27302556 0.         0.         0.         0.         0.
  0.         0.         0.44519629 0.         0.         0.44519629
  0.         0.         0.53409874 0.         0.         0.
  0.27743458 0.64       0.         0.44519629 0.         0.
  0.16524586 0.         0.20305623 0.         0.         0.46526996
  0.22394201 0.16524586 0.         0.         0.         0.
  0.         0.46821907 0.34433176 0.         0.         0.64
  0.         0.16524586 0.25945255 0.         0.64       0.64
  0.         0.         0.20029674 0.44519629 0.35958374 0.
  0.         0.21680308 0.18548975 0.         0.         0.
  0.32874686 0.64       0.         0.         0.         0.
  0.         0.14873826 0.         0.         0.49281874 0.64
  0.44519629 0.         0.36440154 0.44519629 0.         0.27181922
  0.44519629 0.         0.38411653 0.23334155 0.44519629 0.
  0.         0.         0.         0.         0.         0.31091953
  0.3418325  0.         0.         0.         0.53409874 0.
  0.         0.         0.         0.15288238 0.         0.
  0.         0.         0.64       0.8        0.         0.
  0.2284161  0.44519629 0.64       0.         0.33097328 0.
  0.         0.         0.44519629 0.         0.         0.
  0.39351439 0.         0.         0.         0.         0.35958374
  0.         0.64       0.         0.17043872 0.21680308 0.
  0.15288238 0.         0.         0.         0.         0.
  0.         0.         0.         0.         0.         0.35958374
  0.         0.23079213 0.64       0.34433176 0.         0.
  0.44519629 0.         0.         0.         0.         0.
  0.         0.15288238 0.         0.         0.         0.
  0.35958374 0.         0.8        0.         0.         0.
  0.         0.         0.34433176 0.64       0.         0.
  0.32874686 0.         0.44519629 0.         0.2815388  0.44519629
  0.15288238 0.12566528 0.         0.         0.21680308 0.
  0.         0.         0.         0.44519629 0.         0.
  0.         0.25487425 0.         0.36805328 0.         0.
  0.         0.39644119 0.         0.         0.         0.
  0.         0.         0.64       0.16524586 0.         0.64
  0.15288238 0.14292334 0.         0.16524586 0.         0.
  0.36440154 0.         0.         0.         0.         0.24508734
  0.22752403 0.         0.         0.44519629 0.         0.
  0.         0.         0.         0.         0.         0.21680308
  0.         0.         0.         0.         0.         0.56939916
  0.         0.         0.         0.         0.21967129 0.
  0.         0.         0.         0.28819341 0.         0.
  0.         0.         0.         0.3418325  0.         0.
  0.         0.         0.         0.         0.         0.
  0.         0.         0.         0.44519629 0.         0.
  0.64       0.64       0.         0.         0.         0.
  0.         0.29723816 0.         0.         0.         0.
  0.         0.         0.         0.         0.         0.64
  0.         0.         0.         0.         0.         0.
  0.         0.         0.         0.         0.         0.
  0.39758727 0.         0.         0.         0.         0.
  0.16524586 0.         0.24266179 0.         0.         0.2049482
  0.34433176 0.         0.         0.         0.         0.
  0.         0.         0.         1.         0.39351439 0.
  0.16524586 0.33244119 0.         0.         0.         0.
  0.44519629 0.         0.         0.         0.         0.
  0.34433176 0.         0.         0.15288238 0.         0.
  0.         0.         0.         0.         0.44519629 0.29903933
  0.         0.         0.         0.44519629 0.44519629 0.
  0.44519629 0.         0.64       0.         0.         0.
  0.         0.         0.         0.         0.         0.
  0.        ]]"
"[[0.         0.         0.         0.         0.         0.
  0.         0.         0.         0.         0.         0.
  0.         0.         0.39351439 0.         0.30608398 0.
  0.         0.         0.         0.         0.         0.27036877
  0.         0.         0.         0.         0.         0.
  0.         0.         0.         0.         0.16181348 0.16322314
  0.53988372 0.         0.         0.         0.         0.
  0.         0.         0.         0.         0.30527485 0.39351439
  0.35155343 0.39351439 0.         0.         0.16181348 0.28054665
  0.16322314 0.         0.18146351 0.         0.         0.2404857
  0.         0.         0.         0.         0.         0.
  0.39351439 0.         0.         0.         0.         0.
  0.         0.53988372 0.         0.         0.53988372 0.28477742
  0.         0.28054665 0.         0.         0.         0.27836877
  0.         0.         0.36554042 0.         0.         0.
  0.         0.         0.         0.53988372 0.         0.
  0.         0.         0.         0.         0.39351439 0.16322314
  0.23411769 0.         0.         0.         0.         0.
  0.         0.         0.53988372 0.         0.         0.53988372
  0.         0.         0.30527485 0.         0.         0.
  0.23903459 0.39351439 0.         0.53988372 0.         0.
  0.16875189 0.         0.19174978 0.         0.         0.29182181
  0.22620485 0.16875189 0.         0.         0.         0.
  0.         0.3028729  0.27787832 0.         0.         0.39351439
  0.         0.16875189 0.23619772 0.         0.39351439 0.39351439
  0.         0.         0.18993661 0.53988372 0.28477742 0.
  0.         0.1981712  0.18030182 0.         0.         0.
  0.26681741 0.39351439 0.         0.         0.         0.
  0.         0.14560506 0.         0.         0.30447485 0.39351439
  0.53988372 0.         0.2878428  0.53988372 0.         0.21819969
  0.53988372 0.         0.30075734 0.23260228 0.53988372 0.
  0.         0.         0.         0.         0.         0.25630471
  0.53988372 0.         0.         0.         0.30527485 0.
  0.         0.         0.         0.16322314 0.         0.
  0.         0.         0.39351439 0.39351439 0.         0.
  0.22599425 0.53988372 0.39351439 0.         0.26839754 0.
  0.         0.         0.53988372 0.         0.         0.
  0.53988372 0.         0.         0.         0.         0.28477742
  0.         0.39351439 0.         0.16181348 0.1981712  0.
  0.16322314 0.         0.         0.         0.         0.
  0.         0.         0.         0.         0.         0.28477742
  0.         0.2075417  0.39351439 0.27787832 0.         0.
  0.53988372 0.         0.         0.         0.         0.
  0.         0.16322314 0.         0.         0.         0.
  0.28477742 0.         0.39351439 0.         0.         0.
  0.         0.         0.27787832 0.39351439 0.         0.
  0.26681741 0.         0.53988372 0.         0.24480192 0.53988372
  0.16322314 0.13592617 0.         0.         0.1981712  0.
  0.         0.         0.         0.53988372 0.         0.
  0.         0.28818326 0.         0.44940996 0.         0.
  0.         0.27836877 0.         0.         0.         0.
  0.         0.         0.39351439 0.16875189 0.         0.39351439
  0.16322314 0.15247496 0.         0.16875189 0.         0.
  0.2878428  0.         0.         0.         0.         0.22937346
  0.20773031 0.         0.         0.53988372 0.         0.
  0.         0.         0.         0.         0.         0.1981712
  0.         0.         0.         0.         0.         0.33468803
  0.         0.         0.         0.         0.20299364 0.
  0.         0.         0.         0.24147431 0.         0.
  0.         0.         0.         0.53988372 0.         0.
  0.         0.         0.         0.         0.         0.
  0.         0.         0.         0.53988372 0.         0.
  0.39351439 0.39351439 0.         0.         0.         0.
  0.         0.2406986  0.         0.         0.         0.
  0.         0.         0.         0.         0.         0.39351439
  0.         0.         0.         0.         0.         0.
  0.         0.         0.         0.         0.         0.
  0.26733344 0.         0.         0.         0.         0.
  0.16875189 0.         0.21679596 0.         0.         0.1927651
  0.27787832 0.         0.         0.         0.         0.
  0.         0.         0.         0.39351439 1.         0.
  0.16875189 0.27036877 0.         0.         0.         0.
  0.53988372 0.         0.         0.         0.         0.
  0.27787832 0.         0.         0.16322314 0.         0.
  0.         0.         0.         0.         0.53988372 0.35155343
  0.         0.         0.         0.53988372 0.53988372 0.
  0.53988372 0.         0.39351439 0.         0.         0.
  0.         0.         0.         0.         0.         0.
  0.        ]]"
"[[0.         0.         0.         0.         0.         0.
  0.         0.         0.         0.         0.         0.
  0.         0.         0.         0.         0.         0.
  0.8        0.         0.         0.8        0.         0.
  0.         0.         0.         0.         0.18027303 0.
  0.         0.1714402  0.         0.         0.         0.
  0.         0.8        0.         0.         0.8        0.
  0.         0.         0.08535929 0.         0.         0.
  0.         0.         0.         0.         0.         0.
  0.         0.         0.         0.         0.12027214 0.
  0.         0.         0.         0.         0.         0.8
  0.         0.         0.         0.         0.         0.
  0.         0.         0.         0.         0.         0.
  0.         0.         0.8        0.8        0.12856171 0.
  0.         0.         0.         0.16985201 0.         0.8
  0.         0.         0.         0.         0.         0.
  0.8        0.         0.         0.8        0.         0.
  0.         0.         0.         0.         0.         0.
  0.8        0.8        0.         0.         0.         0.
  0.         0.         0.         0.         0.         0.
  0.         0.         0.08526979 0.         0.         0.
  0.         0.         0.         0.         0.8        0.
  0.         0.         0.         0.         0.         0.
  0.         0.         0.         0.11346386 0.8        0.
  0.         0.         0.         0.         0.         0.
  0.         0.         0.         0.         0.         0.
  0.         0.         0.         0.         0.         0.8
  0.         0.         0.         0.         0.         0.8
  0.         0.         0.         0.         0.         0.
  0.         0.8        0.         0.         0.         0.
  0.         0.         0.         0.         0.         0.08535929
  0.         0.         0.         0.07191812 0.         0.
  0.         0.         0.         0.         0.         0.
  0.         0.         0.         0.         0.         0.
  0.8        0.         0.         0.         0.8        0.8
  0.         0.         0.         0.         0.         0.
  0.         0.         0.         0.         0.         0.
  0.         0.         0.         0.         0.         0.
  0.         0.         0.         0.         0.         0.
  0.         0.         0.         0.         0.         0.
  0.         0.         0.06428085 0.         0.         0.
  0.8        0.         0.         0.         0.8        0.
  0.         0.         0.12869422 0.         0.11497495 0.
  0.         0.         0.         0.         0.         0.
  0.         0.         0.         0.         0.         0.
  0.         0.         0.         0.         0.         0.
  0.         0.         0.         0.         0.         0.
  0.         0.         0.         0.         0.         0.
  0.         0.         0.         0.         0.8        0.
  0.         0.         0.         0.         0.         0.
  0.         0.         0.8        0.         0.08719264 0.
  0.8        0.         0.         0.         0.         0.
  0.         0.         0.         0.         0.         0.
  0.         0.         0.         0.         0.         0.
  0.         0.         0.         0.         0.         0.
  0.18027303 0.8        0.         0.         0.         0.
  0.         0.8        0.8        0.         0.         0.
  0.         0.         0.         0.         0.         0.
  0.         0.         0.8        0.         0.         0.
  0.         0.8        0.         0.         0.         0.
  0.         0.         0.         0.8        0.         0.
  0.         0.         0.         0.         0.         0.
  0.         0.         0.         0.         0.         0.
  0.08297931 0.         0.         0.         0.         0.
  0.         0.         0.         0.         0.         0.
  0.         0.8        0.         0.         0.         0.
  0.08630174 0.         0.         0.         0.8        0.8
  0.         0.         0.         0.         0.         0.
  0.         0.         0.         0.         0.         0.
  0.         0.         0.8        0.         0.         0.
  0.         0.         0.1714402  0.         0.         1.
  0.         0.         0.8        0.         0.         0.
  0.         0.         0.09648754 0.         0.8        0.
  0.         0.         0.         0.         0.09648754 0.
  0.         0.         0.         0.         0.         0.
  0.         0.         0.         0.         0.         0.
  0.         0.09958583 0.         0.8        0.         0.
  0.         0.         0.         0.         0.11027147 0.
  0.        ]]"
"[[0.         0.         0.         0.         0.         0.
  0.         0.         0.         0.         0.         0.
  0.         0.         0.16524586 0.         0.20201563 0.
  0.         0.         0.         0.         0.         0.22040051
  0.         0.         0.         0.         0.         0.
  0.         0.         0.         0.         0.164199   0.27555516
  0.19803805 0.         0.         0.         0.         0.
  0.         0.         0.         0.         0.23804702 0.16524586
  0.23679661 0.16524586 0.         0.         0.164199   0.2054654
  0.27555516 0.         0.26024149 0.         0.         0.2391133
  0.         0.         0.         0.         0.         0.
  0.16524586 0.         0.         0.         0.         0.
  0.         0.19803805 0.         0.         0.19803805 0.17635228
  0.         0.2054654  0.         0.         0.         0.22040051
  0.         0.         0.21294636 0.         0.         0.
  0.         0.         0.         0.19803805 0.         0.
  0.         0.         0.         0.         0.16524586 0.27555516
  0.23192342 0.         0.         0.         0.         0.
  0.         0.         0.19803805 0.         0.         0.19803805
  0.         0.         0.23804702 0.         0.         0.
  0.24096231 0.16524586 0.         0.19803805 0.         0.
  0.8        0.         0.24872671 0.         0.         0.22922377
  0.23873017 0.8        0.         0.         0.         0.
  0.         0.22687927 0.18237349 0.         0.         0.16524586
  0.         0.8        0.23251189 0.         0.16524586 0.16524586
  0.         0.         0.25462907 0.19803805 0.17635228 0.
  0.         0.23343399 0.2519991  0.         0.         0.
  0.21012683 0.16524586 0.         0.         0.         0.
  0.         0.17135444 0.         0.         0.218707   0.16524586
  0.19803805 0.         0.19933993 0.19803805 0.         0.53439056
  0.19803805 0.         0.19559979 0.23845935 0.19803805 0.
  0.         0.         0.         0.         0.         0.21552028
  0.13946573 0.         0.         0.         0.23804702 0.
  0.         0.         0.         0.27555516 0.         0.
  0.         0.         0.16524586 0.16524586 0.         0.
  0.23810984 0.19803805 0.16524586 0.         0.20616207 0.
  0.         0.         0.19803805 0.         0.         0.
  0.16875189 0.         0.         0.         0.         0.17635228
  0.         0.16524586 0.         0.164199   0.23343399 0.
  0.27555516 0.         0.         0.         0.         0.
  0.         0.         0.         0.         0.         0.17635228
  0.         0.19340247 0.16524586 0.18237349 0.         0.
  0.19803805 0.         0.         0.         0.         0.
  0.         0.27555516 0.         0.         0.         0.
  0.17635228 0.         0.16524586 0.         0.         0.
  0.         0.         0.18237349 0.16524586 0.         0.
  0.21012683 0.         0.19803805 0.         0.24732868 0.19803805
  0.27555516 0.23938186 0.         0.         0.23343399 0.
  0.         0.         0.         0.19803805 0.         0.
  0.         0.23501211 0.         0.1789225  0.         0.
  0.         0.22040051 0.         0.         0.         0.
  0.         0.         0.16524586 0.8        0.         0.16524586
  0.27555516 0.27105743 0.         0.8        0.         0.
  0.19933993 0.         0.         0.         0.         0.23453714
  0.24229269 0.         0.         0.19803805 0.         0.
  0.         0.         0.         0.         0.         0.23343399
  0.         0.         0.         0.         0.         0.21377997
  0.         0.         0.         0.         0.24316197 0.
  0.         0.         0.         0.20489313 0.         0.
  0.         0.         0.         0.13946573 0.         0.
  0.         0.         0.         0.         0.         0.
  0.         0.         0.         0.19803805 0.         0.
  0.16524586 0.16524586 0.         0.         0.         0.
  0.         0.22133088 0.         0.         0.         0.
  0.         0.         0.         0.         0.         0.16524586
  0.         0.         0.         0.         0.         0.
  0.         0.         0.         0.         0.         0.
  0.32206533 0.         0.         0.         0.         0.
  0.8        0.         0.24797784 0.         0.         0.23567548
  0.18237349 0.         0.         0.         0.         0.
  0.         0.         0.         0.16524586 0.16875189 0.
  1.         0.22040051 0.         0.         0.         0.
  0.19803805 0.         0.         0.         0.         0.
  0.18237349 0.         0.         0.27555516 0.         0.
  0.         0.         0.         0.         0.19803805 0.23679661
  0.         0.         0.         0.19803805 0.19803805 0.
  0.19803805 0.         0.16524586 0.         0.         0.
  0.         0.         0.         0.         0.         0.
  0.        ]]"
"[[0.         0.         0.         0.         0.         0.
  0.         0.         0.         0.         0.         0.
  0.         0.         0.33244119 0.         0.44977452 0.
  0.         0.         0.         0.         0.         0.39644119
  0.         0.         0.         0.         0.         0.
  0.         0.         0.         0.         0.16799476 0.39644119
  0.30504223 0.         0.         0.         0.         0.
  0.         0.         0.         0.         0.29481149 0.33244119
  0.35074171 0.33244119 0.         0.         0.16799476 0.38071278
  0.39644119 0.         0.36678633 0.         0.         0.31043745
  0.         0.         0.         0.         0.         0.
  0.33244119 0.         0.         0.         0.         0.
  0.         0.30504223 0.         0.         0.30504223 0.29710884
  0.         0.38071278 0.         0.         0.         0.36444119
  0.         0.         0.34464154 0.         0.         0.
  0.         0.         0.         0.30504223 0.         0.
  0.         0.         0.         0.         0.33244119 0.47644119
  0.30693169 0.         0.         0.         0.         0.
  0.         0.         0.30504223 0.         0.         0.30504223
  0.         0.         0.29481149 0.         0.         0.
  0.31139529 0.33244119 0.         0.30504223 0.         0.
  0.22040051 0.         0.21074849 0.         0.         0.32962634
  0.32803705 0.22040051 0.         0.         0.         0.
  0.         0.29217797 0.26291713 0.         0.         0.33244119
  0.         0.22040051 0.30498958 0.         0.33244119 0.33244119
  0.         0.         0.37039806 0.30504223 0.29710884 0.
  0.         0.24526047 0.32045347 0.         0.         0.
  0.35813739 0.33244119 0.         0.         0.         0.
  0.         0.16099482 0.         0.         0.33634171 0.33244119
  0.30504223 0.         0.32085083 0.30504223 0.         0.25222189
  0.30504223 0.         0.4116081  0.31123313 0.30504223 0.
  0.         0.         0.         0.         0.         0.37678067
  0.23569531 0.         0.         0.         0.29481149 0.
  0.         0.         0.         0.39644119 0.         0.
  0.         0.         0.33244119 0.33244119 0.         0.
  0.31480908 0.30504223 0.33244119 0.         0.3445345  0.
  0.         0.         0.30504223 0.         0.         0.
  0.27036877 0.         0.         0.         0.         0.29710884
  0.         0.33244119 0.         0.16799476 0.24526047 0.
  0.39644119 0.         0.         0.         0.         0.
  0.         0.         0.         0.         0.         0.29710884
  0.         0.21135318 0.33244119 0.26291713 0.         0.
  0.30504223 0.         0.         0.         0.         0.
  0.         0.39644119 0.         0.         0.         0.
  0.29710884 0.         0.33244119 0.         0.         0.
  0.         0.         0.26291713 0.33244119 0.         0.
  0.35813739 0.         0.30504223 0.         0.31931662 0.30504223
  0.39644119 0.27813929 0.         0.         0.24526047 0.
  0.         0.         0.         0.30504223 0.         0.
  0.         0.32194872 0.         0.28555366 0.         0.
  0.         0.36444119 0.         0.         0.         0.
  0.         0.         0.33244119 0.22040051 0.         0.33244119
  0.39644119 0.31521522 0.         0.22040051 0.         0.
  0.32085083 0.         0.         0.         0.         0.31461483
  0.35135276 0.         0.         0.30504223 0.         0.
  0.         0.         0.         0.         0.         0.24526047
  0.         0.         0.         0.         0.         0.30735473
  0.         0.         0.         0.         0.326442   0.
  0.         0.         0.         0.27118466 0.         0.
  0.         0.         0.         0.23569531 0.         0.
  0.         0.         0.         0.         0.         0.
  0.         0.         0.         0.30504223 0.         0.
  0.33244119 0.33244119 0.         0.         0.         0.
  0.         0.31085247 0.         0.         0.         0.
  0.         0.         0.         0.         0.         0.33244119
  0.         0.         0.         0.         0.         0.
  0.         0.         0.         0.         0.         0.
  0.30099892 0.         0.         0.         0.         0.
  0.22040051 0.         0.38044119 0.         0.         0.33411011
  0.26291713 0.         0.         0.         0.         0.
  0.         0.         0.         0.33244119 0.27036877 0.
  0.22040051 1.         0.         0.         0.         0.
  0.30504223 0.         0.         0.         0.         0.
  0.26291713 0.         0.         0.47644119 0.         0.
  0.         0.         0.         0.         0.30504223 0.35074171
  0.         0.         0.         0.30504223 0.30504223 0.
  0.30504223 0.         0.33244119 0.         0.         0.
  0.         0.         0.         0.         0.         0.
  0.        ]]"
"[[0.         0.         0.         0.         0.         0.
  0.         0.         0.         0.         0.         0.
  0.         0.         0.         0.         0.         0.
  0.8        0.         0.         0.8        0.         0.
  0.         0.         0.         0.         0.18027303 0.
  0.         0.1714402  0.         0.         0.         0.
  0.         0.8        0.         0.         0.8        0.
  0.         0.         0.08535929 0.         0.         0.
  0.         0.         0.         0.         0.         0.
  0.         0.         0.         0.         0.12027214 0.
  0.         0.         0.         0.         0.         0.8
  0.         0.         0.         0.         0.         0.
  0.         0.         0.         0.         0.         0.
  0.         0.         0.8        0.8        0.12856171 0.
  0.         0.         0.         0.16985201 0.         0.8
  0.         0.         0.         0.         0.         0.
  0.8        0.         0.         0.8        0.         0.
  0.         0.         0.         0.         0.         0.
  0.8        0.8        0.         0.         0.         0.
  0.         0.         0.         0.         0.         0.
  0.         0.         0.08526979 0.         0.         0.
  0.         0.         0.         0.         0.8        0.
  0.         0.         0.         0.         0.         0.
  0.         0.         0.         0.11346386 0.8        0.
  0.         0.         0.         0.         0.         0.
  0.         0.         0.         0.         0.         0.
  0.         0.         0.         0.         0.         0.8
  0.         0.         0.         0.         0.         0.8
  0.         0.         0.         0.         0.         0.
  0.         0.8        0.         0.         0.         0.
  0.         0.         0.         0.         0.         0.08535929
  0.         0.         0.         0.07191812 0.         0.
  0.         0.         0.         0.         0.         0.
  0.         0.         0.         0.         0.         0.
  0.8        0.         0.         0.         0.8        0.8
  0.         0.         0.         0.         0.         0.
  0.         0.         0.         0.         0.         0.
  0.         0.         0.         0.         0.         0.
  0.         0.         0.         0.         0.         0.
  0.         0.         0.         0.         0.         0.
  0.         0.         0.06428085 0.         0.         0.
  0.8        0.         0.         0.         0.8        0.
  0.         0.         0.12869422 0.         0.11497495 0.
  0.         0.         0.         0.         0.         0.
  0.         0.         0.         0.         0.         0.
  0.         0.         0.         0.         0.         0.
  0.         0.         0.         0.         0.         0.
  0.         0.         0.         0.         0.         0.
  0.         0.         0.         0.         0.8        0.
  0.         0.         0.         0.         0.         0.
  0.         0.         0.8        0.         0.08719264 0.
  0.8        0.         0.         0.         0.         0.
  0.         0.         0.         0.         0.         0.
  0.         0.         0.         0.         0.         0.
  0.         0.         0.         0.         0.         0.
  0.18027303 0.8        0.         0.         0.         0.
  0.         0.8        0.8        0.         0.         0.
  0.         0.         0.         0.         0.         0.
  0.         0.         0.8        0.         0.         0.
  0.         0.8        0.         0.         0.         0.
  0.         0.         0.         0.8        0.         0.
  0.         0.         0.         0.         0.         0.
  0.         0.         0.         0.         0.         0.
  0.08297931 0.         0.         0.         0.         0.
  0.         0.         0.         0.         0.         0.
  0.         0.8        0.         0.         0.         0.
  0.08630174 0.         0.         0.         0.8        0.8
  0.         0.         0.         0.         0.         0.
  0.         0.         0.         0.         0.         0.
  0.         0.         0.8        0.         0.         0.
  0.         0.         0.1714402  0.         0.         0.8
  0.         0.         1.         0.         0.         0.
  0.         0.         0.09648754 0.         0.8        0.
  0.         0.         0.         0.         0.09648754 0.
  0.         0.         0.         0.         0.         0.
  0.         0.         0.         0.         0.         0.
  0.         0.09958583 0.         0.8        0.         0.
  0.         0.         0.         0.         0.11027147 0.
  0.        ]]"
"[[0.         0.         0.         0.         0.         0.
  0.         0.         0.         0.         0.         0.
  0.         0.         0.         0.         0.         0.
  0.         0.         0.         0.         0.         0.
  0.         0.128      0.         0.         0.         0.
  0.         0.         0.29866667 0.         0.         0.
  0.         0.         0.         0.         0.         0.
  0.         0.         0.         0.         0.         0.
  0.         0.         0.         0.256      0.         0.
  0.         0.         0.         0.64       0.         0.
  0.         0.         0.         0.2048     0.8        0.
  0.         0.         0.         0.         0.29866667 0.
  0.256      0.         0.         0.256      0.         0.
  0.8        0.         0.         0.         0.         0.
  0.64       0.8        0.         0.         0.         0.
  0.         0.         0.         0.         0.         0.8
  0.         0.256      0.         0.         0.         0.
  0.         0.         0.         0.64       0.         0.
  0.         0.         0.         0.         0.         0.
  0.         0.8        0.         0.         0.         0.
  0.         0.         0.         0.         0.         0.
  0.         0.         0.         0.128      0.         0.
  0.         0.         0.         0.         0.         0.
  0.         0.         0.         0.         0.         0.
  0.         0.         0.         0.         0.         0.
  0.         0.         0.         0.         0.         0.
  0.         0.         0.         0.         0.         0.
  0.         0.         0.         0.         0.         0.
  0.         0.         0.         0.         0.         0.
  0.         0.         0.         0.         0.64       0.
  0.         0.         0.         0.         0.         0.
  0.         0.         0.         0.         0.         0.
  0.         0.64       0.         0.         0.         0.
  0.         0.128      0.         0.         0.         0.
  0.         0.2048     0.         0.         0.         0.
  0.         0.         0.         0.8        0.         0.
  0.         0.04266667 0.         0.         0.         0.
  0.         0.         0.         0.         0.         0.
  0.         0.         0.2048     0.         0.         0.04266667
  0.         0.         0.         0.64       0.         0.
  0.         0.         0.         0.         0.         0.
  0.         0.         0.         0.         0.         0.
  0.         0.         0.         0.         0.         0.
  0.         0.         0.         0.         0.         0.
  0.         0.         0.         0.         0.         0.64
  0.         0.         0.         0.         0.2048     0.
  0.         0.         0.         0.8        0.         0.
  0.         0.         0.         0.         0.         0.
  0.         0.         0.64       0.         0.         0.
  0.04266667 0.         0.         0.         0.         0.29866667
  0.         0.         0.         0.64       0.         0.
  0.         0.         0.         0.         0.64       0.
  0.         0.         0.         0.         0.         0.
  0.         0.         0.         0.         0.         0.
  0.         0.         0.         0.         0.29866667 0.
  0.         0.         0.         0.         0.04266667 0.
  0.         0.         0.         0.         0.         0.
  0.         0.         0.         0.256      0.         0.
  0.         0.         0.         0.         0.         0.
  0.         0.         0.         0.         0.         0.
  0.         0.         0.64       0.         0.256      0.
  0.         0.         0.64       0.         0.         0.
  0.         0.         0.         0.         0.         0.
  0.         0.         0.         0.         0.         0.
  0.         0.256      0.         0.2048     0.         0.
  0.         0.         0.         0.         0.         0.64
  0.         0.         0.         0.         0.         0.
  0.         0.         0.         0.2048     0.         0.64
  0.         0.         0.         0.         0.         0.
  0.         0.         0.         0.         0.         0.
  0.         0.         0.         0.         0.         0.
  0.         0.         0.         1.         0.         0.
  0.         0.         0.         0.64       0.         0.
  0.         0.         0.         0.         0.         0.
  0.64       0.64       0.         0.         0.         0.
  0.         0.         0.         0.         0.         0.
  0.         0.         0.         0.         0.64       0.
  0.         0.64       0.2048     0.256      0.         0.
  0.        ]]"
"[[0.         0.         0.         0.         0.         0.
  0.         0.         0.         0.         0.         0.
  0.         0.         0.         0.256      0.         0.09014012
  0.         0.         0.         0.         0.         0.
  0.         0.         0.256      0.256      0.         0.
  0.256      0.         0.         0.         0.         0.
  0.         0.         0.         0.256      0.         0.
  0.         0.256      0.         0.         0.         0.
  0.         0.         0.256      0.         0.         0.
  0.         0.64       0.         0.         0.         0.
  0.64       0.34253503 0.256      0.         0.         0.
  0.         0.         0.         0.         0.         0.64
  0.         0.         0.256      0.         0.         0.
  0.         0.         0.         0.         0.         0.
  0.         0.         0.         0.         0.         0.
  0.         0.64       0.         0.         0.         0.
  0.         0.         0.64       0.         0.         0.
  0.         0.09551002 0.         0.         0.64       0.
  0.         0.         0.         0.09551002 0.04868355 0.
  0.04868355 0.         0.         0.06248139 0.         0.06248139
  0.         0.         0.         0.         0.         0.64
  0.         0.256      0.         0.         0.         0.
  0.         0.         0.         0.         0.         0.64
  0.8        0.         0.         0.         0.         0.
  0.64       0.         0.         0.256      0.         0.
  0.         0.09014012 0.         0.         0.         0.09551002
  0.256      0.         0.         0.64       0.         0.
  0.         0.         0.04868355 0.         0.         0.
  0.256      0.         0.09014012 0.256      0.         0.
  0.         0.         0.         0.         0.         0.
  0.         0.8        0.         0.         0.         0.
  0.72       0.         0.256      0.         0.         0.
  0.         0.         0.256      0.         0.         0.
  0.64       0.         0.         0.         0.         0.64
  0.         0.         0.         0.         0.         0.
  0.         0.         0.         0.         0.         0.
  0.64       0.         0.         0.09551002 0.         0.
  0.         0.8        0.09551002 0.32       0.         0.
  0.64       0.         0.         0.         0.         0.
  0.         0.64       0.8        0.         0.         0.256
  0.         0.256      0.         0.8        0.09551002 0.
  0.         0.         0.         0.         0.         0.24338004
  0.         0.256      0.         0.         0.         0.34253503
  0.64       0.         0.         0.256      0.03183667 0.
  0.         0.         0.         0.256      0.256      0.
  0.         0.         0.         0.         0.         0.
  0.         0.         0.         0.         0.         0.
  0.         0.         0.64       0.         0.         0.64
  0.256      0.09551002 0.         0.         0.         0.64
  0.         0.         0.         0.         0.         0.
  0.256      0.         0.         0.         0.         0.02645056
  0.         0.03295268 0.         0.         0.         0.
  0.         0.         0.256      0.         0.64       0.256
  0.         0.         0.256      0.05392717 0.256      0.
  0.         0.         0.256      0.         0.         0.
  0.         0.         0.8        0.         0.         0.
  0.8        0.         0.         0.09551002 0.8        0.
  0.         0.09551002 0.         0.         0.         0.
  0.04868355 0.         0.         0.         0.64       0.64
  0.256      0.         0.8        0.         0.8        0.256
  0.64       0.         0.         0.         0.         0.09551002
  0.8        0.         0.         0.         0.         0.64
  0.         0.         0.64       0.256      0.64       0.8
  0.         0.         0.8        0.09551002 0.         0.09551002
  0.         0.         0.64       0.         0.04408427 0.
  0.09551002 0.         0.03295268 0.03295268 0.         0.
  0.         0.         0.         0.256      0.         0.
  0.         0.         0.36507006 0.         0.09551002 0.
  0.         0.         0.         0.         0.         0.
  0.         0.256      0.         0.09551002 0.09551002 0.
  0.         0.256      0.         0.         0.         0.
  0.         0.         0.         0.         1.         0.40788717
  0.         0.         0.         0.         0.         0.
  0.         0.256      0.256      0.         0.         0.
  0.         0.         0.         0.         0.         0.
  0.64       0.8        0.         0.         0.         0.
  0.         0.         0.         0.         0.         0.06102698
  0.256      0.         0.         0.         0.         0.
  0.        ]]"
"[[0.         0.         0.         0.         0.         0.
  0.         0.         0.         0.         0.         0.
  0.         0.         0.         0.15847619 0.         0.2104932
  0.         0.         0.         0.         0.         0.
  0.         0.         0.15847619 0.15847619 0.         0.17062372
  0.15847619 0.         0.         0.         0.         0.
  0.         0.         0.         0.15847619 0.         0.
  0.         0.15847619 0.         0.         0.         0.
  0.         0.         0.15847619 0.         0.         0.
  0.         0.40788717 0.         0.         0.         0.
  0.40788717 0.30033717 0.15847619 0.         0.         0.
  0.         0.         0.         0.         0.         0.40788717
  0.         0.         0.15847619 0.         0.         0.
  0.         0.         0.         0.         0.         0.
  0.         0.         0.         0.         0.         0.
  0.         0.40788717 0.         0.         0.         0.
  0.         0.         0.40788717 0.         0.         0.
  0.         0.08316811 0.17062372 0.         0.40788717 0.
  0.         0.         0.         0.09052911 0.04345711 0.
  0.04345711 0.         0.         0.05923678 0.         0.05923678
  0.         0.         0.         0.         0.         0.40788717
  0.         0.15847619 0.         0.         0.         0.
  0.         0.         0.         0.         0.         0.40788717
  0.40788717 0.         0.         0.         0.         0.
  0.40788717 0.         0.         0.15847619 0.         0.
  0.         0.2104932  0.         0.         0.         0.09052911
  0.15847619 0.         0.         0.40788717 0.         0.
  0.         0.         0.04345711 0.         0.03809524 0.
  0.15847619 0.         0.2104932  0.15847619 0.         0.
  0.         0.         0.         0.         0.         0.
  0.         0.40788717 0.         0.         0.         0.
  0.40788717 0.         0.15847619 0.         0.         0.
  0.         0.         0.15847619 0.         0.         0.07619048
  0.40788717 0.         0.         0.         0.         0.40788717
  0.         0.         0.         0.         0.         0.
  0.         0.         0.         0.         0.         0.
  0.40788717 0.         0.         0.09052911 0.17062372 0.
  0.         0.40788717 0.07580712 0.20394358 0.         0.
  0.40788717 0.         0.         0.         0.         0.
  0.         0.40788717 0.40788717 0.         0.         0.15847619
  0.         0.15847619 0.         0.40788717 0.07580712 0.
  0.         0.         0.         0.         0.         0.20612679
  0.         0.15847619 0.         0.         0.         0.30033717
  0.40788717 0.         0.         0.15847619 0.05066587 0.
  0.         0.         0.         0.15847619 0.15847619 0.
  0.         0.         0.         0.         0.         0.
  0.         0.         0.         0.         0.         0.
  0.         0.         0.40788717 0.         0.         0.40788717
  0.15847619 0.08071445 0.         0.         0.         0.40788717
  0.         0.         0.         0.         0.         0.
  0.15847619 0.         0.         0.         0.         0.03815643
  0.         0.03065857 0.         0.         0.         0.
  0.         0.         0.15847619 0.         0.40788717 0.15847619
  0.         0.         0.15847619 0.0477233  0.15847619 0.
  0.         0.         0.15847619 0.         0.         0.
  0.         0.         0.40788717 0.         0.         0.
  0.40788717 0.         0.         0.09052911 0.40788717 0.
  0.         0.09052911 0.         0.         0.         0.
  0.04345711 0.         0.         0.         0.40788717 0.40788717
  0.15847619 0.         0.40788717 0.         0.40788717 0.15847619
  0.40788717 0.         0.         0.         0.         0.09052911
  0.40788717 0.         0.         0.         0.         0.40788717
  0.         0.         0.40788717 0.15847619 0.40788717 0.40788717
  0.         0.         0.40788717 0.09052911 0.         0.08316811
  0.         0.         0.40788717 0.         0.03819722 0.
  0.09052911 0.         0.03065857 0.03065857 0.17062372 0.
  0.         0.         0.         0.15847619 0.         0.
  0.         0.         0.30919018 0.         0.08316811 0.
  0.         0.         0.         0.         0.07619048 0.
  0.         0.15847619 0.         0.09052911 0.07580712 0.
  0.         0.15847619 0.         0.         0.         0.
  0.         0.         0.         0.         0.40788717 1.
  0.         0.         0.         0.         0.         0.
  0.         0.15847619 0.15847619 0.         0.         0.
  0.         0.         0.         0.         0.         0.
  0.40788717 0.40788717 0.         0.         0.         0.
  0.         0.         0.         0.         0.         0.0536466
  0.15847619 0.         0.         0.         0.         0.
  0.        ]]"
"[[0.         0.         0.         0.         0.         0.
  0.         0.         0.         0.         0.         0.
  0.         0.         0.44519629 0.         0.34109358 0.
  0.         0.         0.         0.         0.         0.30504223
  0.         0.         0.         0.         0.         0.
  0.         0.         0.         0.         0.16722223 0.19688817
  0.8        0.         0.         0.         0.         0.
  0.         0.         0.         0.         0.35217833 0.44519629
  0.49844408 0.44519629 0.         0.         0.16722223 0.31392908
  0.19688817 0.         0.21882826 0.         0.         0.27036244
  0.         0.         0.         0.         0.         0.
  0.44519629 0.         0.         0.         0.         0.
  0.         0.8        0.         0.         0.8        0.30559631
  0.         0.31392908 0.         0.         0.         0.32104223
  0.         0.         0.48069482 0.         0.         0.
  0.         0.         0.         0.8        0.         0.
  0.         0.         0.         0.         0.44519629 0.19688817
  0.27244033 0.         0.         0.         0.         0.
  0.         0.         0.8        0.         0.         0.8
  0.         0.         0.35217833 0.         0.         0.
  0.26934124 0.44519629 0.         0.8        0.         0.
  0.19803805 0.         0.21273726 0.         0.         0.33661028
  0.23367679 0.19803805 0.         0.         0.         0.
  0.         0.34800769 0.30330801 0.         0.         0.44519629
  0.         0.19803805 0.25181577 0.         0.44519629 0.44519629
  0.         0.         0.22385962 0.8        0.30559631 0.
  0.         0.23221395 0.2088635  0.         0.         0.
  0.30030989 0.44519629 0.         0.         0.         0.
  0.         0.15772201 0.         0.         0.35121833 0.44519629
  0.8        0.         0.32270512 0.8        0.         0.25781531
  0.8        0.         0.33221926 0.2599427  0.8        0.
  0.         0.         0.         0.         0.         0.28911228
  0.27976745 0.         0.         0.         0.35217833 0.
  0.         0.         0.         0.19688817 0.         0.
  0.         0.         0.44519629 0.44519629 0.         0.
  0.25335758 0.8        0.44519629 0.         0.3007382  0.
  0.         0.         0.8        0.         0.         0.
  0.53988372 0.         0.         0.         0.         0.30559631
  0.         0.44519629 0.         0.16722223 0.23221395 0.
  0.19688817 0.         0.         0.         0.         0.
  0.         0.         0.         0.         0.         0.30559631
  0.         0.22204062 0.44519629 0.30330801 0.         0.
  0.8        0.         0.         0.         0.         0.
  0.         0.19688817 0.         0.         0.         0.
  0.30559631 0.         0.44519629 0.         0.         0.
  0.         0.         0.30330801 0.44519629 0.         0.
  0.30030989 0.         0.8        0.         0.26506675 0.8
  0.19688817 0.16938025 0.         0.         0.23221395 0.
  0.         0.         0.         0.8        0.         0.
  0.         0.3976032  0.         0.4551134  0.         0.
  0.         0.32104223 0.         0.         0.         0.
  0.         0.         0.44519629 0.19803805 0.         0.44519629
  0.19688817 0.18448348 0.         0.19803805 0.         0.
  0.32270512 0.         0.         0.         0.         0.26945262
  0.23880605 0.         0.         0.8        0.         0.
  0.         0.         0.         0.         0.         0.23221395
  0.         0.         0.         0.         0.         0.38318432
  0.         0.         0.         0.         0.23220332 0.
  0.         0.         0.         0.26890513 0.         0.
  0.         0.         0.         0.27976745 0.         0.
  0.         0.         0.         0.         0.         0.
  0.         0.         0.         0.8        0.         0.
  0.44519629 0.44519629 0.         0.         0.         0.
  0.         0.27067282 0.         0.         0.         0.
  0.         0.         0.         0.         0.         0.44519629
  0.         0.         0.         0.         0.         0.
  0.         0.         0.         0.         0.         0.
  0.31138062 0.         0.         0.         0.         0.
  0.19803805 0.         0.2509652  0.         0.         0.22037888
  0.30330801 0.         0.         0.         0.         0.
  0.         0.         0.         0.44519629 0.53988372 0.
  0.19803805 0.30504223 0.         0.         0.         0.
  1.         0.         0.         0.         0.         0.
  0.30330801 0.         0.         0.19688817 0.         0.
  0.         0.         0.         0.         0.8        0.49844408
  0.         0.         0.         0.8        0.8        0.
  0.8        0.         0.44519629 0.         0.         0.
  0.         0.         0.         0.         0.         0.
  0.        ]]"
"[[0.         0.         0.         0.         0.         0.
  0.         0.         0.         0.         0.         0.
  0.         0.         0.         0.         0.         0.
  0.         0.         0.         0.         0.         0.
  0.         0.         0.         0.         0.         0.
  0.         0.         0.         0.         0.         0.
  0.         0.         0.19129101 0.         0.         0.
  0.         0.         0.         0.         0.         0.
  0.         0.         0.         0.         0.         0.
  0.         0.         0.         0.         0.         0.
  0.         0.         0.         0.         0.         0.
  0.         0.         0.         0.36539957 0.         0.
  0.         0.         0.         0.         0.         0.
  0.         0.         0.         0.         0.         0.
  0.         0.         0.         0.         0.         0.
  0.         0.         0.         0.         0.         0.
  0.         0.         0.         0.         0.         0.
  0.         0.         0.         0.         0.         0.
  0.         0.         0.         0.         0.         0.
  0.         0.         0.         0.         0.         0.
  0.         0.         0.         0.         0.         0.
  0.         0.         0.         0.         0.         0.
  0.         0.         0.15456841 0.         0.         0.
  0.         0.         0.         0.         0.         0.
  0.         0.         0.         0.         0.         0.
  0.         0.         0.         0.         0.         0.
  0.         0.         0.         0.         0.         0.
  0.         0.         0.         0.         0.         0.
  0.         0.         0.         0.         0.         0.
  0.         0.         0.         0.         0.         0.
  0.         0.         0.         0.         0.         0.
  0.         0.         0.         0.         0.         0.
  0.         0.         0.         0.         0.         0.
  0.         0.         0.         0.         0.         0.
  0.         0.         0.         0.         0.         0.
  0.         0.         0.         0.         0.         0.06348911
  0.         0.         0.         0.         0.         0.
  0.         0.         0.         0.         0.         0.
  0.         0.         0.         0.         0.         0.
  0.         0.         0.         0.         0.         0.
  0.         0.         0.         0.         0.         0.
  0.         0.         0.         0.         0.         0.
  0.         0.         0.         0.         0.         0.
  0.         0.         0.         0.         0.         0.17835843
  0.         0.         0.         0.         0.         0.
  0.         0.         0.         0.         0.         0.
  0.         0.34369754 0.         0.         0.         0.
  0.         0.         0.         0.19129101 0.         0.
  0.         0.         0.         0.         0.         0.
  0.         0.         0.         0.         0.10927649 0.
  0.         0.         0.         0.         0.         0.
  0.         0.         0.         0.         0.         0.
  0.         0.         0.         0.         0.         0.
  0.         0.         0.         0.         0.         0.
  0.         0.         0.         0.         0.         0.
  0.         0.         0.         0.         0.         0.
  0.         0.         0.         0.         0.         0.
  0.06348911 0.         0.         0.         0.         0.
  0.         0.06348911 0.         0.         0.         0.
  0.         0.         0.         0.         0.         0.
  0.         0.17970198 0.         0.         0.         0.
  0.         0.         0.         0.         0.         0.
  0.         0.         0.         0.         0.         0.
  0.         0.         0.         0.         0.         0.
  0.         0.         0.         0.         0.         0.
  0.         0.         0.         0.         0.         0.
  0.         0.         0.         0.         0.         0.
  0.         0.         0.         0.         0.         0.
  0.         0.34369754 0.         0.2109458  0.         0.
  0.         0.         0.         0.         0.         0.36539957
  0.         0.         0.         0.         0.         0.
  0.         0.         0.         0.         0.         0.
  0.         1.         0.         0.         0.         0.
  0.         0.         0.         0.         0.         0.
  0.         0.         0.         0.         0.         0.
  0.         0.         0.19867051 0.         0.         0.11508775
  0.         0.         0.         0.         0.         0.
  0.         0.         0.         0.         0.         0.
  0.        ]]"
"[[0.         0.         0.         0.         0.         0.1
  0.         0.         0.         0.         0.1        0.
  0.         0.1        0.         0.         0.         0.
  0.09648754 0.         0.         0.09648754 0.         0.
  0.         0.         0.         0.         0.0927424  0.
  0.         0.08647354 0.         0.         0.         0.
  0.         0.09648754 0.         0.         0.09648754 0.
  0.         0.         0.18057914 0.         0.         0.
  0.         0.         0.         0.         0.         0.
  0.         0.         0.         0.         0.18653773 0.
  0.         0.         0.         0.         0.         0.09648754
  0.         0.         0.         0.         0.         0.
  0.         0.         0.         0.         0.         0.
  0.         0.         0.09648754 0.09648754 0.19074503 0.
  0.         0.         0.         0.16820366 0.         0.09648754
  0.         0.         0.         0.         0.         0.
  0.09648754 0.         0.         0.09648754 0.         0.
  0.         0.         0.         0.         0.         0.
  0.09648754 0.09648754 0.         0.         0.         0.
  0.         0.         0.         0.         0.         0.
  0.         0.         0.19718014 0.         0.         0.
  0.         0.         0.         0.         0.09648754 0.
  0.         0.         0.         0.         0.         0.
  0.         0.         0.         0.18752131 0.09648754 0.
  0.         0.         0.         0.         0.         0.
  0.         0.         0.         0.         0.         0.
  0.         0.         0.         0.         0.         0.09648754
  0.         0.         0.         0.         0.         0.09648754
  0.         0.         0.         0.         0.         0.
  0.         0.09648754 0.         0.         0.         0.
  0.         0.         0.         0.         0.         0.18057914
  0.         0.         0.         0.1807475  0.         0.
  0.         0.         0.         0.         0.         0.
  0.         0.         0.         0.         0.         0.
  0.09648754 0.         0.         0.         0.09648754 0.09648754
  0.         0.         0.         0.         0.         0.
  0.         0.         0.         0.         0.         0.
  0.         0.         0.         0.         0.         0.
  0.         0.         0.         0.         0.         0.
  0.         0.         0.         0.         0.         0.
  0.         0.         0.17537251 0.         0.         0.
  0.09648754 0.         0.         0.         0.09648754 0.
  0.         0.         0.18138972 0.         0.18578508 0.
  0.         0.         0.         0.         0.         0.
  0.         0.         0.         0.         0.         0.
  0.         0.         0.         0.         0.         0.
  0.         0.         0.         0.         0.         0.
  0.         0.         0.         0.         0.         0.
  0.         0.         0.         0.         0.09648754 0.
  0.         0.         0.         0.         0.         0.
  0.         0.         0.09648754 0.         0.13149748 0.
  0.09648754 0.         0.         0.         0.         0.
  0.         0.         0.         0.         0.         0.
  0.         0.         0.         0.         0.         0.
  0.         0.         0.         0.         0.         0.
  0.0927424  0.09648754 0.         0.         0.         0.
  0.         0.09648754 0.09648754 0.         0.         0.
  0.         0.         0.         0.         0.         0.
  0.         0.         0.09648754 0.         0.         0.
  0.         0.09648754 0.         0.         0.         0.
  0.         0.         0.         0.09648754 0.         0.
  0.         0.         0.         0.         0.         0.
  0.         0.         0.         0.         0.         0.
  0.19974624 0.         0.         0.         0.         0.
  0.         0.         0.         0.         0.         0.
  0.         0.09648754 0.         0.         0.         0.
  0.196897   0.         0.         0.         0.09648754 0.09648754
  0.         0.         0.         0.         0.         0.
  0.         0.         0.         0.         0.         0.
  0.         0.         0.09648754 0.         0.         0.
  0.         0.         0.08647354 0.         0.         0.09648754
  0.         0.         0.09648754 0.         0.         0.
  0.         0.         1.         0.         0.09648754 0.
  0.         0.         0.         0.         0.17838112 0.
  0.         0.         0.         0.22       0.         0.
  0.         0.         0.         0.         0.         0.
  0.         0.194009   0.         0.09648754 0.         0.
  0.         0.         0.         0.         0.18957842 0.
  0.        ]]"
"[[0.         0.         0.         0.         0.         0.
  0.         0.         0.         0.         0.         0.
  0.         0.         0.         0.         0.         0.
  0.         0.         0.         0.         0.         0.
  0.         0.128      0.         0.         0.         0.
  0.         0.         0.29866667 0.         0.         0.
  0.         0.         0.         0.         0.         0.
  0.         0.         0.         0.         0.         0.
  0.         0.         0.         0.256      0.         0.
  0.         0.         0.         0.8        0.         0.
  0.         0.         0.         0.2048     0.64       0.
  0.         0.         0.         0.         0.29866667 0.
  0.256      0.         0.         0.256      0.         0.
  0.64       0.         0.         0.         0.         0.
  0.8        0.64       0.         0.         0.         0.
  0.         0.         0.         0.         0.         0.64
  0.         0.256      0.         0.         0.         0.
  0.         0.         0.         0.8        0.         0.
  0.         0.         0.         0.         0.         0.
  0.         0.64       0.         0.         0.         0.
  0.         0.         0.         0.         0.         0.
  0.         0.         0.         0.128      0.         0.
  0.         0.         0.         0.         0.         0.
  0.         0.         0.         0.         0.         0.
  0.         0.         0.         0.         0.         0.
  0.         0.         0.         0.         0.         0.
  0.         0.         0.         0.         0.         0.
  0.         0.         0.         0.         0.         0.
  0.         0.         0.         0.         0.         0.
  0.         0.         0.         0.         0.8        0.
  0.         0.         0.         0.         0.         0.
  0.         0.         0.         0.         0.         0.
  0.         0.8        0.         0.         0.         0.
  0.         0.128      0.         0.         0.         0.
  0.         0.2048     0.         0.         0.         0.
  0.         0.         0.         0.64       0.         0.
  0.         0.04266667 0.         0.         0.         0.
  0.         0.         0.         0.         0.         0.
  0.         0.         0.2048     0.         0.         0.04266667
  0.         0.         0.         0.8        0.         0.
  0.         0.         0.         0.         0.         0.
  0.         0.         0.         0.         0.         0.
  0.         0.         0.         0.         0.         0.
  0.         0.         0.         0.         0.         0.
  0.         0.         0.         0.         0.         0.8
  0.         0.         0.         0.         0.2048     0.
  0.         0.         0.         0.64       0.         0.
  0.         0.         0.         0.         0.         0.
  0.         0.         0.8        0.         0.         0.
  0.04266667 0.         0.         0.         0.         0.29866667
  0.         0.         0.         0.8        0.         0.
  0.         0.         0.         0.         0.8        0.
  0.         0.         0.         0.         0.         0.
  0.         0.         0.         0.         0.         0.
  0.         0.         0.         0.         0.29866667 0.
  0.         0.         0.         0.         0.04266667 0.
  0.         0.         0.         0.         0.         0.
  0.         0.         0.         0.256      0.         0.
  0.         0.         0.         0.         0.         0.
  0.         0.         0.         0.         0.         0.
  0.         0.         0.8        0.         0.256      0.
  0.         0.         0.8        0.         0.         0.
  0.         0.         0.         0.         0.         0.
  0.         0.         0.         0.         0.         0.
  0.         0.256      0.         0.2048     0.         0.
  0.         0.         0.         0.         0.         0.8
  0.         0.         0.         0.         0.         0.
  0.         0.         0.         0.2048     0.         0.8
  0.         0.         0.         0.         0.         0.
  0.         0.         0.         0.         0.         0.
  0.         0.         0.         0.         0.         0.
  0.         0.         0.         0.64       0.         0.
  0.         0.         0.         1.         0.         0.
  0.         0.         0.         0.         0.         0.
  0.8        0.8        0.         0.         0.         0.
  0.         0.         0.         0.         0.         0.
  0.         0.         0.         0.         0.8        0.
  0.         0.8        0.2048     0.256      0.         0.
  0.        ]]"
"[[0.         0.         0.         0.         0.         0.
  0.         0.         0.         0.         0.         0.
  0.         0.         0.         0.         0.         0.
  0.8        0.         0.         0.8        0.         0.
  0.         0.         0.         0.         0.18027303 0.
  0.         0.1714402  0.         0.         0.         0.
  0.         0.8        0.         0.         0.8        0.
  0.         0.         0.08535929 0.         0.         0.
  0.         0.         0.         0.         0.         0.
  0.         0.         0.         0.         0.12027214 0.
  0.         0.         0.         0.         0.         0.8
  0.         0.         0.         0.         0.         0.
  0.         0.         0.         0.         0.         0.
  0.         0.         0.8        0.8        0.12856171 0.
  0.         0.         0.         0.16985201 0.         0.8
  0.         0.         0.         0.         0.         0.
  0.8        0.         0.         0.8        0.         0.
  0.         0.         0.         0.         0.         0.
  0.8        0.8        0.         0.         0.         0.
  0.         0.         0.         0.         0.         0.
  0.         0.         0.08526979 0.         0.         0.
  0.         0.         0.         0.         0.8        0.
  0.         0.         0.         0.         0.         0.
  0.         0.         0.         0.11346386 0.8        0.
  0.         0.         0.         0.         0.         0.
  0.         0.         0.         0.         0.         0.
  0.         0.         0.         0.         0.         0.8
  0.         0.         0.         0.         0.         0.8
  0.         0.         0.         0.         0.         0.
  0.         0.8        0.         0.         0.         0.
  0.         0.         0.         0.         0.         0.08535929
  0.         0.         0.         0.07191812 0.         0.
  0.         0.         0.         0.         0.         0.
  0.         0.         0.         0.         0.         0.
  0.8        0.         0.         0.         0.8        0.8
  0.         0.         0.         0.         0.         0.
  0.         0.         0.         0.         0.         0.
  0.         0.         0.         0.         0.         0.
  0.         0.         0.         0.         0.         0.
  0.         0.         0.         0.         0.         0.
  0.         0.         0.06428085 0.         0.         0.
  0.8        0.         0.         0.         0.8        0.
  0.         0.         0.12869422 0.         0.11497495 0.
  0.         0.         0.         0.         0.         0.
  0.         0.         0.         0.         0.         0.
  0.         0.         0.         0.         0.         0.
  0.         0.         0.         0.         0.         0.
  0.         0.         0.         0.         0.         0.
  0.         0.         0.         0.         0.8        0.
  0.         0.         0.         0.         0.         0.
  0.         0.         0.8        0.         0.08719264 0.
  0.8        0.         0.         0.         0.         0.
  0.         0.         0.         0.         0.         0.
  0.         0.         0.         0.         0.         0.
  0.         0.         0.         0.         0.         0.
  0.18027303 0.8        0.         0.         0.         0.
  0.         0.8        0.8        0.         0.         0.
  0.         0.         0.         0.         0.         0.
  0.         0.         0.8        0.         0.         0.
  0.         0.8        0.         0.         0.         0.
  0.         0.         0.         0.8        0.         0.
  0.         0.         0.         0.         0.         0.
  0.         0.         0.         0.         0.         0.
  0.08297931 0.         0.         0.         0.         0.
  0.         0.         0.         0.         0.         0.
  0.         0.8        0.         0.         0.         0.
  0.08630174 0.         0.         0.         0.8        0.8
  0.         0.         0.         0.         0.         0.
  0.         0.         0.         0.         0.         0.
  0.         0.         0.8        0.         0.         0.
  0.         0.         0.1714402  0.         0.         0.8
  0.         0.         0.8        0.         0.         0.
  0.         0.         0.09648754 0.         1.         0.
  0.         0.         0.         0.         0.09648754 0.
  0.         0.         0.         0.         0.         0.
  0.         0.         0.         0.         0.         0.
  0.         0.09958583 0.         0.8        0.         0.
  0.         0.         0.         0.         0.11027147 0.
  0.        ]]"
"[[0.         0.         0.         0.         0.         0.
  0.         0.         0.         0.         0.         0.
  0.         0.         0.         0.         0.         0.
  0.         0.15071348 0.15071348 0.         0.16372568 0.
  0.         0.         0.         0.         0.         0.
  0.         0.         0.         0.17734824 0.         0.
  0.         0.         0.         0.         0.         0.19181727
  0.27606975 0.         0.         0.         0.         0.
  0.         0.         0.         0.         0.         0.
  0.         0.         0.         0.         0.         0.
  0.         0.         0.         0.         0.         0.
  0.         0.         0.1560522  0.         0.         0.
  0.         0.         0.         0.         0.         0.
  0.         0.         0.         0.         0.         0.
  0.         0.         0.         0.         0.         0.
  0.14609137 0.         0.2829346  0.         0.2360764  0.
  0.         0.         0.         0.         0.         0.
  0.         0.         0.         0.         0.         0.1560522
  0.         0.         0.         0.         0.         0.
  0.         0.         0.         0.         0.         0.
  0.         0.         0.         0.         0.         0.
  0.         0.         0.         0.         0.         0.
  0.         0.         0.         0.1162089  0.         0.
  0.         0.         0.         0.         0.         0.
  0.         0.         0.         0.         0.         0.
  0.30675221 0.         0.         0.         0.         0.
  0.         0.         0.         0.         0.         0.
  0.         0.         0.         0.14506002 0.         0.
  0.         0.         0.         0.         0.         0.
  0.         0.         0.         0.         0.         0.
  0.         0.         0.         0.         0.         0.
  0.         0.         0.         0.         0.         0.
  0.         0.         0.         0.         0.         0.
  0.         0.         0.         0.         0.24435489 0.
  0.         0.         0.         0.         0.         0.
  0.         0.         0.         0.         0.         0.
  0.         0.         0.         0.         0.         0.
  0.         0.         0.         0.         0.         0.
  0.         0.         0.         0.         0.         0.
  0.         0.         0.         0.         0.         0.
  0.         0.         0.         0.         0.         0.
  0.         0.         0.         0.         0.         0.
  0.         0.         0.         0.         0.         0.
  0.         0.         0.         0.         0.         0.
  0.         0.         0.         0.         0.         0.
  0.         0.21470482 0.         0.         0.         0.30837825
  0.         0.         0.         0.         0.         0.
  0.         0.         0.         0.         0.         0.
  0.         0.         0.         0.         0.         0.
  0.         0.         0.         0.         0.         0.
  0.         0.         0.         0.         0.         0.
  0.         0.         0.         0.         0.         0.
  0.         0.         0.         0.         0.         0.
  0.         0.21660605 0.         0.         0.         0.
  0.         0.27710215 0.         0.         0.         0.28408874
  0.         0.         0.         0.         0.         0.
  0.         0.         0.         0.         0.         0.
  0.         0.         0.         0.         0.         0.
  0.         0.         0.         0.         0.         0.
  0.         0.         0.         0.         0.         0.
  0.         0.         0.         0.         0.         0.
  0.         0.20276228 0.         0.         0.         0.
  0.         0.         0.         0.         0.         0.
  0.         0.         0.         0.         0.         0.
  0.29059737 0.         0.         0.         0.         0.
  0.         0.         0.         0.         0.         0.
  0.         0.         0.         0.         0.         0.
  0.         0.         0.         0.         0.         0.
  0.         0.         0.         0.         0.         0.
  0.         0.         0.         0.         0.         0.
  0.1162089  0.         0.         0.         0.         0.
  0.         0.         0.         0.         0.         0.
  0.         0.         0.         0.         0.         1.
  0.         0.         0.         0.         0.         0.
  0.         0.         0.         0.         0.         0.
  0.         0.         0.         0.         0.         0.
  0.         0.         0.         0.         0.         0.
  0.         0.         0.         0.         0.         0.
  0.        ]]"
"[[0.         0.         0.         0.         0.         0.
  0.         0.         0.         0.         0.         0.
  0.         0.         0.34433176 0.         0.29005534 0.
  0.         0.         0.         0.         0.         0.26291713
  0.         0.         0.         0.         0.         0.
  0.         0.         0.         0.         0.18349698 0.18150249
  0.30330801 0.         0.         0.         0.         0.
  0.         0.         0.         0.         0.28244938 0.34433176
  0.24240525 0.34433176 0.         0.         0.18349698 0.26939131
  0.18150249 0.         0.19617139 0.         0.         0.24133326
  0.         0.         0.         0.         0.         0.
  0.34433176 0.         0.         0.         0.         0.
  0.         0.30330801 0.         0.         0.30330801 0.26595026
  0.         0.26939131 0.         0.         0.         0.26291713
  0.         0.         0.27638076 0.         0.         0.
  0.         0.         0.         0.30330801 0.         0.
  0.         0.         0.         0.         0.34433176 0.18150249
  0.22761531 0.         0.         0.         0.         0.
  0.         0.         0.30330801 0.         0.         0.30330801
  0.         0.         0.28244938 0.         0.         0.
  0.24020602 0.34433176 0.         0.30330801 0.         0.
  0.18237349 0.         0.19573403 0.         0.         0.27268325
  0.25544444 0.18237349 0.         0.         0.         0.
  0.         0.37078822 0.8        0.         0.         0.34433176
  0.         0.18237349 0.22240572 0.         0.34433176 0.34433176
  0.         0.         0.20236928 0.30330801 0.26595026 0.
  0.         0.20618598 0.19348379 0.         0.         0.
  0.25885709 0.34433176 0.         0.         0.         0.
  0.         0.15203277 0.         0.         0.28197886 0.34433176
  0.30330801 0.         0.27525887 0.30330801 0.         0.22006145
  0.30330801 0.         0.28402907 0.24057485 0.30330801 0.
  0.         0.         0.         0.         0.         0.2506562
  0.25244863 0.         0.         0.         0.28244938 0.
  0.         0.         0.         0.18150249 0.         0.
  0.         0.         0.34433176 0.34433176 0.         0.
  0.23450738 0.30330801 0.34433176 0.         0.33616322 0.
  0.         0.         0.30330801 0.         0.         0.
  0.27787832 0.         0.         0.         0.         0.26595026
  0.         0.34433176 0.         0.18349698 0.20618598 0.
  0.18150249 0.         0.         0.         0.         0.
  0.         0.         0.         0.         0.         0.26595026
  0.         0.21397927 0.34433176 0.8        0.         0.
  0.30330801 0.         0.         0.         0.         0.
  0.         0.18150249 0.         0.         0.         0.
  0.26595026 0.         0.34433176 0.         0.         0.
  0.         0.         0.8        0.34433176 0.         0.
  0.25885709 0.         0.30330801 0.         0.25423278 0.30330801
  0.18150249 0.15800389 0.         0.         0.20618598 0.
  0.         0.         0.         0.30330801 0.         0.
  0.         0.22336101 0.         0.27185262 0.         0.
  0.         0.26291713 0.         0.         0.         0.
  0.         0.         0.34433176 0.18237349 0.         0.34433176
  0.18150249 0.17127172 0.         0.18237349 0.         0.
  0.27525887 0.         0.         0.         0.         0.22211133
  0.21454611 0.         0.         0.30330801 0.         0.
  0.         0.         0.         0.         0.         0.20618598
  0.         0.         0.         0.         0.         0.30307684
  0.         0.         0.         0.         0.21085975 0.
  0.         0.         0.         0.23606812 0.         0.
  0.         0.         0.         0.25244863 0.         0.
  0.         0.         0.         0.         0.         0.
  0.         0.         0.         0.30330801 0.         0.
  0.34433176 0.34433176 0.         0.         0.         0.
  0.         0.23693173 0.         0.         0.         0.
  0.         0.         0.         0.         0.         0.34433176
  0.         0.         0.         0.         0.         0.
  0.         0.         0.         0.         0.         0.
  0.25551505 0.         0.         0.         0.         0.
  0.18237349 0.         0.22389402 0.         0.         0.20383056
  0.8        0.         0.         0.         0.         0.
  0.         0.         0.         0.34433176 0.27787832 0.
  0.18237349 0.26291713 0.         0.         0.         0.
  0.30330801 0.         0.         0.         0.         0.
  1.         0.         0.         0.18150249 0.         0.
  0.         0.         0.         0.         0.30330801 0.24240525
  0.         0.         0.         0.30330801 0.30330801 0.
  0.30330801 0.         0.34433176 0.         0.         0.
  0.         0.         0.         0.         0.         0.
  0.        ]]"
"[[0.         0.         0.         0.         0.         0.
  0.         0.         0.         0.         0.         0.
  0.         0.         0.         0.8        0.         0.08533333
  0.         0.         0.         0.         0.         0.
  0.         0.         0.8        0.8        0.         0.
  0.64       0.         0.         0.         0.         0.
  0.         0.         0.         0.8        0.         0.
  0.         0.8        0.         0.         0.         0.
  0.         0.         0.64       0.         0.         0.
  0.         0.256      0.         0.         0.         0.
  0.256      0.128      0.8        0.         0.         0.
  0.         0.         0.         0.         0.         0.256
  0.         0.         0.8        0.         0.         0.
  0.         0.         0.         0.         0.         0.
  0.         0.         0.         0.         0.         0.
  0.         0.256      0.         0.         0.         0.
  0.         0.         0.256      0.         0.         0.
  0.         0.192      0.         0.         0.256      0.
  0.         0.         0.         0.21333333 0.07893333 0.
  0.07893333 0.         0.         0.128      0.         0.128
  0.         0.         0.         0.         0.         0.256
  0.         0.64       0.         0.         0.         0.
  0.         0.         0.         0.         0.         0.256
  0.256      0.         0.         0.         0.         0.
  0.256      0.         0.         0.8        0.         0.
  0.         0.08533333 0.         0.         0.         0.21333333
  0.64       0.         0.         0.256      0.         0.
  0.         0.         0.07893333 0.         0.         0.
  0.8        0.         0.08533333 0.8        0.         0.
  0.         0.         0.         0.         0.         0.
  0.         0.256      0.         0.         0.         0.
  0.256      0.         0.8        0.         0.         0.
  0.         0.         0.64       0.         0.         0.
  0.256      0.         0.         0.         0.         0.256
  0.         0.         0.         0.         0.         0.
  0.         0.         0.         0.         0.         0.
  0.256      0.         0.         0.21333333 0.         0.
  0.         0.256      0.17066667 0.128      0.         0.
  0.256      0.         0.         0.         0.         0.
  0.         0.256      0.256      0.         0.         0.64
  0.         0.8        0.         0.256      0.17066667 0.
  0.         0.         0.         0.         0.         0.11377778
  0.         0.8        0.         0.         0.         0.128
  0.256      0.         0.         0.8        0.05688889 0.
  0.         0.         0.         0.8        0.64       0.
  0.         0.         0.         0.         0.         0.
  0.         0.         0.         0.         0.         0.
  0.         0.         0.256      0.         0.         0.256
  0.64       0.18488889 0.         0.         0.         0.256
  0.         0.         0.         0.         0.         0.
  0.64       0.         0.         0.         0.         0.03754667
  0.         0.03413333 0.         0.         0.         0.
  0.         0.         0.8        0.         0.256      0.8
  0.         0.         0.64       0.09386667 0.64       0.
  0.         0.         0.8        0.         0.         0.
  0.         0.         0.256      0.         0.         0.
  0.256      0.         0.         0.21333333 0.256      0.
  0.         0.21333333 0.         0.         0.         0.
  0.07893333 0.         0.         0.         0.256      0.256
  0.8        0.         0.256      0.         0.256      0.8
  0.256      0.         0.         0.         0.         0.21333333
  0.256      0.         0.         0.         0.         0.256
  0.         0.         0.256      0.8        0.256      0.256
  0.         0.         0.256      0.21333333 0.         0.192
  0.         0.         0.256      0.         0.06257778 0.
  0.21333333 0.         0.03413333 0.03413333 0.         0.
  0.         0.         0.         0.72       0.         0.
  0.         0.         0.17066667 0.         0.192      0.
  0.         0.         0.         0.         0.         0.
  0.         0.64       0.         0.21333333 0.17066667 0.
  0.         0.8        0.         0.         0.         0.
  0.         0.         0.         0.         0.256      0.15847619
  0.         0.         0.         0.         0.         0.
  0.         1.         0.8        0.         0.         0.
  0.         0.         0.         0.         0.         0.
  0.256      0.256      0.         0.         0.         0.
  0.         0.         0.         0.         0.         0.1152
  0.64       0.         0.         0.         0.         0.
  0.        ]]"
"[[0.         0.         0.         0.         0.         0.
  0.         0.         0.         0.         0.         0.
  0.         0.         0.         0.8        0.         0.08533333
  0.         0.         0.         0.         0.         0.
  0.         0.         0.8        0.8        0.         0.
  0.64       0.         0.         0.         0.         0.
  0.         0.         0.         0.8        0.         0.
  0.         0.8        0.         0.         0.         0.
  0.         0.         0.64       0.         0.         0.
  0.         0.256      0.         0.         0.         0.
  0.256      0.128      0.8        0.         0.         0.
  0.         0.         0.         0.         0.         0.256
  0.         0.         0.8        0.         0.         0.
  0.         0.         0.         0.         0.         0.
  0.         0.         0.         0.         0.         0.
  0.         0.256      0.         0.         0.         0.
  0.         0.         0.256      0.         0.         0.
  0.         0.192      0.         0.         0.256      0.
  0.         0.         0.         0.21333333 0.07893333 0.
  0.07893333 0.         0.         0.128      0.         0.128
  0.         0.         0.         0.         0.         0.256
  0.         0.64       0.         0.         0.         0.
  0.         0.         0.         0.         0.         0.256
  0.256      0.         0.         0.         0.         0.
  0.256      0.         0.         0.8        0.         0.
  0.         0.08533333 0.         0.         0.         0.21333333
  0.64       0.         0.         0.256      0.         0.
  0.         0.         0.07893333 0.         0.         0.
  0.8        0.         0.08533333 0.8        0.         0.
  0.         0.         0.         0.         0.         0.
  0.         0.256      0.         0.         0.         0.
  0.256      0.         0.8        0.         0.         0.
  0.         0.         0.64       0.         0.         0.
  0.256      0.         0.         0.         0.         0.256
  0.         0.         0.         0.         0.         0.
  0.         0.         0.         0.         0.         0.
  0.256      0.         0.         0.21333333 0.         0.
  0.         0.256      0.17066667 0.128      0.         0.
  0.256      0.         0.         0.         0.         0.
  0.         0.256      0.256      0.         0.         0.64
  0.         0.8        0.         0.256      0.17066667 0.
  0.         0.         0.         0.         0.         0.11377778
  0.         0.8        0.         0.         0.         0.128
  0.256      0.         0.         0.8        0.05688889 0.
  0.         0.         0.         0.8        0.64       0.
  0.         0.         0.         0.         0.         0.
  0.         0.         0.         0.         0.         0.
  0.         0.         0.256      0.         0.         0.256
  0.64       0.18488889 0.         0.         0.         0.256
  0.         0.         0.         0.         0.         0.
  0.64       0.         0.         0.         0.         0.03754667
  0.         0.03413333 0.         0.         0.         0.
  0.         0.         0.8        0.         0.256      0.8
  0.         0.         0.64       0.09386667 0.64       0.
  0.         0.         0.8        0.         0.         0.
  0.         0.         0.256      0.         0.         0.
  0.256      0.         0.         0.21333333 0.256      0.
  0.         0.21333333 0.         0.         0.         0.
  0.07893333 0.         0.         0.         0.256      0.256
  0.8        0.         0.256      0.         0.256      0.8
  0.256      0.         0.         0.         0.         0.21333333
  0.256      0.         0.         0.         0.         0.256
  0.         0.         0.256      0.8        0.256      0.256
  0.         0.         0.256      0.21333333 0.         0.192
  0.         0.         0.256      0.         0.06257778 0.
  0.21333333 0.         0.03413333 0.03413333 0.         0.
  0.         0.         0.         0.72       0.         0.
  0.         0.         0.17066667 0.         0.192      0.
  0.         0.         0.         0.         0.         0.
  0.         0.64       0.         0.21333333 0.17066667 0.
  0.         0.8        0.         0.         0.         0.
  0.         0.         0.         0.         0.256      0.15847619
  0.         0.         0.         0.         0.         0.
  0.         0.8        1.         0.         0.         0.
  0.         0.         0.         0.         0.         0.
  0.256      0.256      0.         0.         0.         0.
  0.         0.         0.         0.         0.         0.1152
  0.64       0.         0.         0.         0.         0.
  0.        ]]"
"[[0.         0.         0.         0.         0.         0.
  0.         0.         0.         0.         0.         0.
  0.         0.         0.15288238 0.         0.36858825 0.
  0.         0.         0.         0.         0.         0.39644119
  0.         0.         0.         0.         0.         0.
  0.         0.         0.         0.         0.16555081 0.64
  0.19688817 0.         0.         0.         0.         0.
  0.         0.         0.         0.         0.21552425 0.15288238
  0.41844408 0.15288238 0.         0.         0.16555081 0.30788993
  0.64       0.         0.53152548 0.         0.         0.34526265
  0.         0.         0.         0.         0.         0.
  0.15288238 0.         0.         0.         0.         0.
  0.         0.19688817 0.         0.         0.19688817 0.17063393
  0.         0.30788993 0.         0.         0.         0.39644119
  0.         0.         0.32992352 0.         0.         0.
  0.         0.         0.         0.19688817 0.         0.
  0.         0.         0.         0.         0.15288238 0.8
  0.35766745 0.         0.         0.         0.         0.
  0.         0.         0.19688817 0.         0.         0.19688817
  0.         0.         0.21552425 0.         0.         0.
  0.34957728 0.15288238 0.         0.19688817 0.         0.
  0.27555516 0.         0.21844076 0.         0.         0.30598272
  0.43213208 0.27555516 0.         0.         0.         0.
  0.         0.21213688 0.18150249 0.         0.         0.15288238
  0.         0.27555516 0.33630438 0.         0.15288238 0.15288238
  0.         0.         0.54049938 0.19688817 0.17063393 0.
  0.         0.24811786 0.45541719 0.         0.         0.
  0.29792792 0.15288238 0.         0.         0.         0.
  0.         0.17325139 0.         0.         0.29986468 0.15288238
  0.19688817 0.         0.20050012 0.19688817 0.         0.26462456
  0.19688817 0.         0.31909967 0.39064853 0.19688817 0.
  0.         0.         0.         0.         0.         0.34664182
  0.12955812 0.         0.         0.         0.21552425 0.
  0.         0.         0.         0.64       0.         0.
  0.         0.         0.15288238 0.15288238 0.         0.
  0.40248207 0.19688817 0.15288238 0.         0.28129572 0.
  0.         0.         0.19688817 0.         0.         0.
  0.16322314 0.         0.         0.         0.         0.17063393
  0.         0.15288238 0.         0.16555081 0.24811786 0.
  0.64       0.         0.         0.         0.         0.
  0.         0.         0.         0.         0.         0.17063393
  0.         0.19191423 0.15288238 0.18150249 0.         0.
  0.19688817 0.         0.         0.         0.         0.
  0.         0.64       0.         0.         0.         0.
  0.17063393 0.         0.15288238 0.         0.         0.
  0.         0.         0.18150249 0.15288238 0.         0.
  0.29792792 0.         0.19688817 0.         0.35197444 0.19688817
  0.64       0.4306133  0.         0.         0.24811786 0.
  0.         0.         0.         0.19688817 0.         0.
  0.         0.39968985 0.         0.21372071 0.         0.
  0.         0.39644119 0.         0.         0.         0.
  0.         0.         0.15288238 0.27555516 0.         0.15288238
  0.64       0.4875071  0.         0.27555516 0.         0.
  0.20050012 0.         0.         0.         0.         0.38582654
  0.47518149 0.         0.         0.19688817 0.         0.
  0.         0.         0.         0.         0.         0.24811786
  0.         0.         0.         0.         0.         0.19464363
  0.         0.         0.         0.         0.4332127  0.
  0.         0.         0.         0.2093759  0.         0.
  0.         0.         0.         0.12955812 0.         0.
  0.         0.         0.         0.         0.         0.
  0.         0.         0.         0.19688817 0.         0.
  0.15288238 0.15288238 0.         0.         0.         0.
  0.         0.32446679 0.         0.         0.         0.
  0.         0.         0.         0.         0.         0.15288238
  0.         0.         0.         0.         0.         0.
  0.         0.         0.         0.         0.         0.
  0.28669628 0.         0.         0.         0.         0.
  0.27555516 0.         0.5182206  0.         0.         0.46327201
  0.18150249 0.         0.         0.         0.         0.
  0.         0.         0.         0.15288238 0.16322314 0.
  0.27555516 0.47644119 0.         0.         0.         0.
  0.19688817 0.         0.         0.         0.         0.
  0.18150249 0.         0.         1.         0.         0.
  0.         0.         0.         0.         0.19688817 0.41844408
  0.         0.         0.         0.19688817 0.19688817 0.
  0.19688817 0.         0.15288238 0.         0.         0.
  0.         0.         0.         0.         0.         0.
  0.        ]]"
"[[0.         0.         0.         0.         0.         0.1
  0.         0.         0.         0.         0.1        0.
  0.         0.1        0.         0.         0.         0.
  0.09648754 0.         0.         0.09648754 0.         0.
  0.         0.         0.         0.         0.0927424  0.
  0.         0.08647354 0.         0.         0.         0.
  0.         0.09648754 0.         0.         0.09648754 0.
  0.         0.         0.18057914 0.         0.         0.
  0.         0.         0.         0.         0.         0.
  0.         0.         0.         0.         0.18653773 0.
  0.         0.         0.         0.         0.         0.09648754
  0.         0.         0.         0.         0.         0.
  0.         0.         0.         0.         0.         0.
  0.         0.         0.09648754 0.09648754 0.19074503 0.
  0.         0.         0.         0.16820366 0.         0.09648754
  0.         0.         0.         0.         0.         0.
  0.09648754 0.         0.         0.09648754 0.         0.
  0.         0.         0.         0.         0.         0.
  0.09648754 0.09648754 0.         0.         0.         0.
  0.         0.         0.         0.         0.         0.
  0.         0.         0.19718014 0.         0.         0.
  0.         0.         0.         0.         0.09648754 0.
  0.         0.         0.         0.         0.         0.
  0.         0.         0.         0.18752131 0.09648754 0.
  0.         0.         0.         0.         0.         0.
  0.         0.         0.         0.         0.         0.
  0.         0.         0.         0.         0.         0.09648754
  0.         0.         0.         0.         0.         0.09648754
  0.         0.         0.         0.         0.         0.
  0.         0.09648754 0.         0.         0.         0.
  0.         0.         0.         0.         0.         0.18057914
  0.         0.         0.         0.1807475  0.         0.
  0.         0.         0.         0.         0.         0.
  0.         0.         0.         0.         0.         0.
  0.09648754 0.         0.         0.         0.09648754 0.09648754
  0.         0.         0.         0.         0.         0.
  0.         0.         0.         0.         0.         0.
  0.         0.         0.         0.         0.         0.
  0.         0.         0.         0.         0.         0.
  0.         0.         0.         0.         0.         0.
  0.         0.         0.17537251 0.         0.         0.
  0.09648754 0.         0.         0.         0.09648754 0.
  0.         0.         0.18138972 0.         0.18578508 0.
  0.         0.         0.         0.         0.         0.
  0.         0.         0.         0.         0.         0.
  0.         0.         0.         0.         0.         0.
  0.         0.         0.         0.         0.         0.
  0.         0.         0.         0.         0.         0.
  0.         0.         0.         0.         0.09648754 0.
  0.         0.         0.         0.         0.         0.
  0.         0.         0.09648754 0.         0.13149748 0.
  0.09648754 0.         0.         0.         0.         0.
  0.         0.         0.         0.         0.         0.
  0.         0.         0.         0.         0.         0.
  0.         0.         0.         0.         0.         0.
  0.0927424  0.09648754 0.         0.         0.         0.
  0.         0.09648754 0.09648754 0.         0.         0.
  0.         0.         0.         0.         0.         0.
  0.         0.         0.09648754 0.         0.         0.
  0.         0.09648754 0.         0.         0.         0.
  0.         0.         0.         0.09648754 0.         0.
  0.         0.         0.         0.         0.         0.
  0.         0.         0.         0.         0.         0.
  0.19974624 0.         0.         0.         0.         0.
  0.         0.         0.         0.         0.         0.
  0.         0.09648754 0.         0.         0.         0.
  0.196897   0.         0.         0.         0.09648754 0.09648754
  0.         0.         0.         0.         0.         0.
  0.         0.         0.         0.         0.         0.
  0.         0.         0.09648754 0.         0.         0.
  0.         0.         0.08647354 0.         0.         0.09648754
  0.         0.         0.09648754 0.         0.         0.
  0.         0.         0.17838112 0.         0.09648754 0.
  0.         0.         0.         0.         1.         0.
  0.         0.         0.         0.22       0.         0.
  0.         0.         0.         0.         0.         0.
  0.         0.194009   0.         0.09648754 0.         0.
  0.         0.         0.         0.         0.18957842 0.
  0.        ]]"
"[[0.         0.         0.         0.         0.         0.
  0.         0.         0.         0.         0.         0.
  0.         0.         0.         0.         0.         0.
  0.         0.         0.         0.         0.         0.
  0.         0.         0.         0.         0.         0.
  0.         0.         0.         0.         0.         0.
  0.         0.         0.         0.         0.         0.
  0.         0.         0.         0.59238025 0.         0.
  0.         0.         0.         0.         0.         0.
  0.         0.         0.         0.         0.         0.
  0.         0.         0.         0.         0.         0.
  0.         0.         0.         0.         0.         0.
  0.         0.         0.         0.         0.         0.
  0.         0.         0.         0.         0.         0.
  0.         0.         0.         0.         0.38476049 0.
  0.         0.         0.         0.         0.         0.
  0.         0.         0.         0.         0.         0.
  0.         0.         0.         0.         0.         0.
  0.         0.         0.         0.         0.         0.
  0.         0.         0.         0.         0.         0.
  0.         0.         0.         0.         0.53787951 0.
  0.         0.         0.         0.         0.         0.
  0.         0.         0.         0.         0.         0.
  0.         0.         0.         0.         0.         0.
  0.         0.         0.         0.         0.         0.
  0.         0.         0.         0.         0.         0.
  0.         0.         0.         0.         0.         0.
  0.         0.         0.         0.         0.         0.
  0.         0.         0.         0.         0.         0.
  0.         0.         0.         0.         0.         0.
  0.         0.         0.         0.         0.         0.
  0.         0.48683984 0.         0.         0.27575902 0.
  0.         0.         0.         0.         0.         0.
  0.         0.         0.31209284 0.         0.         0.
  0.         0.         0.         0.         0.         0.
  0.         0.         0.         0.         0.         0.
  0.         0.         0.         0.         0.         0.
  0.         0.         0.         0.         0.         0.
  0.         0.         0.         0.         0.         0.
  0.         0.         0.         0.         0.         0.
  0.         0.         0.         0.         0.         0.
  0.         0.         0.         0.         0.         0.
  0.         0.         0.         0.         0.         0.
  0.         0.         0.         0.         0.         0.
  0.         0.27575902 0.         0.         0.         0.
  0.         0.         0.         0.         0.         0.
  0.         0.         0.         0.         0.         0.
  0.         0.         0.         0.         0.         0.
  0.         0.         0.         0.         0.         0.
  0.         0.         0.         0.         0.         0.
  0.         0.         0.         0.         0.         0.
  0.         0.         0.         0.         0.         0.
  0.         0.         0.         0.         0.         0.
  0.         0.         0.         0.         0.         0.
  0.         0.         0.         0.         0.         0.
  0.         0.         0.         0.         0.         0.
  0.         0.         0.         0.         0.         0.
  0.         0.         0.         0.         0.         0.38476049
  0.         0.         0.         0.         0.         0.
  0.         0.         0.         0.         0.         0.
  0.         0.         0.         0.         0.         0.
  0.         0.         0.         0.         0.43406963 0.
  0.         0.         0.         0.         0.         0.
  0.         0.         0.         0.         0.         0.
  0.         0.         0.         0.         0.         0.
  0.         0.         0.         0.         0.         0.
  0.         0.59238025 0.         0.         0.         0.
  0.         0.         0.         0.         0.         0.
  0.         0.         0.         0.         0.         0.
  0.         0.         0.         0.         0.         0.
  0.         0.         0.         0.         0.         0.
  0.         0.         0.         0.         0.         0.
  0.         0.         0.         0.         0.         0.
  0.         0.         0.         0.         0.         1.
  0.         0.         0.         0.         0.         0.
  0.         0.         0.         0.         0.         0.
  0.         0.         0.         0.         0.         0.
  0.         0.         0.         0.         0.         0.
  0.        ]]"
"[[0.         0.         0.         0.         0.         0.
  0.         0.         0.         0.         0.         0.
  0.         0.         0.         0.         0.         0.
  0.         0.         0.         0.         0.         0.
  0.         0.128      0.         0.         0.         0.
  0.         0.         0.29866667 0.         0.         0.
  0.         0.         0.         0.         0.         0.
  0.         0.         0.         0.         0.         0.
  0.         0.         0.         0.256      0.         0.
  0.         0.         0.         0.8        0.         0.
  0.         0.         0.         0.2048     0.64       0.
  0.         0.         0.         0.         0.29866667 0.
  0.256      0.         0.         0.256      0.         0.
  0.64       0.         0.         0.         0.         0.
  0.8        0.64       0.         0.         0.         0.
  0.         0.         0.         0.         0.         0.64
  0.         0.256      0.         0.         0.         0.
  0.         0.         0.         0.8        0.         0.
  0.         0.         0.         0.         0.         0.
  0.         0.64       0.         0.         0.         0.
  0.         0.         0.         0.         0.         0.
  0.         0.         0.         0.128      0.         0.
  0.         0.         0.         0.         0.         0.
  0.         0.         0.         0.         0.         0.
  0.         0.         0.         0.         0.         0.
  0.         0.         0.         0.         0.         0.
  0.         0.         0.         0.         0.         0.
  0.         0.         0.         0.         0.         0.
  0.         0.         0.         0.         0.         0.
  0.         0.         0.         0.         0.8        0.
  0.         0.         0.         0.         0.         0.
  0.         0.         0.         0.         0.         0.
  0.         0.8        0.         0.         0.         0.
  0.         0.128      0.         0.         0.         0.
  0.         0.2048     0.         0.         0.         0.
  0.         0.         0.         0.64       0.         0.
  0.         0.04266667 0.         0.         0.         0.
  0.         0.         0.         0.         0.         0.
  0.         0.         0.2048     0.         0.         0.04266667
  0.         0.         0.         0.8        0.         0.
  0.         0.         0.         0.         0.         0.
  0.         0.         0.         0.         0.         0.
  0.         0.         0.         0.         0.         0.
  0.         0.         0.         0.         0.         0.
  0.         0.         0.         0.         0.         0.8
  0.         0.         0.         0.         0.2048     0.
  0.         0.         0.         0.64       0.         0.
  0.         0.         0.         0.         0.         0.
  0.         0.         0.8        0.         0.         0.
  0.04266667 0.         0.         0.         0.         0.29866667
  0.         0.         0.         0.8        0.         0.
  0.         0.         0.         0.         0.8        0.
  0.         0.         0.         0.         0.         0.
  0.         0.         0.         0.         0.         0.
  0.         0.         0.         0.         0.29866667 0.
  0.         0.         0.         0.         0.04266667 0.
  0.         0.         0.         0.         0.         0.
  0.         0.         0.         0.256      0.         0.
  0.         0.         0.         0.         0.         0.
  0.         0.         0.         0.         0.         0.
  0.         0.         0.8        0.         0.256      0.
  0.         0.         0.8        0.         0.         0.
  0.         0.         0.         0.         0.         0.
  0.         0.         0.         0.         0.         0.
  0.         0.256      0.         0.2048     0.         0.
  0.         0.         0.         0.         0.         0.8
  0.         0.         0.         0.         0.         0.
  0.         0.         0.         0.2048     0.         0.8
  0.         0.         0.         0.         0.         0.
  0.         0.         0.         0.         0.         0.
  0.         0.         0.         0.         0.         0.
  0.         0.         0.         0.64       0.         0.
  0.         0.         0.         0.8        0.         0.
  0.         0.         0.         0.         0.         0.
  1.         0.8        0.         0.         0.         0.
  0.         0.         0.         0.         0.         0.
  0.         0.         0.         0.         0.8        0.
  0.         0.8        0.2048     0.256      0.         0.
  0.        ]]"
"[[0.         0.         0.         0.         0.         0.
  0.         0.         0.         0.         0.         0.
  0.         0.         0.         0.         0.         0.
  0.         0.         0.         0.         0.         0.
  0.         0.128      0.         0.         0.         0.
  0.         0.         0.29866667 0.         0.         0.
  0.         0.         0.         0.         0.         0.
  0.         0.         0.         0.         0.         0.
  0.         0.         0.         0.256      0.         0.
  0.         0.         0.         0.8        0.         0.
  0.         0.         0.         0.2048     0.64       0.
  0.         0.         0.         0.         0.29866667 0.
  0.256      0.         0.         0.256      0.         0.
  0.64       0.         0.         0.         0.         0.
  0.8        0.64       0.         0.         0.         0.
  0.         0.         0.         0.         0.         0.64
  0.         0.256      0.         0.         0.         0.
  0.         0.         0.         0.8        0.         0.
  0.         0.         0.         0.         0.         0.
  0.         0.64       0.         0.         0.         0.
  0.         0.         0.         0.         0.         0.
  0.         0.         0.         0.128      0.         0.
  0.         0.         0.         0.         0.         0.
  0.         0.         0.         0.         0.         0.
  0.         0.         0.         0.         0.         0.
  0.         0.         0.         0.         0.         0.
  0.         0.         0.         0.         0.         0.
  0.         0.         0.         0.         0.         0.
  0.         0.         0.         0.         0.         0.
  0.         0.         0.         0.         0.8        0.
  0.         0.         0.         0.         0.         0.
  0.         0.         0.         0.         0.         0.
  0.         0.8        0.         0.         0.         0.
  0.         0.128      0.         0.         0.         0.
  0.         0.2048     0.         0.         0.         0.
  0.         0.         0.         0.64       0.         0.
  0.         0.04266667 0.         0.         0.         0.
  0.         0.         0.         0.         0.         0.
  0.         0.         0.2048     0.         0.         0.04266667
  0.         0.         0.         0.8        0.         0.
  0.         0.         0.         0.         0.         0.
  0.         0.         0.         0.         0.         0.
  0.         0.         0.         0.         0.         0.
  0.         0.         0.         0.         0.         0.
  0.         0.         0.         0.         0.         0.8
  0.         0.         0.         0.         0.2048     0.
  0.         0.         0.         0.64       0.         0.
  0.         0.         0.         0.         0.         0.
  0.         0.         0.8        0.         0.         0.
  0.04266667 0.         0.         0.         0.         0.29866667
  0.         0.         0.         0.8        0.         0.
  0.         0.         0.         0.         0.8        0.
  0.         0.         0.         0.         0.         0.
  0.         0.         0.         0.         0.         0.
  0.         0.         0.         0.         0.29866667 0.
  0.         0.         0.         0.         0.04266667 0.
  0.         0.         0.         0.         0.         0.
  0.         0.         0.         0.256      0.         0.
  0.         0.         0.         0.         0.         0.
  0.         0.         0.         0.         0.         0.
  0.         0.         0.8        0.         0.256      0.
  0.         0.         0.8        0.         0.         0.
  0.         0.         0.         0.         0.         0.
  0.         0.         0.         0.         0.         0.
  0.         0.256      0.         0.2048     0.         0.
  0.         0.         0.         0.         0.         0.8
  0.         0.         0.         0.         0.         0.
  0.         0.         0.         0.2048     0.         0.8
  0.         0.         0.         0.         0.         0.
  0.         0.         0.         0.         0.         0.
  0.         0.         0.         0.         0.         0.
  0.         0.         0.         0.64       0.         0.
  0.         0.         0.         0.8        0.         0.
  0.         0.         0.         0.         0.         0.
  0.8        1.         0.         0.         0.         0.
  0.         0.         0.         0.         0.         0.
  0.         0.         0.         0.         0.8        0.
  0.         0.8        0.2048     0.256      0.         0.
  0.        ]]"
"[[0.         0.         0.         0.         0.         0.
  0.         0.         0.         0.         0.         0.
  0.         0.         0.         0.         0.         0.
  0.         0.         0.         0.         0.         0.
  0.8        0.32       0.         0.         0.         0.
  0.         0.         0.21333333 0.         0.         0.
  0.         0.         0.         0.         0.         0.
  0.         0.         0.         0.         0.         0.
  0.         0.         0.         0.         0.         0.
  0.         0.         0.         0.         0.         0.
  0.         0.         0.         0.         0.         0.
  0.         0.         0.         0.         0.21333333 0.
  0.         0.         0.         0.         0.         0.
  0.         0.         0.         0.         0.         0.
  0.         0.         0.         0.         0.         0.
  0.         0.         0.         0.         0.         0.
  0.         0.         0.         0.         0.         0.
  0.         0.         0.         0.         0.         0.
  0.         0.         0.         0.         0.         0.
  0.         0.         0.         0.         0.         0.
  0.         0.         0.         0.         0.         0.
  0.         0.         0.         0.32       0.         0.
  0.         0.         0.         0.         0.         0.
  0.         0.         0.         0.         0.         0.
  0.         0.         0.         0.         0.         0.
  0.         0.         0.         0.         0.         0.
  0.         0.         0.         0.         0.         0.
  0.         0.         0.         0.         0.         0.
  0.         0.         0.         0.         0.         0.
  0.         0.         0.         0.         0.         0.
  0.         0.         0.         0.         0.         0.
  0.         0.         0.         0.         0.         0.
  0.         0.         0.         0.         0.         0.
  0.         0.32       0.         0.         0.         0.
  0.         0.         0.         0.         0.         0.
  0.         0.         0.         0.         0.         0.
  0.         0.37333333 0.         0.         0.         0.4
  0.         0.         0.         0.         0.         0.
  0.         0.         0.         0.         0.         0.37333333
  0.         0.         0.         0.         0.         0.
  0.         0.         0.         0.         0.         0.
  0.         0.         0.         0.         0.         0.
  0.         0.         0.         0.         0.         0.
  0.         0.         0.         0.         0.         0.
  0.         0.         0.         0.         0.         0.
  0.         0.         0.         0.         0.         0.
  0.         0.         0.         0.         0.         0.
  0.         0.         0.         0.         0.         0.
  0.         0.         0.         0.         0.         0.
  0.37333333 0.         0.         0.         0.         0.21333333
  0.         0.         0.         0.         0.         0.
  0.         0.         0.         0.         0.         0.
  0.         0.         0.         0.         0.         0.
  0.         0.         0.         0.         0.         0.
  0.         0.         0.         0.         0.21333333 0.
  0.         0.         0.         0.         0.37333333 0.
  0.         0.         0.         0.         0.         0.
  0.         0.         0.         0.         0.         0.
  0.         0.         0.         0.         0.         0.
  0.         0.         0.         0.         0.         0.
  0.         0.         0.         0.         0.         0.
  0.         0.         0.         0.         0.         0.
  0.         0.         0.         0.         0.         0.
  0.         0.         0.         0.         0.         0.
  0.         0.         0.         0.         0.         0.
  0.         0.         0.         0.         0.         0.
  0.         0.         0.         0.         0.         0.
  0.         0.         0.         0.         0.         0.
  0.         0.         0.         0.         0.         0.
  0.         0.         0.         0.         0.         0.
  0.         0.         0.         0.         0.         0.
  0.         0.         0.         0.         0.         0.
  0.         0.         0.         0.         0.         0.
  0.         0.         0.         0.         0.         0.
  0.         0.         1.         0.         0.         0.
  0.         0.         0.         0.         0.         0.
  0.         0.         0.         0.         0.         0.
  0.         0.         0.         0.         0.         0.
  0.        ]]"
"[[0.         0.         0.         0.         0.         0.
  0.         0.         0.         0.         0.         0.
  0.         0.         0.         0.         0.         0.
  0.         0.         0.         0.         0.         0.
  0.         0.         0.         0.         0.         0.
  0.         0.         0.         0.         0.         0.
  0.         0.         0.         0.         0.         0.
  0.         0.         0.25142857 0.         0.         0.
  0.         0.         0.         0.         0.         0.
  0.         0.         0.         0.         0.192      0.
  0.         0.         0.         0.         0.         0.
  0.         0.         0.         0.         0.         0.
  0.         0.         0.         0.         0.         0.
  0.         0.         0.         0.         0.16       0.
  0.         0.         0.         0.         0.         0.
  0.         0.         0.         0.         0.         0.
  0.         0.         0.         0.         0.         0.
  0.         0.         0.         0.         0.         0.
  0.         0.         0.         0.         0.         0.
  0.         0.         0.         0.         0.         0.
  0.         0.         0.4        0.         0.         0.
  0.         0.         0.         0.         0.         0.
  0.         0.         0.         0.         0.         0.
  0.         0.         0.         0.26666667 0.         0.
  0.         0.         0.         0.         0.         0.
  0.         0.         0.         0.         0.         0.
  0.         0.         0.         0.         0.         0.
  0.         0.         0.         0.         0.         0.
  0.         0.         0.         0.         0.         0.
  0.         0.         0.         0.         0.         0.
  0.         0.         0.         0.         0.         0.25142857
  0.         0.         0.         0.29333333 0.         0.
  0.         0.         0.         0.         0.         0.
  0.         0.         0.         0.         0.         0.
  0.         0.         0.         0.         0.         0.
  0.         0.         0.         0.         0.         0.
  0.         0.         0.         0.         0.         0.
  0.         0.         0.         0.         0.         0.
  0.         0.         0.         0.         0.         0.
  0.         0.         0.         0.         0.         0.
  0.         0.         0.24       0.         0.         0.
  0.         0.         0.         0.         0.         0.
  0.         0.         0.2        0.         0.26666667 0.
  0.         0.         0.         0.         0.         0.
  0.         0.         0.         0.         0.         0.
  0.         0.         0.         0.         0.         0.
  0.         0.         0.         0.         0.         0.
  0.         0.         0.         0.         0.         0.
  0.         0.         0.         0.         0.         0.
  0.         0.         0.         0.         0.         0.
  0.         0.         0.         0.         0.         0.
  0.         0.         0.         0.         0.         0.
  0.         0.         0.         0.         0.         0.
  0.         0.         0.         0.         0.         0.
  0.         0.         0.         0.         0.         0.
  0.         0.         0.         0.         0.         0.
  0.         0.         0.         0.         0.         0.
  0.         0.         0.         0.         0.         0.
  0.         0.         0.         0.         0.         0.
  0.         0.         0.         0.         0.         0.
  0.         0.         0.         0.         0.         0.
  0.         0.         0.         0.         0.         0.
  0.         0.         0.         0.         0.         0.
  0.352      0.         0.         0.         0.         0.
  0.         0.         0.         0.         0.         0.
  0.         0.         0.         0.         0.         0.
  0.352      0.         0.         0.         0.         0.
  0.         0.         0.         0.         0.         0.
  0.         0.         0.         0.         0.         0.
  0.         0.         0.         0.         0.         0.
  0.         0.         0.         0.         0.         0.
  0.         0.         0.         0.         0.         0.
  0.         0.         0.22       0.         0.         0.
  0.         0.         0.         0.         0.22       0.
  0.         0.         0.         1.         0.         0.
  0.         0.         0.         0.         0.         0.
  0.         0.29333333 0.         0.         0.         0.
  0.         0.         0.         0.         0.25142857 0.
  0.        ]]"
"[[0.         0.         0.         0.         0.         0.
  0.         0.         0.         0.         0.         0.
  0.         0.         0.44519629 0.         0.34109358 0.
  0.         0.         0.         0.         0.         0.30504223
  0.         0.         0.         0.         0.         0.
  0.         0.         0.         0.         0.16722223 0.19688817
  0.8        0.         0.         0.         0.         0.
  0.         0.         0.         0.         0.35217833 0.44519629
  0.49844408 0.44519629 0.         0.         0.16722223 0.31392908
  0.19688817 0.         0.21882826 0.         0.         0.27036244
  0.         0.         0.         0.         0.         0.
  0.44519629 0.         0.         0.         0.         0.
  0.         0.8        0.         0.         0.8        0.30559631
  0.         0.31392908 0.         0.         0.         0.32104223
  0.         0.         0.48069482 0.         0.         0.
  0.         0.         0.         0.8        0.         0.
  0.         0.         0.         0.         0.44519629 0.19688817
  0.27244033 0.         0.         0.         0.         0.
  0.         0.         0.8        0.         0.         0.8
  0.         0.         0.35217833 0.         0.         0.
  0.26934124 0.44519629 0.         0.8        0.         0.
  0.19803805 0.         0.21273726 0.         0.         0.33661028
  0.23367679 0.19803805 0.         0.         0.         0.
  0.         0.34800769 0.30330801 0.         0.         0.44519629
  0.         0.19803805 0.25181577 0.         0.44519629 0.44519629
  0.         0.         0.22385962 0.8        0.30559631 0.
  0.         0.23221395 0.2088635  0.         0.         0.
  0.30030989 0.44519629 0.         0.         0.         0.
  0.         0.15772201 0.         0.         0.35121833 0.44519629
  0.8        0.         0.32270512 0.8        0.         0.25781531
  0.8        0.         0.33221926 0.2599427  0.8        0.
  0.         0.         0.         0.         0.         0.28911228
  0.27976745 0.         0.         0.         0.35217833 0.
  0.         0.         0.         0.19688817 0.         0.
  0.         0.         0.44519629 0.44519629 0.         0.
  0.25335758 0.8        0.44519629 0.         0.3007382  0.
  0.         0.         0.8        0.         0.         0.
  0.53988372 0.         0.         0.         0.         0.30559631
  0.         0.44519629 0.         0.16722223 0.23221395 0.
  0.19688817 0.         0.         0.         0.         0.
  0.         0.         0.         0.         0.         0.30559631
  0.         0.22204062 0.44519629 0.30330801 0.         0.
  0.8        0.         0.         0.         0.         0.
  0.         0.19688817 0.         0.         0.         0.
  0.30559631 0.         0.44519629 0.         0.         0.
  0.         0.         0.30330801 0.44519629 0.         0.
  0.30030989 0.         0.8        0.         0.26506675 0.8
  0.19688817 0.16938025 0.         0.         0.23221395 0.
  0.         0.         0.         0.8        0.         0.
  0.         0.3976032  0.         0.4551134  0.         0.
  0.         0.32104223 0.         0.         0.         0.
  0.         0.         0.44519629 0.19803805 0.         0.44519629
  0.19688817 0.18448348 0.         0.19803805 0.         0.
  0.32270512 0.         0.         0.         0.         0.26945262
  0.23880605 0.         0.         0.8        0.         0.
  0.         0.         0.         0.         0.         0.23221395
  0.         0.         0.         0.         0.         0.38318432
  0.         0.         0.         0.         0.23220332 0.
  0.         0.         0.         0.26890513 0.         0.
  0.         0.         0.         0.27976745 0.         0.
  0.         0.         0.         0.         0.         0.
  0.         0.         0.         0.8        0.         0.
  0.44519629 0.44519629 0.         0.         0.         0.
  0.         0.27067282 0.         0.         0.         0.
  0.         0.         0.         0.         0.         0.44519629
  0.         0.         0.         0.         0.         0.
  0.         0.         0.         0.         0.         0.
  0.31138062 0.         0.         0.         0.         0.
  0.19803805 0.         0.2509652  0.         0.         0.22037888
  0.30330801 0.         0.         0.         0.         0.
  0.         0.         0.         0.44519629 0.53988372 0.
  0.19803805 0.30504223 0.         0.         0.         0.
  0.8        0.         0.         0.         0.         0.
  0.30330801 0.         0.         0.19688817 0.         0.
  0.         0.         0.         0.         1.         0.49844408
  0.         0.         0.         0.8        0.8        0.
  0.8        0.         0.44519629 0.         0.         0.
  0.         0.         0.         0.         0.         0.
  0.        ]]"
"[[0.         0.         0.         0.         0.         0.
  0.         0.         0.         0.         0.         0.
  0.         0.         0.29903933 0.         0.32817425 0.
  0.         0.         0.         0.         0.         0.35074171
  0.         0.         0.         0.         0.         0.
  0.         0.         0.         0.         0.16638652 0.41844408
  0.49844408 0.         0.         0.         0.         0.
  0.         0.         0.         0.         0.28385129 0.29903933
  0.45844408 0.29903933 0.         0.         0.16638652 0.29490951
  0.41844408 0.         0.33517687 0.         0.         0.30781254
  0.         0.         0.         0.         0.         0.
  0.29903933 0.         0.         0.         0.         0.
  0.         0.49844408 0.         0.         0.49844408 0.23811512
  0.         0.29490951 0.         0.         0.         0.35874171
  0.         0.         0.40530917 0.         0.         0.
  0.         0.         0.         0.49844408 0.         0.
  0.         0.         0.         0.         0.29903933 0.41844408
  0.31801685 0.         0.         0.         0.         0.
  0.         0.         0.49844408 0.         0.         0.49844408
  0.         0.         0.28385129 0.         0.         0.
  0.30945926 0.29903933 0.         0.49844408 0.         0.
  0.23679661 0.         0.21558901 0.         0.         0.3212965
  0.3395711  0.23679661 0.         0.         0.         0.
  0.         0.28007228 0.24240525 0.         0.         0.29903933
  0.         0.23679661 0.29406008 0.         0.29903933 0.29903933
  0.         0.         0.3821795  0.49844408 0.23811512 0.
  0.         0.24016591 0.33214035 0.         0.         0.
  0.28578557 0.29903933 0.         0.         0.         0.
  0.         0.1654867  0.         0.         0.3255415  0.29903933
  0.49844408 0.         0.26160262 0.49844408 0.         0.26121993
  0.49844408 0.         0.30565947 0.32910514 0.49844408 0.
  0.         0.         0.         0.         0.         0.29787705
  0.20466278 0.         0.         0.         0.28385129 0.
  0.         0.         0.         0.41844408 0.         0.
  0.         0.         0.29903933 0.29903933 0.         0.
  0.33111982 0.49844408 0.29903933 0.         0.27958838 0.
  0.         0.         0.49844408 0.         0.         0.
  0.35155343 0.         0.         0.         0.         0.23811512
  0.         0.29903933 0.         0.16638652 0.24016591 0.
  0.41844408 0.         0.         0.         0.         0.
  0.         0.         0.         0.         0.         0.23811512
  0.         0.20697742 0.29903933 0.24240525 0.         0.
  0.49844408 0.         0.         0.         0.         0.
  0.         0.41844408 0.         0.         0.         0.
  0.23811512 0.         0.29903933 0.         0.         0.
  0.         0.         0.24240525 0.29903933 0.         0.
  0.28578557 0.         0.49844408 0.         0.30532059 0.49844408
  0.41844408 0.29999677 0.         0.         0.24016591 0.
  0.         0.         0.         0.49844408 0.         0.
  0.         0.42531319 0.         0.33441705 0.         0.
  0.         0.35874171 0.         0.         0.         0.
  0.         0.         0.29903933 0.23679661 0.         0.29903933
  0.41844408 0.33599529 0.         0.23679661 0.         0.
  0.26160262 0.         0.         0.         0.         0.33185011
  0.35699377 0.         0.         0.49844408 0.         0.
  0.         0.         0.         0.         0.         0.24016591
  0.         0.         0.         0.         0.         0.28891397
  0.         0.         0.         0.         0.33691853 0.
  0.         0.         0.         0.23914052 0.         0.
  0.         0.         0.         0.20466278 0.         0.
  0.         0.         0.         0.         0.         0.
  0.         0.         0.         0.49844408 0.         0.
  0.29903933 0.29903933 0.         0.         0.         0.
  0.         0.29756981 0.         0.         0.         0.
  0.         0.         0.         0.         0.         0.29903933
  0.         0.         0.         0.         0.         0.
  0.         0.         0.         0.         0.         0.
  0.29903845 0.         0.         0.         0.         0.
  0.23679661 0.         0.3845929  0.         0.         0.34182544
  0.24240525 0.         0.         0.         0.         0.
  0.         0.         0.         0.29903933 0.35155343 0.
  0.23679661 0.35074171 0.         0.         0.         0.
  0.49844408 0.         0.         0.         0.         0.
  0.24240525 0.         0.         0.41844408 0.         0.
  0.         0.         0.         0.         0.49844408 1.
  0.         0.         0.         0.49844408 0.49844408 0.
  0.49844408 0.         0.29903933 0.         0.         0.
  0.         0.         0.         0.         0.         0.
  0.        ]]"
"[[0.         0.         0.         0.         0.         0.
  0.         0.         0.         0.         0.         0.
  0.         0.         0.         0.256      0.         0.09014012
  0.         0.         0.         0.         0.         0.
  0.         0.         0.256      0.256      0.         0.
  0.256      0.         0.         0.         0.         0.
  0.         0.         0.         0.256      0.         0.
  0.         0.256      0.         0.         0.         0.
  0.         0.         0.256      0.         0.         0.
  0.         0.8        0.         0.         0.         0.
  0.8        0.34253503 0.256      0.         0.         0.
  0.         0.         0.         0.         0.         0.64
  0.         0.         0.256      0.         0.         0.
  0.         0.         0.         0.         0.         0.
  0.         0.         0.         0.         0.         0.
  0.         0.8        0.         0.         0.         0.
  0.         0.         0.8        0.         0.         0.
  0.         0.09551002 0.         0.         0.64       0.
  0.         0.         0.         0.09551002 0.04868355 0.
  0.04868355 0.         0.         0.06248139 0.         0.06248139
  0.         0.         0.         0.         0.         0.8
  0.         0.256      0.         0.         0.         0.
  0.         0.         0.         0.         0.         0.64
  0.64       0.         0.         0.         0.         0.
  0.8        0.         0.         0.256      0.         0.
  0.         0.09014012 0.         0.         0.         0.09551002
  0.256      0.         0.         0.8        0.         0.
  0.         0.         0.04868355 0.         0.         0.
  0.256      0.         0.09014012 0.256      0.         0.
  0.         0.         0.         0.         0.         0.
  0.         0.64       0.         0.         0.         0.
  0.64       0.         0.256      0.         0.         0.
  0.         0.         0.256      0.         0.         0.
  0.64       0.         0.         0.         0.         0.64
  0.         0.         0.         0.         0.         0.
  0.         0.         0.         0.         0.         0.
  0.8        0.         0.         0.09551002 0.         0.
  0.         0.64       0.09551002 0.32       0.         0.
  0.8        0.         0.         0.         0.         0.
  0.         0.64       0.64       0.         0.         0.256
  0.         0.256      0.         0.64       0.09551002 0.
  0.         0.         0.         0.         0.         0.24338004
  0.         0.256      0.         0.         0.         0.34253503
  0.64       0.         0.         0.256      0.03183667 0.
  0.         0.         0.         0.256      0.256      0.
  0.         0.         0.         0.         0.         0.
  0.         0.         0.         0.         0.         0.
  0.         0.         0.64       0.         0.         0.8
  0.256      0.09551002 0.         0.         0.         0.64
  0.         0.         0.         0.         0.         0.
  0.256      0.         0.         0.         0.         0.02645056
  0.         0.03295268 0.         0.         0.         0.
  0.         0.         0.256      0.         0.64       0.256
  0.         0.         0.256      0.05392717 0.256      0.
  0.         0.         0.256      0.         0.         0.
  0.         0.         0.64       0.         0.         0.
  0.64       0.         0.         0.09551002 0.64       0.
  0.         0.09551002 0.         0.         0.         0.
  0.04868355 0.         0.         0.         0.64       0.8
  0.256      0.         0.64       0.         0.64       0.256
  0.8        0.         0.         0.         0.         0.09551002
  0.64       0.         0.         0.         0.         0.64
  0.         0.         0.64       0.256      0.8        0.64
  0.         0.         0.64       0.09551002 0.         0.09551002
  0.         0.         0.64       0.         0.04408427 0.
  0.09551002 0.         0.03295268 0.03295268 0.         0.
  0.         0.         0.         0.256      0.         0.
  0.         0.         0.44507006 0.         0.09551002 0.
  0.         0.         0.         0.         0.         0.
  0.         0.256      0.         0.09551002 0.09551002 0.
  0.         0.256      0.         0.         0.         0.
  0.         0.         0.         0.         0.64       0.40788717
  0.         0.         0.         0.         0.         0.
  0.         0.256      0.256      0.         0.         0.
  0.         0.         0.         0.         0.         0.
  1.         0.64       0.         0.         0.         0.
  0.         0.         0.         0.         0.         0.06102698
  0.256      0.         0.         0.         0.         0.
  0.        ]]"
"[[0.         0.         0.         0.         0.         0.
  0.         0.         0.         0.         0.         0.
  0.         0.         0.         0.256      0.         0.09014012
  0.         0.         0.         0.         0.         0.
  0.         0.         0.256      0.256      0.         0.
  0.256      0.         0.         0.         0.         0.
  0.         0.         0.         0.256      0.         0.
  0.         0.256      0.         0.         0.         0.
  0.         0.         0.256      0.         0.         0.
  0.         0.64       0.         0.         0.         0.
  0.64       0.34253503 0.256      0.         0.         0.
  0.         0.         0.         0.         0.         0.64
  0.         0.         0.256      0.         0.         0.
  0.         0.         0.         0.         0.         0.
  0.         0.         0.         0.         0.         0.
  0.         0.64       0.         0.         0.         0.
  0.         0.         0.64       0.         0.         0.
  0.         0.09551002 0.         0.         0.64       0.
  0.         0.         0.         0.09551002 0.04868355 0.
  0.04868355 0.         0.         0.06248139 0.         0.06248139
  0.         0.         0.         0.         0.         0.64
  0.         0.256      0.         0.         0.         0.
  0.         0.         0.         0.         0.         0.64
  0.8        0.         0.         0.         0.         0.
  0.64       0.         0.         0.256      0.         0.
  0.         0.09014012 0.         0.         0.         0.09551002
  0.256      0.         0.         0.64       0.         0.
  0.         0.         0.04868355 0.         0.         0.
  0.256      0.         0.09014012 0.256      0.         0.
  0.         0.         0.         0.         0.         0.
  0.         0.8        0.         0.         0.         0.
  0.72       0.         0.256      0.         0.         0.
  0.         0.         0.256      0.         0.         0.
  0.64       0.         0.         0.         0.         0.64
  0.         0.         0.         0.         0.         0.
  0.         0.         0.         0.         0.         0.
  0.64       0.         0.         0.09551002 0.         0.
  0.         0.8        0.09551002 0.32       0.         0.
  0.64       0.         0.         0.         0.         0.
  0.         0.64       0.8        0.         0.         0.256
  0.         0.256      0.         0.8        0.09551002 0.
  0.         0.         0.         0.         0.         0.24338004
  0.         0.256      0.         0.         0.         0.34253503
  0.64       0.         0.         0.256      0.03183667 0.
  0.         0.         0.         0.256      0.256      0.
  0.         0.         0.         0.         0.         0.
  0.         0.         0.         0.         0.         0.
  0.         0.         0.64       0.         0.         0.64
  0.256      0.09551002 0.         0.         0.         0.64
  0.         0.         0.         0.         0.         0.
  0.256      0.         0.         0.         0.         0.02645056
  0.         0.03295268 0.         0.         0.         0.
  0.         0.         0.256      0.         0.64       0.256
  0.         0.         0.256      0.05392717 0.256      0.
  0.         0.         0.256      0.         0.         0.
  0.         0.         0.8        0.         0.         0.
  0.8        0.         0.         0.09551002 0.8        0.
  0.         0.09551002 0.         0.         0.         0.
  0.04868355 0.         0.         0.         0.64       0.64
  0.256      0.         0.8        0.         0.8        0.256
  0.64       0.         0.         0.         0.         0.09551002
  0.8        0.         0.         0.         0.         0.64
  0.         0.         0.64       0.256      0.64       0.8
  0.         0.         0.8        0.09551002 0.         0.09551002
  0.         0.         0.64       0.         0.04408427 0.
  0.09551002 0.         0.03295268 0.03295268 0.         0.
  0.         0.         0.         0.256      0.         0.
  0.         0.         0.36507006 0.         0.09551002 0.
  0.         0.         0.         0.         0.         0.
  0.         0.256      0.         0.09551002 0.09551002 0.
  0.         0.256      0.         0.         0.         0.
  0.         0.         0.         0.         0.8        0.40788717
  0.         0.         0.         0.         0.         0.
  0.         0.256      0.256      0.         0.         0.
  0.         0.         0.         0.         0.         0.
  0.64       1.         0.         0.         0.         0.
  0.         0.         0.         0.         0.         0.06102698
  0.256      0.         0.         0.         0.         0.
  0.        ]]"
"[[0.         0.         0.         0.         0.         0.
  0.         0.         0.         0.         0.         0.
  0.         0.         0.         0.         0.         0.
  0.         0.         0.         0.         0.         0.
  0.         0.         0.         0.         0.         0.
  0.         0.         0.         0.         0.         0.
  0.         0.         0.17884471 0.         0.         0.
  0.         0.         0.         0.         0.         0.
  0.         0.         0.         0.         0.         0.
  0.         0.         0.         0.         0.         0.
  0.         0.         0.         0.         0.         0.
  0.         0.         0.         0.20257189 0.         0.
  0.         0.         0.         0.         0.         0.
  0.         0.         0.         0.         0.         0.
  0.         0.         0.         0.         0.         0.
  0.         0.         0.         0.         0.         0.
  0.         0.         0.         0.         0.         0.
  0.         0.         0.         0.         0.         0.
  0.         0.         0.         0.         0.         0.
  0.         0.         0.         0.         0.         0.
  0.         0.         0.         0.         0.         0.
  0.         0.         0.         0.         0.         0.
  0.         0.         0.16568273 0.         0.         0.
  0.         0.         0.         0.         0.         0.
  0.         0.         0.         0.         0.         0.
  0.         0.         0.         0.         0.         0.
  0.         0.         0.         0.         0.         0.
  0.         0.         0.         0.         0.         0.
  0.         0.         0.         0.         0.         0.
  0.         0.         0.         0.         0.         0.
  0.         0.         0.         0.         0.         0.
  0.         0.         0.         0.         0.         0.
  0.         0.         0.         0.         0.         0.
  0.         0.         0.         0.         0.         0.
  0.         0.         0.         0.         0.         0.
  0.         0.         0.         0.         0.         0.14831019
  0.         0.         0.         0.         0.         0.
  0.         0.         0.         0.         0.         0.
  0.         0.         0.         0.         0.         0.
  0.         0.         0.         0.         0.         0.
  0.         0.         0.         0.         0.         0.
  0.         0.         0.         0.         0.         0.
  0.         0.         0.         0.         0.         0.
  0.         0.         0.         0.         0.         0.1727276
  0.         0.         0.         0.         0.         0.
  0.         0.         0.         0.         0.         0.
  0.         0.19867051 0.         0.         0.         0.
  0.         0.         0.         0.17884471 0.         0.
  0.         0.         0.         0.         0.         0.
  0.         0.         0.         0.         0.1612187  0.
  0.         0.         0.         0.         0.         0.
  0.         0.         0.         0.         0.         0.
  0.         0.         0.         0.         0.         0.
  0.         0.         0.         0.         0.         0.
  0.         0.         0.         0.         0.         0.
  0.         0.         0.         0.         0.         0.
  0.         0.         0.         0.         0.         0.
  0.14831019 0.         0.         0.         0.         0.
  0.         0.14831019 0.         0.         0.         0.
  0.         0.         0.         0.         0.         0.
  0.         0.17322203 0.         0.         0.         0.
  0.         0.         0.         0.         0.         0.
  0.         0.         0.         0.         0.         0.
  0.         0.         0.         0.         0.         0.
  0.         0.         0.         0.         0.         0.
  0.         0.         0.         0.         0.         0.
  0.         0.         0.         0.         0.         0.
  0.         0.         0.         0.         0.         0.
  0.         0.19867051 0.         0.18666169 0.         0.
  0.         0.         0.         0.         0.         0.20257189
  0.         0.         0.         0.         0.         0.
  0.         0.         0.         0.         0.         0.
  0.         0.19867051 0.         0.         0.         0.
  0.         0.         0.         0.         0.         0.
  0.         0.         0.         0.         0.         0.
  0.         0.         1.         0.         0.         0.1689318
  0.         0.         0.         0.         0.         0.
  0.         0.         0.         0.         0.         0.
  0.        ]]"
"[[0.         0.         0.         0.         0.         0.
  0.         0.         0.         0.         0.         0.
  0.         0.         0.44519629 0.         0.34109358 0.
  0.         0.         0.         0.         0.         0.30504223
  0.         0.         0.         0.         0.         0.
  0.         0.         0.         0.         0.16722223 0.19688817
  0.8        0.         0.         0.         0.         0.
  0.         0.         0.         0.         0.35217833 0.44519629
  0.49844408 0.44519629 0.         0.         0.16722223 0.31392908
  0.19688817 0.         0.21882826 0.         0.         0.27036244
  0.         0.         0.         0.         0.         0.
  0.44519629 0.         0.         0.         0.         0.
  0.         0.8        0.         0.         0.8        0.30559631
  0.         0.31392908 0.         0.         0.         0.32104223
  0.         0.         0.48069482 0.         0.         0.
  0.         0.         0.         0.8        0.         0.
  0.         0.         0.         0.         0.44519629 0.19688817
  0.27244033 0.         0.         0.         0.         0.
  0.         0.         0.8        0.         0.         0.8
  0.         0.         0.35217833 0.         0.         0.
  0.26934124 0.44519629 0.         0.8        0.         0.
  0.19803805 0.         0.21273726 0.         0.         0.33661028
  0.23367679 0.19803805 0.         0.         0.         0.
  0.         0.34800769 0.30330801 0.         0.         0.44519629
  0.         0.19803805 0.25181577 0.         0.44519629 0.44519629
  0.         0.         0.22385962 0.8        0.30559631 0.
  0.         0.23221395 0.2088635  0.         0.         0.
  0.30030989 0.44519629 0.         0.         0.         0.
  0.         0.15772201 0.         0.         0.35121833 0.44519629
  0.8        0.         0.32270512 0.8        0.         0.25781531
  0.8        0.         0.33221926 0.2599427  0.8        0.
  0.         0.         0.         0.         0.         0.28911228
  0.27976745 0.         0.         0.         0.35217833 0.
  0.         0.         0.         0.19688817 0.         0.
  0.         0.         0.44519629 0.44519629 0.         0.
  0.25335758 0.8        0.44519629 0.         0.3007382  0.
  0.         0.         0.8        0.         0.         0.
  0.53988372 0.         0.         0.         0.         0.30559631
  0.         0.44519629 0.         0.16722223 0.23221395 0.
  0.19688817 0.         0.         0.         0.         0.
  0.         0.         0.         0.         0.         0.30559631
  0.         0.22204062 0.44519629 0.30330801 0.         0.
  0.8        0.         0.         0.         0.         0.
  0.         0.19688817 0.         0.         0.         0.
  0.30559631 0.         0.44519629 0.         0.         0.
  0.         0.         0.30330801 0.44519629 0.         0.
  0.30030989 0.         0.8        0.         0.26506675 0.8
  0.19688817 0.16938025 0.         0.         0.23221395 0.
  0.         0.         0.         0.8        0.         0.
  0.         0.3976032  0.         0.4551134  0.         0.
  0.         0.32104223 0.         0.         0.         0.
  0.         0.         0.44519629 0.19803805 0.         0.44519629
  0.19688817 0.18448348 0.         0.19803805 0.         0.
  0.32270512 0.         0.         0.         0.         0.26945262
  0.23880605 0.         0.         0.8        0.         0.
  0.         0.         0.         0.         0.         0.23221395
  0.         0.         0.         0.         0.         0.38318432
  0.         0.         0.         0.         0.23220332 0.
  0.         0.         0.         0.26890513 0.         0.
  0.         0.         0.         0.27976745 0.         0.
  0.         0.         0.         0.         0.         0.
  0.         0.         0.         0.8        0.         0.
  0.44519629 0.44519629 0.         0.         0.         0.
  0.         0.27067282 0.         0.         0.         0.
  0.         0.         0.         0.         0.         0.44519629
  0.         0.         0.         0.         0.         0.
  0.         0.         0.         0.         0.         0.
  0.31138062 0.         0.         0.         0.         0.
  0.19803805 0.         0.2509652  0.         0.         0.22037888
  0.30330801 0.         0.         0.         0.         0.
  0.         0.         0.         0.44519629 0.53988372 0.
  0.19803805 0.30504223 0.         0.         0.         0.
  0.8        0.         0.         0.         0.         0.
  0.30330801 0.         0.         0.19688817 0.         0.
  0.         0.         0.         0.         0.8        0.49844408
  0.         0.         0.         1.         0.8        0.
  0.8        0.         0.44519629 0.         0.         0.
  0.         0.         0.         0.         0.         0.
  0.        ]]"
"[[0.         0.         0.         0.         0.         0.
  0.         0.         0.         0.         0.         0.
  0.         0.         0.44519629 0.         0.34109358 0.
  0.         0.         0.         0.         0.         0.30504223
  0.         0.         0.         0.         0.         0.
  0.         0.         0.         0.         0.16722223 0.19688817
  0.8        0.         0.         0.         0.         0.
  0.         0.         0.         0.         0.35217833 0.44519629
  0.49844408 0.44519629 0.         0.         0.16722223 0.31392908
  0.19688817 0.         0.21882826 0.         0.         0.27036244
  0.         0.         0.         0.         0.         0.
  0.44519629 0.         0.         0.         0.         0.
  0.         0.8        0.         0.         0.8        0.30559631
  0.         0.31392908 0.         0.         0.         0.32104223
  0.         0.         0.48069482 0.         0.         0.
  0.         0.         0.         0.8        0.         0.
  0.         0.         0.         0.         0.44519629 0.19688817
  0.27244033 0.         0.         0.         0.         0.
  0.         0.         0.8        0.         0.         0.8
  0.         0.         0.35217833 0.         0.         0.
  0.26934124 0.44519629 0.         0.8        0.         0.
  0.19803805 0.         0.21273726 0.         0.         0.33661028
  0.23367679 0.19803805 0.         0.         0.         0.
  0.         0.34800769 0.30330801 0.         0.         0.44519629
  0.         0.19803805 0.25181577 0.         0.44519629 0.44519629
  0.         0.         0.22385962 0.8        0.30559631 0.
  0.         0.23221395 0.2088635  0.         0.         0.
  0.30030989 0.44519629 0.         0.         0.         0.
  0.         0.15772201 0.         0.         0.35121833 0.44519629
  0.8        0.         0.32270512 0.8        0.         0.25781531
  0.8        0.         0.33221926 0.2599427  0.8        0.
  0.         0.         0.         0.         0.         0.28911228
  0.27976745 0.         0.         0.         0.35217833 0.
  0.         0.         0.         0.19688817 0.         0.
  0.         0.         0.44519629 0.44519629 0.         0.
  0.25335758 0.8        0.44519629 0.         0.3007382  0.
  0.         0.         0.8        0.         0.         0.
  0.53988372 0.         0.         0.         0.         0.30559631
  0.         0.44519629 0.         0.16722223 0.23221395 0.
  0.19688817 0.         0.         0.         0.         0.
  0.         0.         0.         0.         0.         0.30559631
  0.         0.22204062 0.44519629 0.30330801 0.         0.
  0.8        0.         0.         0.         0.         0.
  0.         0.19688817 0.         0.         0.         0.
  0.30559631 0.         0.44519629 0.         0.         0.
  0.         0.         0.30330801 0.44519629 0.         0.
  0.30030989 0.         0.8        0.         0.26506675 0.8
  0.19688817 0.16938025 0.         0.         0.23221395 0.
  0.         0.         0.         0.8        0.         0.
  0.         0.3976032  0.         0.4551134  0.         0.
  0.         0.32104223 0.         0.         0.         0.
  0.         0.         0.44519629 0.19803805 0.         0.44519629
  0.19688817 0.18448348 0.         0.19803805 0.         0.
  0.32270512 0.         0.         0.         0.         0.26945262
  0.23880605 0.         0.         0.8        0.         0.
  0.         0.         0.         0.         0.         0.23221395
  0.         0.         0.         0.         0.         0.38318432
  0.         0.         0.         0.         0.23220332 0.
  0.         0.         0.         0.26890513 0.         0.
  0.         0.         0.         0.27976745 0.         0.
  0.         0.         0.         0.         0.         0.
  0.         0.         0.         0.8        0.         0.
  0.44519629 0.44519629 0.         0.         0.         0.
  0.         0.27067282 0.         0.         0.         0.
  0.         0.         0.         0.         0.         0.44519629
  0.         0.         0.         0.         0.         0.
  0.         0.         0.         0.         0.         0.
  0.31138062 0.         0.         0.         0.         0.
  0.19803805 0.         0.2509652  0.         0.         0.22037888
  0.30330801 0.         0.         0.         0.         0.
  0.         0.         0.         0.44519629 0.53988372 0.
  0.19803805 0.30504223 0.         0.         0.         0.
  0.8        0.         0.         0.         0.         0.
  0.30330801 0.         0.         0.19688817 0.         0.
  0.         0.         0.         0.         0.8        0.49844408
  0.         0.         0.         0.8        1.         0.
  0.8        0.         0.44519629 0.         0.         0.
  0.         0.         0.         0.         0.         0.
  0.        ]]"
"[[0.         0.         0.         0.         0.         0.
  0.         0.         0.         0.         0.         0.
  0.         0.         0.         0.         0.         0.
  0.         0.         0.         0.         0.         0.
  0.         0.         0.         0.         0.         0.
  0.         0.         0.         0.         0.         0.
  0.         0.         0.17529502 0.         0.         0.
  0.         0.         0.         0.         0.         0.
  0.         0.         0.         0.         0.         0.
  0.         0.         0.         0.         0.         0.
  0.         0.         0.         0.         0.         0.
  0.         0.         0.         0.10888067 0.         0.
  0.         0.         0.         0.         0.         0.
  0.         0.         0.         0.         0.         0.
  0.         0.         0.         0.         0.         0.
  0.         0.         0.         0.         0.         0.
  0.         0.         0.         0.         0.         0.
  0.         0.         0.         0.         0.         0.
  0.         0.         0.         0.         0.         0.
  0.         0.         0.         0.         0.         0.
  0.         0.         0.         0.         0.         0.
  0.         0.         0.         0.         0.         0.
  0.         0.         0.15791006 0.         0.         0.
  0.         0.         0.         0.         0.         0.
  0.         0.         0.         0.         0.         0.
  0.         0.         0.         0.         0.         0.
  0.         0.         0.         0.         0.         0.
  0.         0.         0.         0.         0.         0.
  0.         0.         0.         0.         0.         0.
  0.         0.         0.         0.         0.         0.
  0.         0.         0.         0.         0.         0.
  0.         0.         0.         0.         0.         0.
  0.         0.         0.         0.         0.         0.
  0.         0.         0.         0.         0.         0.
  0.         0.         0.         0.         0.         0.
  0.         0.         0.         0.         0.         0.17754459
  0.         0.         0.         0.         0.         0.
  0.         0.         0.         0.         0.         0.
  0.         0.         0.         0.         0.         0.
  0.         0.         0.         0.         0.         0.
  0.         0.         0.         0.         0.         0.
  0.         0.         0.         0.         0.         0.
  0.         0.         0.         0.         0.         0.
  0.         0.         0.         0.         0.         0.17604334
  0.         0.         0.         0.         0.         0.
  0.         0.         0.         0.         0.         0.
  0.         0.11508775 0.         0.         0.         0.
  0.         0.         0.         0.17529502 0.         0.
  0.         0.         0.         0.         0.         0.
  0.         0.         0.         0.         0.20095634 0.
  0.         0.         0.         0.         0.         0.
  0.         0.         0.         0.         0.         0.
  0.         0.         0.         0.         0.         0.
  0.         0.         0.         0.         0.         0.
  0.         0.         0.         0.         0.         0.
  0.         0.         0.         0.         0.         0.
  0.         0.         0.         0.         0.         0.
  0.17754459 0.         0.         0.         0.         0.
  0.         0.17754459 0.         0.         0.         0.
  0.         0.         0.         0.         0.         0.
  0.         0.17675119 0.         0.         0.         0.
  0.         0.         0.         0.         0.         0.
  0.         0.         0.         0.         0.         0.
  0.         0.         0.         0.         0.         0.
  0.         0.         0.         0.         0.         0.
  0.         0.         0.         0.         0.         0.
  0.         0.         0.         0.         0.         0.
  0.         0.         0.         0.         0.         0.
  0.         0.11508775 0.         0.18413741 0.         0.
  0.         0.         0.         0.         0.         0.10888067
  0.         0.         0.         0.         0.         0.
  0.         0.         0.         0.         0.         0.
  0.         0.11508775 0.         0.         0.         0.
  0.         0.         0.         0.         0.         0.
  0.         0.         0.         0.         0.         0.
  0.         0.         0.1689318  0.         0.         1.
  0.         0.         0.         0.         0.         0.
  0.         0.         0.         0.         0.         0.
  0.        ]]"
"[[0.         0.         0.         0.         0.         0.
  0.         0.         0.         0.         0.         0.
  0.         0.         0.44519629 0.         0.34109358 0.
  0.         0.         0.         0.         0.         0.30504223
  0.         0.         0.         0.         0.         0.
  0.         0.         0.         0.         0.16722223 0.19688817
  0.8        0.         0.         0.         0.         0.
  0.         0.         0.         0.         0.35217833 0.44519629
  0.49844408 0.44519629 0.         0.         0.16722223 0.31392908
  0.19688817 0.         0.21882826 0.         0.         0.27036244
  0.         0.         0.         0.         0.         0.
  0.44519629 0.         0.         0.         0.         0.
  0.         0.8        0.         0.         0.8        0.30559631
  0.         0.31392908 0.         0.         0.         0.32104223
  0.         0.         0.48069482 0.         0.         0.
  0.         0.         0.         0.8        0.         0.
  0.         0.         0.         0.         0.44519629 0.19688817
  0.27244033 0.         0.         0.         0.         0.
  0.         0.         0.8        0.         0.         0.8
  0.         0.         0.35217833 0.         0.         0.
  0.26934124 0.44519629 0.         0.8        0.         0.
  0.19803805 0.         0.21273726 0.         0.         0.33661028
  0.23367679 0.19803805 0.         0.         0.         0.
  0.         0.34800769 0.30330801 0.         0.         0.44519629
  0.         0.19803805 0.25181577 0.         0.44519629 0.44519629
  0.         0.         0.22385962 0.8        0.30559631 0.
  0.         0.23221395 0.2088635  0.         0.         0.
  0.30030989 0.44519629 0.         0.         0.         0.
  0.         0.15772201 0.         0.         0.35121833 0.44519629
  0.8        0.         0.32270512 0.8        0.         0.25781531
  0.8        0.         0.33221926 0.2599427  0.8        0.
  0.         0.         0.         0.         0.         0.28911228
  0.27976745 0.         0.         0.         0.35217833 0.
  0.         0.         0.         0.19688817 0.         0.
  0.         0.         0.44519629 0.44519629 0.         0.
  0.25335758 0.8        0.44519629 0.         0.3007382  0.
  0.         0.         0.8        0.         0.         0.
  0.53988372 0.         0.         0.         0.         0.30559631
  0.         0.44519629 0.         0.16722223 0.23221395 0.
  0.19688817 0.         0.         0.         0.         0.
  0.         0.         0.         0.         0.         0.30559631
  0.         0.22204062 0.44519629 0.30330801 0.         0.
  0.8        0.         0.         0.         0.         0.
  0.         0.19688817 0.         0.         0.         0.
  0.30559631 0.         0.44519629 0.         0.         0.
  0.         0.         0.30330801 0.44519629 0.         0.
  0.30030989 0.         0.8        0.         0.26506675 0.8
  0.19688817 0.16938025 0.         0.         0.23221395 0.
  0.         0.         0.         0.8        0.         0.
  0.         0.3976032  0.         0.4551134  0.         0.
  0.         0.32104223 0.         0.         0.         0.
  0.         0.         0.44519629 0.19803805 0.         0.44519629
  0.19688817 0.18448348 0.         0.19803805 0.         0.
  0.32270512 0.         0.         0.         0.         0.26945262
  0.23880605 0.         0.         0.8        0.         0.
  0.         0.         0.         0.         0.         0.23221395
  0.         0.         0.         0.         0.         0.38318432
  0.         0.         0.         0.         0.23220332 0.
  0.         0.         0.         0.26890513 0.         0.
  0.         0.         0.         0.27976745 0.         0.
  0.         0.         0.         0.         0.         0.
  0.         0.         0.         0.8        0.         0.
  0.44519629 0.44519629 0.         0.         0.         0.
  0.         0.27067282 0.         0.         0.         0.
  0.         0.         0.         0.         0.         0.44519629
  0.         0.         0.         0.         0.         0.
  0.         0.         0.         0.         0.         0.
  0.31138062 0.         0.         0.         0.         0.
  0.19803805 0.         0.2509652  0.         0.         0.22037888
  0.30330801 0.         0.         0.         0.         0.
  0.         0.         0.         0.44519629 0.53988372 0.
  0.19803805 0.30504223 0.         0.         0.         0.
  0.8        0.         0.         0.         0.         0.
  0.30330801 0.         0.         0.19688817 0.         0.
  0.         0.         0.         0.         0.8        0.49844408
  0.         0.         0.         0.8        0.8        0.
  1.         0.         0.44519629 0.         0.         0.
  0.         0.         0.         0.         0.         0.
  0.        ]]"
"[[0.         0.         0.         0.         0.         0.
  0.         0.         0.         0.         0.         0.
  0.         0.         0.         0.         0.         0.
  0.09958583 0.         0.         0.09958583 0.         0.
  0.         0.         0.         0.         0.10449687 0.
  0.         0.09585586 0.         0.         0.         0.
  0.         0.09958583 0.         0.         0.09958583 0.
  0.         0.         0.20972553 0.         0.         0.
  0.         0.         0.         0.         0.         0.
  0.         0.         0.         0.         0.21185686 0.
  0.         0.         0.         0.         0.         0.09958583
  0.         0.         0.         0.         0.         0.
  0.         0.         0.         0.         0.         0.
  0.         0.         0.09958583 0.09958583 0.23747581 0.
  0.         0.         0.         0.20700607 0.         0.09958583
  0.         0.         0.         0.         0.         0.
  0.09958583 0.         0.         0.09958583 0.         0.
  0.         0.         0.         0.         0.         0.
  0.09958583 0.09958583 0.         0.         0.         0.
  0.         0.         0.         0.         0.         0.
  0.         0.         0.24639383 0.         0.         0.
  0.         0.         0.         0.         0.09958583 0.
  0.         0.         0.         0.         0.         0.
  0.         0.         0.         0.23326458 0.09958583 0.
  0.         0.         0.         0.         0.         0.
  0.         0.         0.         0.         0.         0.
  0.         0.         0.         0.         0.         0.09958583
  0.         0.         0.         0.         0.         0.09958583
  0.         0.         0.         0.         0.         0.
  0.         0.09958583 0.         0.         0.         0.
  0.         0.         0.         0.         0.         0.20972553
  0.         0.         0.         0.19093526 0.         0.
  0.         0.         0.         0.         0.         0.
  0.         0.         0.         0.         0.         0.
  0.09958583 0.         0.         0.         0.09958583 0.09958583
  0.         0.         0.         0.         0.         0.
  0.         0.         0.         0.         0.         0.
  0.         0.         0.         0.         0.         0.
  0.         0.         0.         0.         0.         0.
  0.         0.         0.         0.         0.         0.
  0.         0.         0.19207124 0.         0.         0.
  0.09958583 0.         0.         0.         0.09958583 0.
  0.         0.         0.19594675 0.         0.19226032 0.
  0.         0.         0.         0.         0.         0.
  0.         0.         0.         0.         0.         0.
  0.         0.         0.         0.         0.         0.
  0.         0.         0.         0.         0.         0.
  0.         0.         0.         0.         0.         0.
  0.         0.         0.         0.         0.09958583 0.
  0.         0.         0.         0.         0.         0.
  0.         0.         0.09958583 0.         0.04199664 0.
  0.09958583 0.         0.         0.         0.         0.
  0.         0.         0.         0.         0.         0.
  0.         0.         0.         0.         0.         0.
  0.         0.         0.         0.         0.         0.
  0.10449687 0.09958583 0.         0.         0.         0.
  0.         0.09958583 0.09958583 0.         0.         0.
  0.         0.         0.         0.         0.         0.
  0.         0.         0.09958583 0.         0.         0.
  0.         0.09958583 0.         0.         0.         0.
  0.         0.         0.         0.09958583 0.         0.
  0.         0.         0.         0.         0.         0.
  0.         0.         0.         0.         0.         0.
  0.25492231 0.         0.         0.         0.         0.
  0.         0.         0.         0.         0.         0.
  0.         0.09958583 0.         0.         0.         0.
  0.22912232 0.         0.         0.         0.09958583 0.09958583
  0.         0.         0.         0.         0.         0.
  0.         0.         0.         0.         0.         0.
  0.         0.         0.09958583 0.         0.         0.
  0.         0.         0.09585586 0.         0.         0.09958583
  0.         0.         0.09958583 0.         0.         0.
  0.         0.         0.194009   0.         0.09958583 0.
  0.         0.         0.         0.         0.194009   0.
  0.         0.         0.         0.29333333 0.         0.
  0.         0.         0.         0.         0.         0.
  0.         1.         0.         0.09958583 0.         0.
  0.         0.         0.         0.         0.22172457 0.
  0.        ]]"
"[[0.         0.         0.         0.         0.         0.
  0.         0.         0.         0.         0.         0.
  0.         0.         0.8        0.         0.39229413 0.
  0.         0.         0.         0.         0.         0.33244119
  0.         0.         0.         0.         0.         0.
  0.         0.         0.         0.         0.17043872 0.15288238
  0.44519629 0.         0.         0.         0.         0.
  0.         0.         0.         0.         0.45409874 0.8
  0.29903933 0.8        0.         0.         0.17043872 0.35113562
  0.15288238 0.         0.18604718 0.         0.         0.27974558
  0.         0.         0.         0.         0.         0.
  0.64       0.         0.         0.         0.         0.
  0.         0.44519629 0.         0.         0.44519629 0.35958374
  0.         0.35113562 0.         0.         0.         0.39644119
  0.         0.         0.46602622 0.         0.         0.
  0.         0.         0.         0.44519629 0.         0.
  0.         0.         0.         0.         0.8        0.15288238
  0.27302556 0.         0.         0.         0.         0.
  0.         0.         0.44519629 0.         0.         0.44519629
  0.         0.         0.45409874 0.         0.         0.
  0.27743458 0.8        0.         0.44519629 0.         0.
  0.16524586 0.         0.20305623 0.         0.         0.42526996
  0.22394201 0.16524586 0.         0.         0.         0.
  0.         0.4415524  0.34433176 0.         0.         0.64
  0.         0.16524586 0.25945255 0.         0.8        0.8
  0.         0.         0.20029674 0.44519629 0.35958374 0.
  0.         0.21680308 0.18548975 0.         0.         0.
  0.32874686 0.8        0.         0.         0.         0.
  0.         0.14873826 0.         0.         0.45281874 0.8
  0.44519629 0.         0.36440154 0.44519629 0.         0.27181922
  0.44519629 0.         0.38411653 0.23334155 0.44519629 0.
  0.         0.         0.         0.         0.         0.31091953
  0.3418325  0.         0.         0.         0.45409874 0.
  0.         0.         0.         0.15288238 0.         0.
  0.         0.         0.8        0.64       0.         0.
  0.2284161  0.44519629 0.8        0.         0.33097328 0.
  0.         0.         0.44519629 0.         0.         0.
  0.39351439 0.         0.         0.         0.         0.35958374
  0.         0.8        0.         0.17043872 0.21680308 0.
  0.15288238 0.         0.         0.         0.         0.
  0.         0.         0.         0.         0.         0.35958374
  0.         0.23079213 0.8        0.34433176 0.         0.
  0.44519629 0.         0.         0.         0.         0.
  0.         0.15288238 0.         0.         0.         0.
  0.35958374 0.         0.64       0.         0.         0.
  0.         0.         0.34433176 0.8        0.         0.
  0.32874686 0.         0.44519629 0.         0.2815388  0.44519629
  0.15288238 0.12566528 0.         0.         0.21680308 0.
  0.         0.         0.         0.44519629 0.         0.
  0.         0.25487425 0.         0.36805328 0.         0.
  0.         0.39644119 0.         0.         0.         0.
  0.         0.         0.8        0.16524586 0.         0.8
  0.15288238 0.14292334 0.         0.16524586 0.         0.
  0.36440154 0.         0.         0.         0.         0.24508734
  0.22752403 0.         0.         0.44519629 0.         0.
  0.         0.         0.         0.         0.         0.21680308
  0.         0.         0.         0.         0.         0.51606583
  0.         0.         0.         0.         0.21967129 0.
  0.         0.         0.         0.28819341 0.         0.
  0.         0.         0.         0.3418325  0.         0.
  0.         0.         0.         0.         0.         0.
  0.         0.         0.         0.44519629 0.         0.
  0.8        0.8        0.         0.         0.         0.
  0.         0.29723816 0.         0.         0.         0.
  0.         0.         0.         0.         0.         0.8
  0.         0.         0.         0.         0.         0.
  0.         0.         0.         0.         0.         0.
  0.37473012 0.         0.         0.         0.         0.
  0.16524586 0.         0.24266179 0.         0.         0.2049482
  0.34433176 0.         0.         0.         0.         0.
  0.         0.         0.         0.64       0.39351439 0.
  0.16524586 0.33244119 0.         0.         0.         0.
  0.44519629 0.         0.         0.         0.         0.
  0.34433176 0.         0.         0.15288238 0.         0.
  0.         0.         0.         0.         0.44519629 0.29903933
  0.         0.         0.         0.44519629 0.44519629 0.
  0.44519629 0.         1.         0.         0.         0.
  0.         0.         0.         0.         0.         0.
  0.        ]]"
"[[0.         0.         0.         0.         0.         0.
  0.         0.         0.         0.         0.         0.
  0.         0.         0.         0.         0.         0.
  0.8        0.         0.         0.8        0.         0.
  0.         0.         0.         0.         0.18027303 0.
  0.         0.1714402  0.         0.         0.         0.
  0.         0.8        0.         0.         0.8        0.
  0.         0.         0.08535929 0.         0.         0.
  0.         0.         0.         0.         0.         0.
  0.         0.         0.         0.         0.12027214 0.
  0.         0.         0.         0.         0.         0.8
  0.         0.         0.         0.         0.         0.
  0.         0.         0.         0.         0.         0.
  0.         0.         0.8        0.8        0.12856171 0.
  0.         0.         0.         0.16985201 0.         0.8
  0.         0.         0.         0.         0.         0.
  0.8        0.         0.         0.8        0.         0.
  0.         0.         0.         0.         0.         0.
  0.8        0.8        0.         0.         0.         0.
  0.         0.         0.         0.         0.         0.
  0.         0.         0.08526979 0.         0.         0.
  0.         0.         0.         0.         0.8        0.
  0.         0.         0.         0.         0.         0.
  0.         0.         0.         0.11346386 0.8        0.
  0.         0.         0.         0.         0.         0.
  0.         0.         0.         0.         0.         0.
  0.         0.         0.         0.         0.         0.8
  0.         0.         0.         0.         0.         0.8
  0.         0.         0.         0.         0.         0.
  0.         0.8        0.         0.         0.         0.
  0.         0.         0.         0.         0.         0.08535929
  0.         0.         0.         0.07191812 0.         0.
  0.         0.         0.         0.         0.         0.
  0.         0.         0.         0.         0.         0.
  0.8        0.         0.         0.         0.8        0.8
  0.         0.         0.         0.         0.         0.
  0.         0.         0.         0.         0.         0.
  0.         0.         0.         0.         0.         0.
  0.         0.         0.         0.         0.         0.
  0.         0.         0.         0.         0.         0.
  0.         0.         0.06428085 0.         0.         0.
  0.8        0.         0.         0.         0.8        0.
  0.         0.         0.12869422 0.         0.11497495 0.
  0.         0.         0.         0.         0.         0.
  0.         0.         0.         0.         0.         0.
  0.         0.         0.         0.         0.         0.
  0.         0.         0.         0.         0.         0.
  0.         0.         0.         0.         0.         0.
  0.         0.         0.         0.         0.8        0.
  0.         0.         0.         0.         0.         0.
  0.         0.         0.8        0.         0.08719264 0.
  0.8        0.         0.         0.         0.         0.
  0.         0.         0.         0.         0.         0.
  0.         0.         0.         0.         0.         0.
  0.         0.         0.         0.         0.         0.
  0.18027303 0.8        0.         0.         0.         0.
  0.         0.8        0.8        0.         0.         0.
  0.         0.         0.         0.         0.         0.
  0.         0.         0.8        0.         0.         0.
  0.         0.8        0.         0.         0.         0.
  0.         0.         0.         0.8        0.         0.
  0.         0.         0.         0.         0.         0.
  0.         0.         0.         0.         0.         0.
  0.08297931 0.         0.         0.         0.         0.
  0.         0.         0.         0.         0.         0.
  0.         0.8        0.         0.         0.         0.
  0.08630174 0.         0.         0.         0.8        0.8
  0.         0.         0.         0.         0.         0.
  0.         0.         0.         0.         0.         0.
  0.         0.         0.8        0.         0.         0.
  0.         0.         0.1714402  0.         0.         0.8
  0.         0.         0.8        0.         0.         0.
  0.         0.         0.09648754 0.         0.8        0.
  0.         0.         0.         0.         0.09648754 0.
  0.         0.         0.         0.         0.         0.
  0.         0.         0.         0.         0.         0.
  0.         0.09958583 0.         1.         0.         0.
  0.         0.         0.         0.         0.11027147 0.
  0.        ]]"
"[[0.         0.         0.         0.         0.         0.
  0.         0.         0.         0.         0.         0.
  0.         0.         0.         0.         0.         0.
  0.         0.         0.         0.         0.         0.
  0.         0.128      0.         0.         0.         0.
  0.         0.         0.29866667 0.         0.         0.
  0.         0.         0.         0.         0.         0.
  0.         0.         0.         0.         0.         0.
  0.         0.         0.         0.256      0.         0.
  0.         0.         0.         0.8        0.         0.
  0.         0.         0.         0.2048     0.64       0.
  0.         0.         0.         0.         0.29866667 0.
  0.256      0.         0.         0.256      0.         0.
  0.64       0.         0.         0.         0.         0.
  0.8        0.64       0.         0.         0.         0.
  0.         0.         0.         0.         0.         0.64
  0.         0.256      0.         0.         0.         0.
  0.         0.         0.         0.8        0.         0.
  0.         0.         0.         0.         0.         0.
  0.         0.64       0.         0.         0.         0.
  0.         0.         0.         0.         0.         0.
  0.         0.         0.         0.128      0.         0.
  0.         0.         0.         0.         0.         0.
  0.         0.         0.         0.         0.         0.
  0.         0.         0.         0.         0.         0.
  0.         0.         0.         0.         0.         0.
  0.         0.         0.         0.         0.         0.
  0.         0.         0.         0.         0.         0.
  0.         0.         0.         0.         0.         0.
  0.         0.         0.         0.         0.8        0.
  0.         0.         0.         0.         0.         0.
  0.         0.         0.         0.         0.         0.
  0.         0.8        0.         0.         0.         0.
  0.         0.128      0.         0.         0.         0.
  0.         0.2048     0.         0.         0.         0.
  0.         0.         0.         0.64       0.         0.
  0.         0.04266667 0.         0.         0.         0.
  0.         0.         0.         0.         0.         0.
  0.         0.         0.2048     0.         0.         0.04266667
  0.         0.         0.         0.8        0.         0.
  0.         0.         0.         0.         0.         0.
  0.         0.         0.         0.         0.         0.
  0.         0.         0.         0.         0.         0.
  0.         0.         0.         0.         0.         0.
  0.         0.         0.         0.         0.         0.8
  0.         0.         0.         0.         0.2048     0.
  0.         0.         0.         0.64       0.         0.
  0.         0.         0.         0.         0.         0.
  0.         0.         0.8        0.         0.         0.
  0.04266667 0.         0.         0.         0.         0.29866667
  0.         0.         0.         0.8        0.         0.
  0.         0.         0.         0.         0.8        0.
  0.         0.         0.         0.         0.         0.
  0.         0.         0.         0.         0.         0.
  0.         0.         0.         0.         0.29866667 0.
  0.         0.         0.         0.         0.04266667 0.
  0.         0.         0.         0.         0.         0.
  0.         0.         0.         0.256      0.         0.
  0.         0.         0.         0.         0.         0.
  0.         0.         0.         0.         0.         0.
  0.         0.         0.8        0.         0.256      0.
  0.         0.         0.8        0.         0.         0.
  0.         0.         0.         0.         0.         0.
  0.         0.         0.         0.         0.         0.
  0.         0.256      0.         0.2048     0.         0.
  0.         0.         0.         0.         0.         0.8
  0.         0.         0.         0.         0.         0.
  0.         0.         0.         0.2048     0.         0.8
  0.         0.         0.         0.         0.         0.
  0.         0.         0.         0.         0.         0.
  0.         0.         0.         0.         0.         0.
  0.         0.         0.         0.64       0.         0.
  0.         0.         0.         0.8        0.         0.
  0.         0.         0.         0.         0.         0.
  0.8        0.8        0.         0.         0.         0.
  0.         0.         0.         0.         0.         0.
  0.         0.         0.         0.         1.         0.
  0.         0.8        0.2048     0.256      0.         0.
  0.        ]]"
"[[0.         0.         0.         0.         0.         0.
  0.         0.         0.         0.         0.         0.
  0.         0.         0.         0.1152     0.         0.04065593
  0.         0.         0.         0.         0.         0.
  0.         0.         0.1152     0.1152     0.         0.04978639
  0.1152     0.         0.         0.         0.         0.
  0.         0.         0.         0.1152     0.         0.
  0.         0.1152     0.         0.         0.         0.
  0.         0.         0.1152     0.         0.         0.
  0.         0.06102698 0.         0.         0.         0.
  0.06102698 0.05100146 0.1152     0.         0.         0.
  0.         0.         0.         0.         0.         0.06102698
  0.         0.         0.1152     0.         0.         0.
  0.         0.         0.         0.         0.         0.
  0.         0.         0.         0.         0.         0.
  0.         0.06102698 0.         0.         0.         0.
  0.         0.         0.06102698 0.         0.         0.
  0.         0.06761735 0.04978639 0.         0.06102698 0.
  0.         0.         0.         0.07142535 0.34495918 0.
  0.34495918 0.         0.         0.44493412 0.         0.44493412
  0.         0.         0.         0.         0.         0.06102698
  0.         0.1152     0.         0.         0.         0.
  0.         0.         0.         0.         0.         0.06102698
  0.06102698 0.         0.         0.         0.         0.
  0.06102698 0.         0.         0.1152     0.         0.
  0.         0.04065593 0.         0.         0.         0.07142535
  0.1152     0.         0.         0.06102698 0.         0.
  0.         0.         0.34495918 0.         0.032      0.
  0.1152     0.         0.04065593 0.1152     0.         0.
  0.         0.         0.         0.         0.         0.
  0.         0.06102698 0.         0.         0.         0.
  0.06102698 0.         0.1152     0.         0.         0.
  0.         0.         0.1152     0.         0.         0.064
  0.06102698 0.         0.         0.         0.         0.06102698
  0.         0.         0.         0.         0.         0.
  0.         0.         0.         0.         0.         0.
  0.06102698 0.         0.         0.07142535 0.04978639 0.
  0.         0.06102698 0.06380935 0.03051349 0.         0.
  0.06102698 0.         0.         0.         0.         0.
  0.         0.06102698 0.06102698 0.         0.         0.1152
  0.         0.1152     0.         0.06102698 0.06380935 0.
  0.         0.         0.         0.         0.         0.0338943
  0.         0.1152     0.         0.         0.         0.05100146
  0.06102698 0.         0.         0.1152     0.04260312 0.
  0.         0.         0.         0.1152     0.1152     0.
  0.         0.         0.         0.         0.         0.
  0.         0.         0.         0.         0.         0.
  0.         0.         0.06102698 0.         0.         0.06102698
  0.1152     0.06634801 0.         0.         0.         0.06102698
  0.         0.         0.         0.         0.         0.
  0.1152     0.         0.         0.         0.         0.19978052
  0.         0.23214255 0.         0.         0.         0.
  0.         0.         0.1152     0.         0.06102698 0.1152
  0.         0.         0.1152     0.38256472 0.1152     0.
  0.         0.         0.1152     0.         0.         0.
  0.         0.         0.06102698 0.         0.         0.
  0.06102698 0.         0.         0.07142535 0.06102698 0.
  0.         0.07142535 0.         0.         0.         0.
  0.34495918 0.         0.         0.         0.06102698 0.06102698
  0.1152     0.         0.06102698 0.         0.06102698 0.1152
  0.06102698 0.         0.         0.         0.         0.07142535
  0.06102698 0.         0.         0.         0.         0.06102698
  0.         0.         0.06102698 0.1152     0.06102698 0.06102698
  0.         0.         0.06102698 0.07142535 0.         0.06761735
  0.         0.         0.06102698 0.         0.3116342  0.
  0.07142535 0.         0.23214255 0.23214255 0.04978639 0.
  0.         0.         0.         0.1152     0.         0.
  0.         0.         0.05084145 0.         0.06761735 0.
  0.         0.         0.         0.         0.064      0.
  0.         0.1152     0.         0.07142535 0.06380935 0.
  0.         0.1152     0.         0.         0.         0.
  0.         0.         0.         0.         0.06102698 0.0536466
  0.         0.         0.         0.         0.         0.
  0.         0.1152     0.1152     0.         0.         0.
  0.         0.         0.         0.         0.         0.
  0.06102698 0.06102698 0.         0.         0.         0.
  0.         0.         0.         0.         0.         1.
  0.1152     0.         0.         0.         0.         0.
  0.        ]]"
"[[0.         0.         0.         0.         0.         0.
  0.         0.         0.         0.         0.         0.
  0.         0.         0.         0.64       0.         0.08533333
  0.         0.         0.         0.         0.         0.
  0.         0.         0.64       0.64       0.         0.
  0.8        0.         0.         0.         0.         0.
  0.         0.         0.         0.64       0.         0.
  0.         0.64       0.         0.         0.         0.
  0.         0.         0.8        0.         0.         0.
  0.         0.256      0.         0.         0.         0.
  0.256      0.128      0.64       0.         0.         0.
  0.         0.         0.         0.         0.         0.256
  0.         0.         0.64       0.         0.         0.
  0.         0.         0.         0.         0.         0.
  0.         0.         0.         0.         0.         0.
  0.         0.256      0.         0.         0.         0.
  0.         0.         0.256      0.         0.         0.
  0.         0.192      0.         0.         0.256      0.
  0.         0.         0.         0.21333333 0.07893333 0.
  0.07893333 0.         0.         0.128      0.         0.128
  0.         0.         0.         0.         0.         0.256
  0.         0.8        0.         0.         0.         0.
  0.         0.         0.         0.         0.         0.256
  0.256      0.         0.         0.         0.         0.
  0.256      0.         0.         0.64       0.         0.
  0.         0.08533333 0.         0.         0.         0.21333333
  0.8        0.         0.         0.256      0.         0.
  0.         0.         0.07893333 0.         0.         0.
  0.64       0.         0.08533333 0.64       0.         0.
  0.         0.         0.         0.         0.         0.
  0.         0.256      0.         0.         0.         0.
  0.256      0.         0.64       0.         0.         0.
  0.         0.         0.8        0.         0.         0.
  0.256      0.         0.         0.         0.         0.256
  0.         0.         0.         0.         0.         0.
  0.         0.         0.         0.         0.         0.
  0.256      0.         0.         0.21333333 0.         0.
  0.         0.256      0.17066667 0.128      0.         0.
  0.256      0.         0.         0.         0.         0.
  0.         0.256      0.256      0.         0.         0.8
  0.         0.64       0.         0.256      0.17066667 0.
  0.         0.         0.         0.         0.         0.11377778
  0.         0.64       0.         0.         0.         0.128
  0.256      0.         0.         0.64       0.05688889 0.
  0.         0.         0.         0.64       0.8        0.
  0.         0.         0.         0.         0.         0.
  0.         0.         0.         0.         0.         0.
  0.         0.         0.256      0.         0.         0.256
  0.8        0.18488889 0.         0.         0.         0.256
  0.         0.         0.         0.         0.         0.
  0.8        0.         0.         0.         0.         0.03754667
  0.         0.03413333 0.         0.         0.         0.
  0.         0.         0.64       0.         0.256      0.64
  0.         0.         0.8        0.09386667 0.8        0.
  0.         0.         0.64       0.         0.         0.
  0.         0.         0.256      0.         0.         0.
  0.256      0.         0.         0.21333333 0.256      0.
  0.         0.21333333 0.         0.         0.         0.
  0.07893333 0.         0.         0.         0.256      0.256
  0.64       0.         0.256      0.         0.256      0.64
  0.256      0.         0.         0.         0.         0.21333333
  0.256      0.         0.         0.         0.         0.256
  0.         0.         0.256      0.64       0.256      0.256
  0.         0.         0.256      0.21333333 0.         0.192
  0.         0.         0.256      0.         0.06257778 0.
  0.21333333 0.         0.03413333 0.03413333 0.         0.
  0.         0.         0.         0.72       0.         0.
  0.         0.         0.17066667 0.         0.192      0.
  0.         0.         0.         0.         0.         0.
  0.         0.8        0.         0.21333333 0.17066667 0.
  0.         0.64       0.         0.         0.         0.
  0.         0.         0.         0.         0.256      0.15847619
  0.         0.         0.         0.         0.         0.
  0.         0.64       0.64       0.         0.         0.
  0.         0.         0.         0.         0.         0.
  0.256      0.256      0.         0.         0.         0.
  0.         0.         0.         0.         0.         0.1152
  1.         0.         0.         0.         0.         0.
  0.        ]]"
"[[0.         0.         0.         0.         0.         0.
  0.         0.         0.         0.         0.         0.
  0.         0.         0.         0.         0.         0.
  0.         0.         0.         0.         0.         0.
  0.         0.128      0.         0.         0.         0.
  0.         0.         0.29866667 0.         0.         0.
  0.         0.         0.         0.         0.         0.
  0.         0.         0.         0.         0.         0.
  0.         0.         0.         0.256      0.         0.
  0.         0.         0.         0.8        0.         0.
  0.         0.         0.         0.2048     0.64       0.
  0.         0.         0.         0.         0.29866667 0.
  0.256      0.         0.         0.256      0.         0.
  0.64       0.         0.         0.         0.         0.
  0.8        0.64       0.         0.         0.         0.
  0.         0.         0.         0.         0.         0.64
  0.         0.256      0.         0.         0.         0.
  0.         0.         0.         0.8        0.         0.
  0.         0.         0.         0.         0.         0.
  0.         0.64       0.         0.         0.         0.
  0.         0.         0.         0.         0.         0.
  0.         0.         0.         0.128      0.         0.
  0.         0.         0.         0.         0.         0.
  0.         0.         0.         0.         0.         0.
  0.         0.         0.         0.         0.         0.
  0.         0.         0.         0.         0.         0.
  0.         0.         0.         0.         0.         0.
  0.         0.         0.         0.         0.         0.
  0.         0.         0.         0.         0.         0.
  0.         0.         0.         0.         0.8        0.
  0.         0.         0.         0.         0.         0.
  0.         0.         0.         0.         0.         0.
  0.         0.8        0.         0.         0.         0.
  0.         0.128      0.         0.         0.         0.
  0.         0.2048     0.         0.         0.         0.
  0.         0.         0.         0.64       0.         0.
  0.         0.04266667 0.         0.         0.         0.
  0.         0.         0.         0.         0.         0.
  0.         0.         0.2048     0.         0.         0.04266667
  0.         0.         0.         0.8        0.         0.
  0.         0.         0.         0.         0.         0.
  0.         0.         0.         0.         0.         0.
  0.         0.         0.         0.         0.         0.
  0.         0.         0.         0.         0.         0.
  0.         0.         0.         0.         0.         0.8
  0.         0.         0.         0.         0.2048     0.
  0.         0.         0.         0.64       0.         0.
  0.         0.         0.         0.         0.         0.
  0.         0.         0.8        0.         0.         0.
  0.04266667 0.         0.         0.         0.         0.29866667
  0.         0.         0.         0.8        0.         0.
  0.         0.         0.         0.         0.8        0.
  0.         0.         0.         0.         0.         0.
  0.         0.         0.         0.         0.         0.
  0.         0.         0.         0.         0.29866667 0.
  0.         0.         0.         0.         0.04266667 0.
  0.         0.         0.         0.         0.         0.
  0.         0.         0.         0.256      0.         0.
  0.         0.         0.         0.         0.         0.
  0.         0.         0.         0.         0.         0.
  0.         0.         0.8        0.         0.256      0.
  0.         0.         0.8        0.         0.         0.
  0.         0.         0.         0.         0.         0.
  0.         0.         0.         0.         0.         0.
  0.         0.256      0.         0.2048     0.         0.
  0.         0.         0.         0.         0.         0.8
  0.         0.         0.         0.         0.         0.
  0.         0.         0.         0.2048     0.         0.8
  0.         0.         0.         0.         0.         0.
  0.         0.         0.         0.         0.         0.
  0.         0.         0.         0.         0.         0.
  0.         0.         0.         0.64       0.         0.
  0.         0.         0.         0.8        0.         0.
  0.         0.         0.         0.         0.         0.
  0.8        0.8        0.         0.         0.         0.
  0.         0.         0.         0.         0.         0.
  0.         0.         0.         0.         0.8        0.
  0.         1.         0.2048     0.256      0.         0.
  0.        ]]"
"[[0.         0.         0.         0.         0.         0.
  0.         0.         0.         0.         0.         0.
  0.         0.         0.         0.         0.         0.
  0.         0.         0.         0.         0.         0.
  0.         0.08533333 0.         0.         0.         0.
  0.         0.         0.12515556 0.         0.         0.
  0.         0.         0.         0.         0.         0.
  0.         0.         0.         0.         0.         0.
  0.         0.         0.         0.17066667 0.         0.
  0.         0.         0.         0.2048     0.         0.
  0.         0.         0.         0.72       0.2048     0.
  0.         0.         0.         0.         0.12515556 0.
  0.17066667 0.         0.         0.17066667 0.         0.
  0.2048     0.         0.         0.         0.         0.
  0.2048     0.2048     0.         0.         0.         0.
  0.         0.         0.         0.         0.         0.2048
  0.         0.17066667 0.         0.         0.         0.
  0.         0.         0.         0.2048     0.         0.
  0.         0.         0.         0.         0.         0.
  0.         0.2048     0.         0.         0.         0.
  0.         0.         0.         0.         0.         0.
  0.         0.         0.         0.08533333 0.         0.
  0.         0.         0.         0.         0.         0.
  0.         0.         0.         0.         0.         0.
  0.         0.         0.         0.         0.         0.
  0.         0.         0.         0.         0.         0.
  0.         0.         0.         0.         0.         0.
  0.         0.         0.         0.         0.         0.
  0.         0.         0.         0.         0.         0.
  0.         0.         0.         0.         0.2048     0.
  0.         0.         0.         0.         0.         0.
  0.         0.         0.         0.         0.         0.
  0.         0.2048     0.         0.         0.         0.
  0.         0.08533333 0.         0.         0.         0.
  0.         0.72       0.         0.         0.         0.
  0.         0.         0.         0.2048     0.         0.
  0.         0.02844444 0.         0.         0.         0.
  0.         0.         0.         0.         0.         0.
  0.         0.         0.72       0.         0.         0.02844444
  0.         0.         0.         0.2048     0.         0.
  0.         0.         0.         0.         0.         0.
  0.         0.         0.         0.         0.         0.
  0.         0.         0.         0.         0.         0.
  0.         0.         0.         0.         0.         0.
  0.         0.         0.         0.         0.         0.2048
  0.         0.         0.         0.         0.72       0.
  0.         0.         0.         0.2048     0.         0.
  0.         0.         0.         0.         0.         0.
  0.         0.         0.2048     0.         0.         0.
  0.02844444 0.         0.         0.         0.         0.12515556
  0.         0.         0.         0.2048     0.         0.
  0.         0.         0.         0.         0.2048     0.
  0.         0.         0.         0.         0.         0.
  0.         0.         0.         0.         0.         0.
  0.         0.         0.         0.         0.12515556 0.
  0.         0.         0.         0.         0.02844444 0.
  0.         0.         0.         0.         0.         0.
  0.         0.         0.         0.17066667 0.         0.
  0.         0.         0.         0.         0.         0.
  0.         0.         0.         0.         0.         0.
  0.         0.         0.2048     0.         0.17066667 0.
  0.         0.         0.2048     0.         0.         0.
  0.         0.         0.         0.         0.         0.
  0.         0.         0.         0.         0.         0.
  0.         0.17066667 0.         0.72       0.         0.
  0.         0.         0.         0.         0.         0.2048
  0.         0.         0.         0.         0.         0.
  0.         0.         0.         0.72       0.         0.2048
  0.         0.         0.         0.         0.         0.
  0.         0.         0.         0.         0.         0.
  0.         0.         0.         0.         0.         0.
  0.         0.         0.         0.2048     0.         0.
  0.         0.         0.         0.2048     0.         0.
  0.         0.         0.         0.         0.         0.
  0.2048     0.2048     0.         0.         0.         0.
  0.         0.         0.         0.         0.         0.
  0.         0.         0.         0.         0.2048     0.
  0.         0.2048     1.         0.17066667 0.         0.
  0.        ]]"
"[[0.         0.         0.         0.         0.         0.
  0.         0.         0.         0.         0.         0.
  0.         0.         0.         0.         0.         0.
  0.         0.         0.         0.         0.         0.
  0.         0.32       0.         0.         0.         0.
  0.         0.         0.29866667 0.         0.         0.
  0.         0.         0.         0.         0.         0.
  0.         0.         0.         0.         0.         0.
  0.         0.         0.         0.8        0.         0.
  0.         0.         0.         0.256      0.         0.
  0.         0.         0.         0.17066667 0.256      0.
  0.         0.         0.         0.         0.29866667 0.
  0.8        0.         0.         0.8        0.         0.
  0.256      0.         0.         0.         0.         0.
  0.256      0.256      0.         0.         0.         0.
  0.         0.         0.         0.         0.         0.256
  0.         0.8        0.         0.         0.         0.
  0.         0.         0.         0.256      0.         0.
  0.         0.         0.         0.         0.         0.
  0.         0.256      0.         0.         0.         0.
  0.         0.         0.         0.         0.         0.
  0.         0.         0.         0.32       0.         0.
  0.         0.         0.         0.         0.         0.
  0.         0.         0.         0.         0.         0.
  0.         0.         0.         0.         0.         0.
  0.         0.         0.         0.         0.         0.
  0.         0.         0.         0.         0.         0.
  0.         0.         0.         0.         0.         0.
  0.         0.         0.         0.         0.         0.
  0.         0.         0.         0.         0.256      0.
  0.         0.         0.         0.         0.         0.
  0.         0.         0.         0.         0.         0.
  0.         0.256      0.         0.         0.         0.
  0.         0.32       0.         0.         0.         0.
  0.         0.17066667 0.         0.         0.         0.
  0.         0.         0.         0.256      0.         0.
  0.         0.10666667 0.         0.         0.         0.
  0.         0.         0.         0.         0.         0.
  0.         0.         0.17066667 0.         0.         0.10666667
  0.         0.         0.         0.256      0.         0.
  0.         0.         0.         0.         0.         0.
  0.         0.         0.         0.         0.         0.
  0.         0.         0.         0.         0.         0.
  0.         0.         0.         0.         0.         0.
  0.         0.         0.         0.         0.         0.256
  0.         0.         0.         0.         0.17066667 0.
  0.         0.         0.         0.256      0.         0.
  0.         0.         0.         0.         0.         0.
  0.         0.         0.256      0.         0.         0.
  0.10666667 0.         0.         0.         0.         0.29866667
  0.         0.         0.         0.256      0.         0.
  0.         0.         0.         0.         0.256      0.
  0.         0.         0.         0.         0.         0.
  0.         0.         0.         0.         0.         0.
  0.         0.         0.         0.         0.29866667 0.
  0.         0.         0.         0.         0.10666667 0.
  0.         0.         0.         0.         0.         0.
  0.         0.         0.         0.8        0.         0.
  0.         0.         0.         0.         0.         0.
  0.         0.         0.         0.         0.         0.
  0.         0.         0.256      0.         0.8        0.
  0.         0.         0.256      0.         0.         0.
  0.         0.         0.         0.         0.         0.
  0.         0.         0.         0.         0.         0.
  0.         0.8        0.         0.17066667 0.         0.
  0.         0.         0.         0.         0.         0.256
  0.         0.         0.         0.         0.         0.
  0.         0.         0.         0.17066667 0.         0.256
  0.         0.         0.         0.         0.         0.
  0.         0.         0.         0.         0.         0.
  0.         0.         0.         0.         0.         0.
  0.         0.         0.         0.256      0.         0.
  0.         0.         0.         0.256      0.         0.
  0.         0.         0.         0.         0.         0.
  0.256      0.256      0.         0.         0.         0.
  0.         0.         0.         0.         0.         0.
  0.         0.         0.         0.         0.256      0.
  0.         0.256      0.17066667 1.         0.         0.
  0.        ]]"
"[[0.         0.         0.         0.         0.         0.
  0.         0.         0.         0.         0.         0.
  0.         0.         0.         0.         0.         0.
  0.11027147 0.         0.         0.11027147 0.         0.
  0.         0.         0.         0.         0.10599132 0.
  0.         0.0988269  0.         0.         0.         0.
  0.         0.11027147 0.         0.         0.11027147 0.
  0.         0.         0.19004963 0.         0.         0.
  0.         0.         0.         0.         0.         0.
  0.         0.         0.         0.         0.21318598 0.
  0.         0.         0.         0.         0.         0.11027147
  0.         0.         0.         0.         0.         0.
  0.         0.         0.         0.         0.         0.
  0.         0.         0.11027147 0.11027147 0.21799432 0.
  0.         0.         0.         0.19223275 0.         0.11027147
  0.         0.         0.         0.         0.         0.
  0.11027147 0.         0.         0.11027147 0.         0.
  0.         0.         0.         0.         0.         0.
  0.11027147 0.11027147 0.         0.         0.         0.
  0.         0.         0.         0.         0.         0.
  0.         0.         0.22534873 0.         0.         0.
  0.         0.         0.         0.         0.11027147 0.
  0.         0.         0.         0.         0.         0.
  0.         0.         0.         0.21431007 0.11027147 0.
  0.         0.         0.         0.         0.         0.
  0.         0.         0.         0.         0.         0.
  0.         0.         0.         0.         0.         0.11027147
  0.         0.         0.         0.         0.         0.11027147
  0.         0.         0.         0.         0.         0.
  0.         0.11027147 0.         0.         0.         0.
  0.         0.         0.         0.         0.         0.19004963
  0.         0.         0.         0.18752096 0.         0.
  0.         0.         0.         0.         0.         0.
  0.         0.         0.         0.         0.         0.
  0.11027147 0.         0.         0.         0.11027147 0.11027147
  0.         0.         0.         0.         0.         0.
  0.         0.         0.         0.         0.         0.
  0.         0.         0.         0.         0.         0.
  0.         0.         0.         0.         0.         0.
  0.         0.         0.         0.         0.         0.
  0.         0.         0.1718543  0.         0.         0.
  0.11027147 0.         0.         0.         0.11027147 0.
  0.         0.         0.20730254 0.         0.2123258  0.
  0.         0.         0.         0.         0.         0.
  0.         0.         0.         0.         0.         0.
  0.         0.         0.         0.         0.         0.
  0.         0.         0.         0.         0.         0.
  0.         0.         0.         0.         0.         0.
  0.         0.         0.         0.         0.11027147 0.
  0.         0.         0.         0.         0.         0.
  0.         0.         0.11027147 0.         0.09313998 0.
  0.11027147 0.         0.         0.         0.         0.
  0.         0.         0.         0.         0.         0.
  0.         0.         0.         0.         0.         0.
  0.         0.         0.         0.         0.         0.
  0.10599132 0.11027147 0.         0.         0.         0.
  0.         0.11027147 0.11027147 0.         0.         0.
  0.         0.         0.         0.         0.         0.
  0.         0.         0.11027147 0.         0.         0.
  0.         0.11027147 0.         0.         0.         0.
  0.         0.         0.         0.11027147 0.         0.
  0.         0.         0.         0.         0.         0.
  0.         0.         0.         0.         0.         0.
  0.22828141 0.         0.         0.         0.         0.
  0.         0.         0.         0.         0.         0.
  0.         0.11027147 0.         0.         0.         0.
  0.22502515 0.         0.         0.         0.11027147 0.11027147
  0.         0.         0.         0.         0.         0.
  0.         0.         0.         0.         0.         0.
  0.         0.         0.11027147 0.         0.         0.
  0.         0.         0.0988269  0.         0.         0.11027147
  0.         0.         0.11027147 0.         0.         0.
  0.         0.         0.18957842 0.         0.11027147 0.
  0.         0.         0.         0.         0.18957842 0.
  0.         0.         0.         0.25142857 0.         0.
  0.         0.         0.         0.         0.         0.
  0.         0.22172457 0.         0.11027147 0.         0.
  0.         0.         0.         0.         1.         0.
  0.        ]]"
"[[0.  0.  0.  0.  0.  0.  0.  0.  0.  0.  0.  0.  0.  0.  0.  0.  0.  0.
  0.  0.  0.  0.  0.  0.  0.  0.  0.  0.  0.  0.  0.  0.  0.  0.  0.  0.
  0.  0.  0.  0.  0.  0.  0.  0.  0.  0.  0.  0.  0.  0.  0.  0.  0.  0.
  0.  0.  0.  0.  0.  0.  0.  0.  0.  0.  0.  0.  0.  0.  0.  0.  0.  0.
  0.  0.  0.  0.  0.  0.  0.  0.  0.  0.  0.  0.  0.  0.  0.  0.  0.  0.
  0.  0.  0.  0.  0.  0.  0.  0.  0.  0.  0.  0.  0.  0.  0.  0.  0.  0.
  0.  0.  0.  0.  0.  0.  0.  0.  0.  0.  0.  0.  0.  0.  0.  0.  0.  0.
  0.  0.  0.  0.  0.  0.  0.  0.  0.  0.  0.  0.  0.  0.  0.  0.  0.  0.
  0.  0.  0.  0.  0.  0.  0.  0.  0.  0.  0.  0.  0.  0.  0.  0.  0.8 0.
  0.  0.  0.  0.  0.  0.  0.  0.  0.  0.  0.  0.  0.  0.  0.  0.  0.  0.
  0.  0.  0.  0.  0.  0.  0.  0.  0.  0.  0.  0.  0.  0.  0.  0.  0.  0.
  0.  0.  0.  0.  0.  0.  0.  0.  0.  0.  0.  0.  0.  0.  0.  0.  0.  0.
  0.  0.  0.  0.  0.  0.  0.  0.  0.  0.  0.  0.  0.  0.  0.  0.  0.  0.
  0.  0.  0.  0.  0.  0.  0.  0.  0.  0.  0.  0.  0.  0.  0.  0.  0.  0.
  0.  0.  0.  0.  0.  0.  0.  0.  0.  0.  0.  0.  0.  0.  0.  0.  0.  0.
  0.  0.  0.  0.  0.  0.  0.  0.  0.  0.  0.  0.  0.  0.  0.  0.  0.  0.
  0.  0.  0.  0.  0.  0.  0.  0.  0.  0.  0.  0.  0.  0.  0.  0.  0.  0.
  0.  0.  0.  0.  0.  0.  0.  0.  0.  0.  0.  0.  0.  0.  0.  0.  0.  0.
  0.  0.  0.  0.  0.  0.  0.  0.  0.  0.  0.  0.  0.  0.  0.  0.  0.  0.
  0.  0.  0.  0.  0.  0.  0.  0.  0.  0.  0.  0.  0.  0.  0.  0.  0.  0.
  0.  0.  0.  0.  0.  0.  0.  0.  0.  0.  0.  0.  0.  0.  0.  0.  0.  0.
  0.  0.  0.  0.  0.  0.  0.  0.  0.  0.  0.  0.  0.  0.  0.  0.  0.  0.
  0.  0.  0.  0.  0.  0.  0.  0.  0.  0.  0.  0.  0.  0.  0.  0.  0.  0.
  0.  0.  0.  0.  0.  0.  0.  0.  0.  0.  0.  0.  0.  0.  0.  0.  0.  0.
  0.  0.  0.  0.  0.  0.  0.  0.  0.  0.  0.  0.  0.  0.  0.  0.  0.  0.
  0.  0.  0.  0.  0.  0.  0.  0.  0.  0.  0.  0.  0.  0.  0.  0.  0.  1.
  0. ]]"
"[[0. 0. 0. 0. 0. 0. 0. 0. 0. 0. 0. 0. 0. 0. 0. 0. 0. 0. 0. 0. 0. 0. 0. 0.
  0. 0. 0. 0. 0. 0. 0. 0. 0. 0. 0. 0. 0. 0. 0. 0. 0. 0. 0. 0. 0. 0. 0. 0.
  0. 0. 0. 0. 0. 0. 0. 0. 0. 0. 0. 0. 0. 0. 0. 0. 0. 0. 0. 0. 0. 0. 0. 0.
  0. 0. 0. 0. 0. 0. 0. 0. 0. 0. 0. 0. 0. 0. 0. 0. 0. 0. 0. 0. 0. 0. 0. 0.
  0. 0. 0. 0. 0. 0. 0. 0. 0. 0. 0. 0. 0. 0. 0. 0. 0. 0. 0. 0. 0. 0. 0. 0.
  0. 0. 0. 0. 0. 0. 0. 0. 0. 0. 0. 0. 0. 0. 0. 0. 0. 0. 0. 0. 0. 0. 0. 0.
  0. 0. 0. 0. 0. 0. 0. 0. 0. 0. 0. 0. 0. 0. 0. 0. 0. 0. 0. 0. 0. 0. 0. 0.
  0. 0. 0. 0. 0. 0. 0. 0. 0. 0. 0. 0. 0. 0. 0. 0. 0. 0. 0. 0. 0. 0. 0. 0.
  0. 0. 0. 0. 0. 0. 0. 0. 0. 0. 0. 0. 0. 0. 0. 0. 0. 0. 0. 0. 0. 0. 0. 0.
  0. 0. 0. 0. 0. 0. 0. 0. 0. 0. 0. 0. 0. 0. 0. 0. 0. 0. 0. 0. 0. 0. 0. 0.
  0. 0. 0. 0. 0. 0. 0. 0. 0. 0. 0. 0. 0. 0. 0. 0. 0. 0. 0. 0. 0. 0. 0. 0.
  0. 0. 0. 0. 0. 0. 0. 0. 0. 0. 0. 0. 0. 0. 0. 0. 0. 0. 0. 0. 0. 0. 0. 0.
  0. 0. 0. 0. 0. 0. 0. 0. 0. 0. 0. 0. 0. 0. 0. 0. 0. 0. 0. 0. 0. 0. 0. 0.
  0. 0. 0. 0. 0. 0. 0. 0. 0. 0. 0. 0. 0. 0. 0. 0. 0. 0. 0. 0. 0. 0. 0. 0.
  0. 0. 0. 0. 0. 0. 0. 0. 0. 0. 0. 0. 0. 0. 0. 0. 0. 0. 0. 0. 0. 0. 0. 0.
  0. 0. 0. 0. 0. 0. 0. 0. 0. 0. 0. 0. 0. 0. 0. 0. 0. 0. 0. 0. 0. 0. 0. 0.
  0. 0. 0. 0. 0. 0. 0. 0. 0. 0. 0. 0. 0. 0. 0. 0. 0. 0. 0. 0. 0. 0. 0. 0.
  0. 0. 0. 0. 0. 0. 0. 0. 0. 0. 0. 0. 0. 0. 0. 0. 0. 0. 0. 0. 0. 0. 0. 0.
  0. 0. 0. 0. 0. 0. 0. 0. 0. 0. 0. 0. 0. 0. 0. 0. 0. 0. 0. 0. 0. 0. 0. 0.
  0. 0. 0. 0. 0. 0. 0. 0. 0. 0. 0. 0. 1.]]"
